return {{{2460.40552, 198.192093, 604.461426, -0.165240049, 0.00399490632, 0.986245275, 0.0021775444, 0.999990821, -0.00368574867, -0.986250997, 0.00153855956, -0.165247232},{-0.006573461927473545, 0.003610738320276141, 0.027596810832619667},{-0.008118423633277416, 0.003142427885904908, 0.019944176077842712},{-0.010756000876426697, -0.00008402384992223233, 0.00211441982537508},{-0.01070065051317215, -0.00003192978329025209, 0.0014617375563830137},{0},{0},{0}},{{2460.40527, 198.189987, 604.459412, -0.165205449, 0.00374917057, 0.986252069, 0.000678056967, 0.999992967, -0.00368782552, -0.986258924, 5.94862395e-05, -0.165206835},{-0.012597483582794666, 0.0034321434795856476, 0.031207552179694176},{-0.015112792141735554, 0.0031586468685418367, 0.0191023051738739},{-0.018647130578756332, 0.0001655018568271771, 0.002770601771771908},{-0.018306264653801918, 0.0001918192720040679, 0.0034215450286865234},{0},{0},{0}},{{2460.40479, 198.188492, 604.458069, -0.165195554, 0.00357663352, 0.986254334, -0.000323094369, 0.999993145, -0.00368057471, -0.986260772, -0.000926667766, -0.16519326},{0.0008123274310491979, 0.0008202159078791738, 0.023302752524614334},{0.0003676674677990377, 0.0016940267523750663, 0.021583953872323036},{-0.004260275047272444, 0.00018319646187592298, 0.00024271017173305154},{-0.00390882883220911, 0.00021164950157981366, 0.0013259522384032607},{0},{0},{0}},{{2460.40479, 198.188354, 604.458008, -0.165203348, 0.00354861747, 0.986253142, -0.000300576969, 0.999993324, -0.00364840403, -0.98625946, -0.000899173552, -0.165201172},{0.004951416049152613, 0.000006978903911658563, 0.02100413851439953},{0.005358113441616297, -0.000364578707376495, 0.02210341952741146},{0.0011889188317582011, 0.000052243041864130646, 0.00007710860518272966},{0.0014579597627744079, 0.00007316825940506533, 0.00048125447938218713},{0},{0},{0}},{{2460.40479, 198.188232, 604.458069, -0.165202379, 0.00351611874, 0.98625344, -0.000253388629, 0.999993443, -0.00360754761, -0.986259639, -0.00084588083, -0.165200397},{0.0038122544065117836, 0.0001368707453366369, 0.021686900407075882},{0.003783248132094741, -0.00013317451521288604, 0.021993817761540413},{0.00006898761057527736, 0.000004358703790785512, 0.00015150048420764506},{0.0000981541452347301, 0.00004193811764707789, 0.00036095819086767733},{0},{0},{0}},{{2460.40479, 198.18811, 604.458069, -0.165202573, 0.00347655686, 0.9862535, -0.000241268412, 0.999993622, -0.00356540456, -0.986259639, -0.000826965843, -0.16520068},{0.0035697182174772024, 0.000194435880985111, 0.022125154733657837},{0.0036822413094341755, -0.00013633319758810103, 0.022099342197179794},{0.00008405987318838015, -0.0000223161987378262, 0.0006126656080596149},{0.00012176454765722156, -0.000007715048013778869, 0.0006038315477780998},{0},{0},{0}},{{2460.40137, 198.187836, 604.458618, -0.165207222, 0.00360331964, 0.986252308, -0.000236431049, 0.999993145, -0.00369312731, -0.986258864, -0.000843311951, -0.16520524},{0.026059752330183983, 0.0021601254120469093, 0.14044509828090668},{0.021762609481811523, -0.002138664713129401, 0.14124134182929993},{0.017301347106695175, 0.0014661296736449003, 0.11987670511007309},{0.022962536662817, -0.0013577152276411653, 0.11910539865493774},{0},{0.29014925099909306},{0}},{{2460.37231, 198.186798, 604.463562, -0.165215969, 0.00469026016, 0.986246288, -0.000205876189, 0.999988496, -0.00479010213, -0.986257374, -0.000994445989, -0.165213108},{0.1216202974319458, 0.010283942334353924, 0.6705280542373657},{0.10548444092273712, -0.01107887364923954, 0.6746916174888611},{0.09943680465221405, 0.008663268759846687, 0.649595320224762},{0.11828054487705231, -0.007809247821569443, 0.64829021692276},{0},{0.6898707468062639},{0}},{{2460.27686, 198.185379, 604.479675, -0.165232539, 0.00691398466, 0.986230373, -0.00016155011, 0.999975204, -0.00703740912, -0.986254632, -0.00132213451, -0.165227324},{0.3085542917251587, 0.029097948223352432, 1.7540463209152222},{0.2839689254760742, -0.02925512008368969, 1.7692979574203491},{0.2768228352069855, 0.024509521201252937, 1.7352404594421387},{0.30475106835365295, -0.02258514054119587, 1.735496163368225},{0},{1},{0}},{{2460.01367, 198.183685, 604.52356, -0.165239751, 0.00900696963, 0.986212313, -0.000260917761, 0.99995786, -0.00917622261, -0.986253381, -0.00177359697, -0.165230438},{0.5702705383300781, 0.056526005268096924, 3.3920888900756836},{0.5658587217330933, -0.054293442517519, 3.393223524093628},{0.5623495578765869, 0.05015171691775322, 3.385331153869629},{0.5706967115402222, -0.047661710530519485, 3.389594554901123},{0},{1},{0}},{{2459.5813, 198.182709, 604.596069, -0.165235981, 0.00876596197, 0.986215115, -0.000243988223, 0.999960124, -0.00892901327, -0.986254036, -0.00171601924, -0.165227249},{0.8444926738739014, 0.08538799732923508, 5.058119297027588},{0.8532692193984985, -0.08298742026090622, 5.058027744293213},{0.8488501310348511, 0.07527530938386917, 5.057405948638916},{0.8492638468742371, -0.07179252803325653, 5.065568923950195},{0},{1},{0}},{{2459.10742, 198.181976, 604.67572, -0.165243626, 0.00866577588, 0.986214697, -0.000156329246, 0.999961138, -0.00881275814, -0.986252785, -0.00161042635, -0.165235847},{1.093970537185669, 0.10954336076974869, 6.528680324554443},{1.0952656269073486, -0.10744962096214294, 6.528783798217773},{1.094352126121521, 0.09692796319723129, 6.522909164428711},{1.09522545337677, -0.09381267428398132, 6.531944274902344},{0},{1},{0}},{{2458.50879, 198.182159, 604.776062, -0.165253147, 0.00902616419, 0.986209869, -0.000122571771, 0.999957919, -0.00917252991, -0.986251175, -0.0016366709, -0.165245086},{1.3655071258544922, 0.13505122065544128, 8.13772201538086},{1.3620668649673462, -0.1322707086801529, 8.138901710510254},{1.3601782321929932, 0.12180409580469131, 8.127800941467285},{1.3645782470703125, -0.11801496893167496, 8.139455795288086},{0},{1},{0}},{{2457.72046, 198.182388, 604.907898, -0.165259451, 0.00979136303, 0.986201525, -0.00023185942, 0.99995029, -0.00996671896, -0.986250103, -0.00187575468, -0.165248975},{1.686739444732666, 0.163563534617424, 10.053955078125},{1.6819097995758057, -0.15839634835720062, 10.054449081420898},{1.678820013999939, 0.15368303656578064, 10.04282283782959},{1.6866097450256348, -0.14746016263961792, 10.056461334228516},{0},{1},{0}},{{2456.63745, 198.183838, 605.089233, -0.165272176, 0.0105620846, 0.986191452, -0.000355762895, 0.999941945, -0.0107689733, -0.986247957, -0.00213066186, -0.165258825},{2.059828758239746, 0.1987285017967224, 12.295445442199707},{2.062234878540039, -0.19071868062019348, 12.295302391052246},{2.0594980716705322, 0.1920815110206604, 12.295797348022461},{2.0627825260162354, -0.18441836535930634, 12.303364753723145},{0},{1},{0}},{{2455.5481, 198.193008, 605.271973, -0.165281162, 0.0110920072, 0.98618412, -0.000209862672, 0.999936342, -0.0112818554, -0.986246467, -0.00207164162, -0.165268317},{2.3986470699310303, 0.22877095639705658, 14.286794662475586},{2.3978111743927, -0.22293363511562347, 14.289916038513184},{2.399684429168701, 0.22700940072536469, 14.294928550720215},{2.397669792175293, -0.2217467874288559, 14.296255111694336},{0},{1},{0}},{{2453.93921, 198.203888, 605.542236, -0.165291891, 0.0120560862, 0.986171007, 5.53177233e-05, 0.999925375, -0.0122149643, -0.986244678, -0.00196448178, -0.165280238},{2.8578298091888428, 0.2618495523929596, 17.02515983581543},{2.8544859886169434, -0.2612810432910919, 17.027484893798828},{2.8594276905059814, 0.2717577815055847, 17.032634735107422},{2.8544604778289795, -0.2728925049304962, 17.034250259399414},{0},{1},{0}},{{2452.0332, 198.21051, 605.864746, -0.164787874, 0.0130502889, 0.986242712, 7.11352768e-05, 0.99991262, -0.0132192886, -0.986329019, -0.00210822187, -0.164774403},{3.34234619140625, 0.2942652106285095, 19.923107147216797},{3.344627857208252, -0.2993842363357544, 19.914058685302734},{4.023778438568115, 0.38844114542007446, 24.04888343811035},{4.201794147491455, -0.4124983251094818, 25.160886764526367},{0},{1},{0}},{{2449.82935, 198.221527, 606.234985, -0.164619401, 0.0128278462, 0.986273766, -1.77771435e-05, 0.999915361, -0.0130082415, -0.986357152, -0.00215894193, -0.16460523},{3.785708427429199, 0.3221898078918457, 22.67112922668457},{3.7994959354400635, -0.32289692759513855, 22.650436401367188},{5.907142639160156, 0.5747636556625366, 35.50783920288086},{6.372884750366211, -0.6323052644729614, 38.16374206542969},{0},{1},{0}},{{2447.33203, 198.220856, 606.653625, -0.164546311, 0.0122821853, 0.986292899, 0.00029055425, 0.99992305, -0.0124034453, -0.986369312, -0.0017543697, -0.164537221},{4.263394832611084, 0.37675008177757263, 25.553499221801758},{4.286587715148926, -0.39220723509788513, 25.54794692993164},{6.378892421722412, 0.6203900575637817, 38.17313766479492},{6.363946437835693, -0.6414169669151306, 38.177528381347656},{0},{1},{0}},{{2444.97461, 198.221054, 607.048096, -0.164564177, 0.012118971, 0.986291945, 0.000500869995, 0.999925435, -0.0122029204, -0.986366272, -0.00151415961, -0.164557979},{4.675131797790527, 0.41538235545158386, 27.98638153076172},{4.690240383148193, -0.4389974772930145, 27.991901397705078},{6.378702640533447, 0.6148712635040283, 38.16604232788086},{6.363974571228027, -0.64497971534729, 38.172393798828125},{0},{1},{0}},{{2442.08594, 198.223297, 607.530701, -0.164669931, 0.0123637654, 0.986271262, 0.000734707166, 0.999922693, -0.0124122305, -0.98634845, -0.0013193005, -0.16466628},{5.1245832443237305, 0.44829562306404114, 30.70000648498535},{5.1381330490112305, -0.48210421204566956, 30.70416831970215},{6.2429399490356445, 0.5927457213401794, 37.337791442871094},{6.213181972503662, -0.6343574523925781, 37.255653381347656},{0},{1},{0}},{{2439.27539, 198.224716, 608.000122, -0.164746836, 0.0123881157, 0.98625809, 0.000775969995, 0.999922454, -0.0124301296, -0.986335576, -0.00128251791, -0.164743677},{5.524134635925293, 0.4814300537109375, 33.115299224853516},{5.54150390625, -0.5190231800079346, 33.110084533691406},{5.53087043762207, 0.5186562538146973, 33.07319641113281},{5.511331081390381, -0.564043402671814, 33.03982925415039},{0},{1},{0}},{{2435.88892, 198.225189, 608.565918, -0.164762169, 0.0123201711, 0.986256361, 0.000785660464, 0.999923289, -0.0123596452, -0.986333013, -0.00126153929, -0.164759204},{5.948410987854004, 0.5204991698265076, 35.65485382080078},{5.96856689453125, -0.5605623722076416, 35.65300369262695},{5.955608367919922, 0.5583036541938782, 35.61090850830078},{5.940459728240967, -0.6039878129959106, 35.601985931396484},{0},{1},{0}},{{2432.89624, 198.228714, 609.063599, -0.164233655, 0.00939197466, 0.986376762, 0.00120483339, 0.999955833, -0.00932066329, -0.986420751, -0.000342346932, -0.164237723},{5.674152374267578, 0.1971559077501297, 36.17591857910156},{5.67732572555542, -1.0496469736099243, 36.0297737121582},{6.082955360412598, 0.48571354150772095, 36.08810043334961},{5.968001365661621, -0.6168245077133179, 35.92750930786133},{1},{0},{0}},{{2429.92505, 198.242935, 609.522278, -0.155875206, 0.00331869721, 0.987771153, 0.00806963909, 0.99996525, -0.00208623754, -0.987743795, 0.00764576392, -0.155896574},{4.165938377380371, -0.15355898439884186, 36.535850524902344},{3.8900387287139893, -1.6454962491989136, 35.623592376708984},{5.9031877517700195, 0.03129178658127785, 36.259239196777344},{5.67983341217041, -0.8625049591064453, 35.25023651123047},{1},{0},{0}},{{2426.97925, 198.252289, 609.896362, -0.137890682, 0.00137291057, 0.990446508, 0.0152018815, 0.999884188, 0.000730424304, -0.990330756, 0.015157369, -0.137895584},{3.082568407058716, 0.648871123790741, 36.627010345458984},{2.6817450523376465, -0.7697651982307434, 35.37401580810547},{5.099142551422119, -0.2824420928955078, 36.26826095581055},{4.916001319885254, -1.0888972282409668, 34.961036682128906},{0},{0},{0}},{{2423.30957, 198.236038, 610.291382, -0.121964276, 0.00177675404, 0.992532909, 0.00464413268, 0.999988496, -0.00121942081, -0.992523611, 0.00446072873, -0.121971115},{3.510690450668335, 0.789169430732727, 36.037715911865234},{3.056729316711426, -0.537222146987915, 35.258872985839844},{4.277674198150635, 0.14033426344394684, 35.768402099609375},{4.208380222320557, -0.7212843298912048, 35.03907012939453},{0},{0},{0}},{{2420.3894, 198.224747, 610.599304, -0.115400575, 0.00238888385, 0.993316174, -0.00380652305, 0.999988675, -0.00284716184, -0.993311763, -0.0041096448, -0.115390174},{3.7028603553771973, 0.8735776543617249, 35.48630905151367},{3.461101770401001, -0.40696612000465393, 35.15590286254883},{4.052971363067627, 0.4793667197227478, 35.338829040527344},{4.0169572830200195, -0.4163121283054352, 34.997528076171875},{0},{0},{0}},{{2417.47998, 198.224365, 610.919006, -0.112447254, 0.00270490488, 0.993654013, -0.00479949545, 0.999983132, -0.00326527073, -0.993646085, -0.00513620861, -0.112432376},{3.873333692550659, 0.8468307852745056, 35.54365539550781},{3.7086071968078613, -0.4467102885246277, 35.388893127441406},{4.0260772705078125, 0.551423966884613, 35.46891784667969},{4.046716690063477, -0.33341339230537415, 35.35778045654297},{0},{1},{0}},{{2414.48389, 198.223007, 611.252258, -0.110523902, 0.00739719626, 0.99384594, -0.00102202664, 0.999970913, -0.00755644264, -0.993872941, -0.00185090455, -0.110513128},{4.095700263977051, 0.6945242285728455, 37.02598190307617},{3.9447758197784424, -0.5568327903747559, 36.95224380493164},{4.135093688964844, 0.5487733483314514, 36.96580123901367},{4.175586223602295, -0.5104918479919434, 36.89764404296875},{0},{1},{0}},{{2411.36108, 198.224213, 611.597961, -0.109784573, 0.0105986474, 0.993898869, 0.00113304448, 0.999943852, -0.010537954, -0.993954778, -3.07731862e-05, -0.109790415},{4.221347332000732, 0.5985336303710938, 38.45785903930664},{4.131414413452148, -0.6166098117828369, 38.4444694519043},{4.253228664398193, 0.5619593262672424, 38.42128372192383},{4.252933979034424, -0.6307579278945923, 38.43251419067383},{0},{1},{0}},{{2408.11255, 198.22435, 611.953979, -0.109299906, 0.0103122052, 0.993955314, 0.00105008879, 0.999946833, -0.0102588935, -0.994008243, -7.75548178e-05, -0.109304927},{4.343137264251709, 0.6217178702354431, 39.96180725097656},{4.317474842071533, -0.6565308570861816, 39.92094421386719},{4.395899295806885, 0.5773681998252869, 39.9443244934082},{4.3771867752075195, -0.655938446521759, 39.93539810180664},{0},{1},{0}},{{2404.7373, 198.221695, 612.322388, -0.109032243, 0.00933227222, 0.993994415, 0.000362070685, 0.99995625, -0.00934853032, -0.994038165, -0.000659394951, -0.10903085},{4.52920389175415, 0.6861802935600281, 41.47643280029297},{4.509623050689697, -0.6918253898620605, 41.45991897583008},{4.550904273986816, 0.6203293204307556, 41.46543502807617},{4.537336826324463, -0.6477842926979065, 41.47571563720703},{0},{1},{0}},{{2401.23486, 198.221313, 612.705505, -0.108900443, 0.00906863064, 0.994011283, 0.000195451896, 0.999958575, -0.00910147559, -0.994052649, -0.000796873355, -0.108897701},{4.71263313293457, 0.720625638961792, 43.00091552734375},{4.689449310302734, -0.7233360409736633, 42.99912643432617},{4.715356826782227, 0.6489546895027161, 42.986106872558594},{4.706426620483398, -0.6607331037521362, 43.00328063964844},{0},{1},{0}},{{2397.6062, 198.222229, 613.102722, -0.10884048, 0.00935551897, 0.994015217, 0.000294317433, 0.999955952, -0.00937920529, -0.994059205, -0.000728281215, -0.108838446},{4.877692699432373, 0.7352240085601807, 44.50822830200195},{4.858615398406982, -0.7474474906921387, 44.506507873535156},{4.878270626068115, 0.6702229976654053, 44.49370574951172},{4.868719577789307, -0.6891218423843384, 44.50834274291992},{0},{1},{0}},{{2393.85303, 198.223022, 613.513367, -0.108808585, 0.00958587602, 0.994016528, 0.000332270429, 0.999953806, -0.00960676093, -0.994062662, -0.000715015747, -0.108806737},{5.039278030395508, 0.7516382336616516, 45.99551773071289},{5.027007579803467, -0.7682493925094604, 45.995113372802734},{5.0404558181762695, 0.6923955678939819, 45.987789154052734},{5.030218601226807, -0.7146525382995605, 46.00010299682617},{0},{1},{0}},{{2389.73169, 198.222931, 613.964417, -0.108800776, 0.0096365409, 0.994016886, 0.000321236352, 0.99995333, -0.00965892989, -0.994063497, -0.000731584791, -0.108798794},{5.207336902618408, 0.7769505977630615, 47.55287551879883},{5.2005767822265625, -0.7942955493927002, 47.55271911621094},{5.210991859436035, 0.7176423072814941, 47.54876708984375},{5.19918966293335, -0.740466833114624, 47.55922317504883},{0},{1},{0}},{{2384.96265, 198.222748, 614.48645, -0.108808056, 0.00969855301, 0.994015455, 0.000340789353, 0.999952734, -0.00971917901, -0.994062722, -0.000718775089, -0.108806215},{5.3981428146362305, 0.8062145113945007, 49.27698516845703},{5.392251968383789, -0.8258346915245056, 49.278141021728516},{5.400536060333252, 0.7453830242156982, 49.27434539794922},{5.387603282928467, -0.7702751755714417, 49.28358840942383},{0},{1},{0}},{{2379.76196, 198.222656, 615.055786, -0.10882362, 0.00976048689, 0.994013131, 0.000331698713, 0.999952078, -0.00978248939, -0.994060993, -0.000734852976, -0.108821645},{5.5924272537231445, 0.8343015313148499, 51.052635192871094},{5.5896453857421875, -0.8546926379203796, 51.0533332824707},{5.5961174964904785, 0.7742215394973755, 51.05214309692383},{5.582735061645508, -0.7997656464576721, 51.059017181396484},{0},{1},{0}},{{2374.37866, 198.222672, 615.645203, -0.108842872, 0.00982283708, 0.994010448, 0.000342074811, 0.999951482, -0.00984408986, -0.994058907, -0.000731433043, -0.10884095},{5.7830047607421875, 0.8612490296363831, 52.788692474365234},{5.782043933868408, -0.8850092887878418, 52.78947067260742},{5.787811279296875, 0.8017075061798096, 52.78971481323242},{5.772753715515137, -0.8292412757873535, 52.795494079589844},{0},{1},{0}},{{2369.9436, 198.222702, 616.13092, -0.10886085, 0.00985755306, 0.994008124, 0.00034683611, 0.999951124, -0.00987850502, -0.99405694, -0.000730624539, -0.10885895},{5.931882381439209, 0.8831841349601746, 54.14609909057617},{5.933094024658203, -0.9065316319465637, 54.147125244140625},{5.937858581542969, 0.8227826952934265, 54.147499084472656},{5.922515392303467, -0.8518781065940857, 54.1504020690918},{0},{1},{0}},{{2365.39746, 198.222794, 616.628906, -0.108880959, 0.00987085979, 0.994005799, 0.000363338797, 0.999951005, -0.00989009906, -0.994054735, -0.000715682632, -0.108879216},{6.077232360839844, 0.9047380685806274, 55.471229553222656},{6.07974100112915, -0.9295766353607178, 55.471397399902344},{6.084423065185547, 0.8429940938949585, 55.47133255004883},{6.068344593048096, -0.873813807964325, 55.473995208740234},{0},{1},{0}},{{2360.74243, 198.22287, 617.138977, -0.108900741, 0.00987649523, 0.994003534, 0.000372413953, 0.999951005, -0.0098947892, -0.994052529, -0.000707369065, -0.108899079},{6.219454765319824, 0.9247453212738037, 56.76901626586914},{6.223671913146973, -0.9527647495269775, 56.769527435302734},{6.227499485015869, 0.8623351454734802, 56.76897430419922},{6.211112976074219, -0.8950456976890564, 56.77248764038086},{0},{1},{0}},{{2355.98096, 198.222931, 617.660645, -0.108918712, 0.00987101998, 0.994001627, 0.000375867938, 0.999951005, -0.00988891535, -0.994050562, -0.000703474507, -0.108917087},{6.35898494720459, 0.9463069438934326, 58.03881072998047},{6.36489725112915, -0.9736408591270447, 58.039119720458984},{6.3678717613220215, 0.8816957473754883, 58.03819274902344},{6.351088047027588, -0.9153045415878296, 58.0423469543457},{0},{1},{0}},{{2351.11548, 198.223038, 618.193909, -0.108936854, 0.0098470822, 0.993999898, 0.000374995841, 0.999951243, -0.00986494217, -0.994048595, -0.000701909885, -0.108935237},{6.494148254394531, 0.96651691198349, 59.27263641357422},{6.501709461212158, -0.9958664178848267, 59.27299499511719},{6.504490375518799, 0.8998746275901794, 59.27131271362305},{6.486900329589844, -0.9342748522758484, 59.274513244628906},{0},{1},{0}},{{2344.62744, 198.2332, 618.881775, -0.103585944, 0.00776370754, 0.994590223, 0.00584266195, 0.999957025, -0.00719709136, -0.994603336, 0.00506553659, -0.103626855},{4.98906135559082, 0.4401624798774719, 60.10029220581055},{4.731668472290039, -1.7151293754577637, 59.324642181396484},{6.466010093688965, 0.45237472653388977, 59.99126434326172},{6.302476406097412, -1.279271125793457, 59.13154220581055},{1},{0},{0}},{{2338.79907, 198.262711, 619.359924, -0.0807413235, 0.00348175038, 0.996729016, 0.0222905502, 0.999750137, -0.00168662868, -0.996485829, 0.0220814589, -0.0807987601},{1.5104060173034668, -0.09464932233095169, 60.40001678466797},{0.6522346138954163, -2.4391908645629883, 57.3213996887207},{5.137290000915527, -0.6361175179481506, 60.15969467163086},{4.94619607925415, -2.0613420009613037, 58.407752990722656},{0},{0},{0}},{{2333.61792, 198.279816, 619.586182, -0.0499076918, 0.00273001869, 0.998750091, 0.0296283439, 0.999560177, -0.00125170045, -0.998314261, 0.0295288414, -0.0499666296},{-0.2610008120536804, 0.1384810507297516, 60.44953155517578},{-0.8617013692855835, -1.97270929813385, 58.241947174072266},{3.126974582672119, -1.1516598463058472, 60.201019287109375},{3.0096497535705566, -2.456611394882202, 57.9969367980957},{0},{0},{0}},{{2327.8374, 198.252792, 619.670044, -0.0262063872, 0.00293786777, 0.999652207, 0.0111374063, 0.999934494, -0.00264672446, -0.99959451, 0.0110641727, -0.0262373891},{0.2646639347076416, 0.792728066444397, 59.45730972290039},{-0.2508009076118469, -1.2979305982589722, 58.40596008300781},{1.3361787796020508, -0.05499311164021492, 59.33369827270508},{1.3269141912460327, -1.4573255777359009, 58.400238037109375},{0},{0},{0}},{{2322.97876, 198.224487, 619.711548, -0.0170836039, 0.00284442725, 0.999850035, -0.00500605861, 0.999983191, -0.00293034036, -0.999841511, -0.00505536888, -0.0170690771},{0.6311016082763672, 1.3917869329452515, 58.86214065551758},{0.22734825313091278, -0.7477211952209473, 58.42328643798828},{0.9004522562026978, 0.8550412058830261, 58.81240463256836},{0.8991923332214355, -0.6176701188087463, 58.39701843261719},{0},{0},{0}},{{2318.1189, 198.217819, 619.770691, -0.0143520497, 0.00349897193, 0.999890864, -0.00785985123, 0.999962568, -0.00361204031, -0.999866128, -0.00791083369, -0.0143240113},{0.8582050800323486, 1.4933478832244873, 59.06829071044922},{0.5893777012825012, -0.6779279112815857, 58.96544647216797},{0.8851183652877808, 1.1004951000213623, 59.06796646118164},{0.906540036201477, -0.42522987723350525, 58.88869857788086},{0},{1},{0}},{{2313.18848, 198.224899, 619.839417, -0.0127013521, 0.00700143864, 0.999894798, -0.00137715752, 0.99997443, -0.00701948954, -0.999918401, -0.00146616972, -0.0126913851},{0.8827382922172546, 1.119067668914795, 60.00173568725586},{0.6772778630256653, -0.9387504458427429, 59.989261627197266},{0.8275977373123169, 0.9141729474067688, 59.998435974121094},{0.8504579067230225, -0.7829248309135437, 59.89667892456055},{0},{1},{0}},{{2308.17676, 198.229355, 619.905029, -0.0122914016, 0.00889531989, 0.999884903, 0.00228333869, 0.999958098, -0.00886790268, -0.999921858, 0.00217407686, -0.0123111978},{0.43615302443504333, 0.610824704170227, 60.96732711791992},{0.018801821395754814, -1.4341731071472168, 60.89239501953125},{0.7877713441848755, 0.7837566137313843, 60.954132080078125},{0.7768539190292358, -1.0244836807250977, 60.84741973876953},{1},{1},{0}},{{2303.09692, 198.243286, 619.924438, -0.00287828734, 0.00856952742, 0.999959111, 0.0112903845, 0.999899805, -0.00853652135, -0.99993211, 0.0112653533, -0.00297475234},{-1.8279712200164795, 0.0904567539691925, 62.45100021362305},{-2.5970568656921387, -1.998954176902771, 61.29166030883789},{0.4411007761955261, 0.1512071043252945, 62.473838806152344},{0.41015589237213135, -1.656469464302063, 61.200927734375},{1},{1},{0}},{{2296.65845, 198.263031, 619.769958, 0.0237733442, 0.0074654799, 0.999689519, 0.0238214787, 0.999683976, -0.00803193077, -0.999433517, 0.0240050275, 0.0235879924},{-3.700085163116455, 0.37790653109550476, 63.80179977416992},{-3.9977188110351562, -1.6297047138214111, 62.22132110595703},{-1.4075506925582886, -0.5924850106239319, 63.84263610839844},{-1.389068841934204, -2.3670694828033447, 62.24300765991211},{0},{1},{0}},{{2290.08032, 198.235367, 619.472595, 0.0379667059, 0.00743511086, 0.999251366, 0.00631516706, 0.999950588, -0.00768025918, -0.999259055, 0.00660203304, 0.0379178748},{-3.2044241428375244, 0.8911882638931274, 64.50074005126953},{-3.5135397911071777, -1.2446233034133911, 63.884063720703125},{-2.6165106296539307, 0.4539605379104614, 64.50208282470703},{-2.5986270904541016, -1.3984479904174805, 63.951175689697266},{0},{1},{0}},{{2284.7207, 198.216599, 619.215332, 0.0434491374, 0.00782684889, 0.999024987, -0.00426630815, 0.999961674, -0.00764863938, -0.999046504, -0.00392982131, 0.0434808619},{-2.9863476753234863, 1.3729404211044312, 65.2884750366211},{-3.2600231170654297, -0.8562312722206116, 65.00235748291016},{-2.893942356109619, 1.0985420942306519, 65.29911804199219},{-3.3254542350769043, -0.8569761514663696, 67.58114624023438},{0},{1},{0}},{{2277.89868, 198.211975, 618.908508, 0.0444183797, 0.00814986043, 0.998979747, -0.00750313234, 0.99994123, -0.00782408658, -0.998984814, -0.00714794407, 0.0444769189},{-2.886711835861206, 1.5575265884399414, 66.4024887084961},{-3.0342485904693604, -0.7269315719604492, 66.34382629394531},{-3.1135153770446777, 1.3750759363174438, 66.41160583496094},{-2.8671748638153076, -0.5917103290557861, 66.35191345214844},{0},{1},{0}},{{2272.35254, 198.232697, 618.664429, 0.0465213284, 0.0074793729, 0.998889267, 0.00426482642, 0.999961376, -0.00768602639, -0.998908222, 0.00461765379, 0.0464876331},{-3.105452537536621, 0.9368457794189453, 67.37818145751953},{-3.126960515975952, -1.3499711751937866, 67.29334259033203},{-3.0366499423980713, 0.7618410587310791, 67.363525390625},{-3.0303924083709717, -1.183408498764038, 67.31063079833984},{0},{1},{0}},{{2266.72363, 198.237335, 618.406433, 0.0467553176, 0.00769135915, 0.99887675, 0.00886764377, 0.999927759, -0.00811452791, -0.998867035, 0.00923708081, 0.0466837361},{-3.261820077896118, 0.7078837752342224, 68.34971618652344},{-3.2457902431488037, -1.6344854831695557, 68.29226684570312},{-3.2223613262176514, 0.5190834403038025, 68.35652923583984},{-3.2125251293182373, -1.4819070100784302, 68.33201599121094},{0},{1},{0}},{{2261.0144, 198.228241, 618.129211, 0.0469984524, 0.00829921104, 0.998860478, 0.0032797968, 0.999958813, -0.00846265722, -0.998889565, 0.00367379119, 0.0469692945},{-3.341311454772949, 0.9994646906852722, 69.36434173583984},{-3.341975688934326, -1.3689525127410889, 69.29945373535156},{-3.3330790996551514, 0.8340837955474854, 69.32106018066406},{-3.3533647060394287, -1.2343829870224, 69.3200454711914},{0},{1},{0}},{{2253.76294, 198.231583, 617.78186, 0.0469612479, 0.00843914133, 0.998861074, -0.000268209464, 0.999964356, -0.00843585283, -0.998896658, 0.000128254193, 0.0469618402},{-3.323864459991455, 1.183282494544983, 70.5064926147461},{-3.2952003479003906, -1.1422491073608398, 70.53738403320312},{-3.321951389312744, 1.0229634046554565, 70.52296447753906},{-3.331676959991455, -0.989970862865448, 70.54582977294922},{0},{1},{0}},{{2247.87231, 198.228989, 617.5047, 0.046951931, 0.00828851201, 0.998862743, -0.000366953085, 0.999965668, -0.00828041509, -0.998897076, 2.22457111e-05, 0.0469533578},{-3.3411648273468018, 1.3178313970565796, 71.48926544189453},{-3.3267691135406494, -1.093485713005066, 71.50037384033203},{-3.613753318786621, 1.0612711906433105, 71.44245147705078},{-3.365096092224121, -1.006430983543396, 71.49504852294922},{-1},{1},{0}},{{2241.89502, 198.2341, 617.246338, 0.0427278653, 0.00810186006, 0.999053895, -0.00132815226, 0.999966681, -0.00805245992, -0.999085844, -0.000982831349, 0.0427372046},{-1.7466274499893188, 1.659637451171875, 72.42095184326172},{-1.8827825784683228, -0.762530505657196, 72.74920654296875},{-3.037202835083008, 1.2666857242584229, 74.61543273925781},{-3.2483434677124023, -0.7995167374610901, 72.77454376220703},{-1},{1},{0}},{{2234.28345, 198.188446, 617.08728, 0.0155146727, 0.00789204985, 0.999848485, -0.0253414214, 0.999650717, -0.00749726547, -0.999558449, -0.025221264, 0.0157092493},{2.730552911758423, 2.6091148853302, 72.65882873535156},{1.873799204826355, 0.10822560638189316, 74.55360412597656},{-1.4895473718643188, 2.8342435359954834, 72.55662536621094},{-1.5426932573318481, 0.7224764823913574, 74.58078002929688},{0},{1},{0}},{{2226.55493, 198.19014, 617.207397, -0.0139937624, 0.00665620435, 0.999879956, -0.0282589104, 0.999575794, -0.00704967557, -0.999502659, -0.0283541679, -0.0137997288},{3.4360408782958984, 2.503641366958618, 74.04933166503906},{2.794851541519165, 0.0701928436756134, 75.29218292236328},{1.1846123933792114, 2.9567482471466064, 74.13380432128906},{1.172350525856018, 0.8771196603775024, 75.24156188964844},{0},{1},{0}},{{2218.73828, 198.230804, 617.450684, -0.0249464381, 0.00711281411, 0.999663472, 0.000594951038, 0.999974608, -0.00710018119, -0.999688625, 0.000417626579, -0.0249500368},{3.160102605819702, 1.046025276184082, 75.71080017089844},{2.4169416427612305, -1.35409414768219, 75.99617004394531},{2.0896313190460205, 1.1517544984817505, 75.64857482910156},{2.1061112880706787, -0.9643000960350037, 75.92754364013672},{0},{1},{0}},{{2210.81689, 198.242126, 617.683655, -0.0270323865, 0.00802470837, 0.999602377, 0.0139358034, 0.999873638, -0.00765001774, -0.999537408, 0.0137234638, -0.0271407999},{2.278898000717163, 0.4570404589176178, 76.78695678710938},{2.0831353664398193, -2.2047250270843506, 76.95321655273438},{1.9840298891067505, 0.3133757710456848, 76.8018798828125},{2.001410722732544, -1.9446686506271362, 77.00152587890625},{0},{1},{0}},{{2202.78418, 198.222565, 617.890869, -0.0278004073, 0.007514406, 0.999585271, 0.00141916366, 0.999971032, -0.00747783622, -0.99961251, 0.00121068815, -0.0278102662},{2.168872356414795, 1.2631584405899048, 78.033935546875},{2.069002151489258, -1.4903308153152466, 77.9803237915039},{2.069013833999634, 1.0411832332611084, 77.9937973022461},{2.0407824516296387, -1.277895450592041, 78.00787353515625},{0},{1},{0}},{{2196.27808, 198.220551, 618.065186, -0.0279651899, 0.00734015973, 0.999581933, -0.00394731574, 0.999964416, -0.00745340204, -0.999601126, -0.00415410148, -0.0279352218},{2.266608953475952, 1.6002748012542725, 78.86822509765625},{2.19568133354187, -1.1286933422088623, 78.87260437011719},{2.1994991302490234, 1.3778491020202637, 78.85050201416016},{2.1759018898010254, -0.9007751941680908, 78.86610412597656},{0},{1},{0}},{{2189.7019, 198.234848, 618.250977, -0.0270004738, 0.00765339844, 0.999606133, 0.00180229044, 0.999969423, -0.00760749821, -0.999633789, 0.00159617444, -0.0270134415},{2.294642448425293, 1.090497374534607, 80.85317993164062},{2.169224977493286, -1.43599271774292, 79.64446258544922},{2.2827560901641846, 1.0118169784545898, 79.79057312011719},{2.2923343181610107, -1.2103004455566406, 79.62557220458984},{0},{1},{0}},{{2183.05103, 198.232681, 618.435425, -0.0271899253, 0.00788050331, 0.999599218, 0.00545675214, 0.999955177, -0.00773488171, -0.999615371, 0.00524425413, -0.02723171},{2.168591022491455, 1.0471348762512207, 80.60535430908203},{2.1758642196655273, -1.7346221208572388, 80.58167266845703},{2.174286127090454, 0.8242282867431641, 80.5980224609375},{2.1753835678100586, -1.5207606554031372, 80.59305572509766},{0},{1},{0}},{{2174.63696, 198.227982, 618.654785, -0.0269024484, 0.00805395097, 0.999605596, 2.69793827e-06, 0.999967515, -0.00805679429, -0.999638081, -0.000214050611, -0.0269015953},{2.1278109550476074, 1.3642317056655884, 81.69491577148438},{2.2517168521881104, -1.2501530647277832, 82.6546630859375},{2.1069164276123047, 1.152501106262207, 81.66047668457031},{2.1026813983917236, -1.2081528902053833, 81.72665405273438},{0},{1},{0}},{{2167.82422, 198.221527, 618.832336, -0.0269039366, 0.00804772414, 0.999605656, -0.00454886071, 0.99995625, -0.00817297678, -0.99962765, -0.00476695225, -0.026866151},{2.2340526580810547, 1.6881766319274902, 82.52392578125},{2.2494637966156006, -1.1047983169555664, 82.53196716308594},{2.2187492847442627, 1.4927607774734497, 82.51734924316406},{2.211575508117676, -0.9025283455848694, 82.5462875366211},{0},{1},{0}},{{2159.21118, 198.225388, 619.070251, -0.0270593185, 0.00807098951, 0.999601245, -0.00151244365, 0.999965906, -0.00811487623, -0.999632657, -0.00173142366, -0.0270461887},{2.298942804336548, 1.5287936925888062, 83.58563232421875},{2.304699659347534, -1.306819200515747, 83.61421203613281},{2.3104023933410645, 1.3277275562286377, 83.58259582519531},{2.2902867794036865, -1.1048048734664917, 83.58837890625},{0},{1},{0}},{{2150.4895, 198.230362, 619.309875, -0.0270604547, 0.0083802063, 0.999598682, 0.000757462461, 0.999964774, -0.00836276915, -0.999633491, 0.000530858117, -0.0270658489},{2.2889468669891357, 1.3706223964691162, 84.62703704833984},{2.297346830368042, -1.4578964710235596, 84.62752532958984},{2.30486798286438, 1.1780362129211426, 84.60897064208984},{2.2865946292877197, -1.2748901844024658, 84.6091537475586},{0},{1},{0}},{{2141.66235, 198.229614, 619.548401, -0.0270384364, 0.00845324714, 0.999598682, 0.000571019715, 0.999964237, -0.00844089221, -0.999634206, 0.00034256198, -0.0270422958},{2.3057563304901123, 1.39716374874115, 85.62724304199219},{2.3201072216033936, -1.4650517702102661, 85.6246109008789},{2.3210220336914062, 1.2072696685791016, 85.6097183227539},{2.3031885623931885, -1.286258339881897, 85.61058044433594},{0},{1},{0}},{{2132.73364, 198.228149, 619.78949, -0.0270496849, 0.00846304558, 0.999598265, 0.000284512178, 0.999964178, -0.00845844485, -0.999634027, 5.55996012e-05, -0.0270511247},{2.336087703704834, 1.4382658004760742, 86.60411834716797},{2.349579334259033, -1.4681566953659058, 86.60163879394531},{2.35054349899292, 1.2490649223327637, 86.58332824707031},{2.3327391147613525, -1.2890084981918335, 86.58344268798828},{0},{1},{0}},{{2123.70337, 198.227798, 620.033691, -0.0270665959, 0.00851362571, 0.999597371, 0.000170707615, 0.99996376, -0.00851212349, -0.99963361, -5.97553262e-05, -0.0270670671},{2.3647103309631348, 1.4621467590332031, 87.54998016357422},{2.379046678543091, -1.4757460355758667, 87.55047607421875},{2.379317045211792, 1.274125099182129, 87.52843475341797},{2.359301805496216, -1.2979047298431396, 87.52992248535156},{0},{1},{0}},{{2114.57642, 198.227631, 620.279846, -0.0269212574, 0.00856567826, 0.999600887, 0.000314972043, 0.999963284, -0.00856030174, -0.999637485, 8.43922317e-05, -0.0269229673},{2.1688547134399414, 1.2974071502685547, 88.51752471923828},{2.1456410884857178, -1.7083170413970947, 88.45962524414062},{2.4139301776885986, 1.2727645635604858, 88.48615264892578},{2.3929216861724854, -1.336073875427246, 88.41896057128906},{1},{1},{0}},{{2107.22998, 198.250244, 620.437134, -0.0188971329, 0.00779643748, 0.999791026, 0.0121432617, 0.999897659, -0.00756774796, -0.999747694, 0.0119977146, -0.0189898722},{0.05117683857679367, 0.3986210823059082, 89.0633316040039},{-0.5137432813644409, -2.600285530090332, 88.18890380859375},{1.9929945468902588, 0.26055288314819336, 89.30274200439453},{1.9458612203598022, -2.189692974090576, 88.11630249023438},{1},{0},{0}},{{2099.91821, 198.265793, 620.462158, -0.00122448453, 0.00338321785, 0.999993503, 0.0268222131, 0.999634624, -0.00334915984, -0.999639452, 0.0268179383, -0.00131478254},{-3.951547145843506, -0.4939061999320984, 90.84347534179688},{-5.18563985824585, -3.2849748134613037, 90.7093276977539},{0.26728060841560364, -0.9213451147079468, 88.83509826660156},{0.22032076120376587, -3.19270396232605, 87.64386749267578},{0},{0},{0}},{{2092.63525, 198.259842, 620.336731, 0.0149336774, -3.01842247e-05, 0.99988848, 0.0226632357, 0.999743104, -0.000308303395, -0.999631643, 0.0226653125, 0.0149305258},{-5.525689125061035, 0.5533214211463928, 90.25262451171875},{-6.324028015136719, -2.4473655223846436, 89.791748046875},{-1.3423995971679688, -0.7778496742248535, 88.49009704589844},{-1.3264964818954468, -2.862975835800171, 87.31581115722656},{0},{0},{0}},{{2083.57007, 198.248718, 620.01947, 0.033116363, 0.00109278958, 0.999450922, 0.0101287663, 0.999947667, -0.00142894487, -0.999400198, 0.0101705259, 0.0331035592},{-4.619998455047607, 1.2560673952102661, 89.25115966796875},{-4.760500431060791, -2.023437261581421, 87.37547302246094},{-2.9141180515289307, 0.11850911378860474, 88.05428314208984},{-3.112027406692505, -1.9644559621810913, 86.46612548828125},{0},{0},{0}},{{2076.34033, 198.238037, 619.69574, 0.0422568172, 0.00327851158, 0.9991014, 0.00517554581, 0.999980509, -0.00350029487, -0.999093354, 0.00531880651, 0.0422390252},{-4.255877494812012, 1.37192964553833, 87.29710388183594},{-4.353783130645752, -1.882175326347351, 87.00457763671875},{-3.7854175567626953, 0.675651490688324, 87.29199981689453},{-3.7487523555755615, -1.5511845350265503, 87.02574157714844},{0},{0},{0}},{{2067.32812, 198.225784, 619.274048, 0.04558523, 0.00373056321, 0.998953462, -0.00131704414, 0.999992371, -0.0036743423, -0.998959601, -0.00114817009, 0.0455897972},{-4.095223903656006, 1.7647091150283813, 87.07567596435547},{-4.177290439605713, -1.5306416749954224, 86.97050476074219},{-3.9894275665283203, 1.203123688697815, 87.05874633789062},{-3.989828109741211, -1.084381341934204, 86.9513931274414},{0},{1},{0}},{{2060.08203, 198.226746, 618.937439, 0.0461855084, 0.00574896811, 0.998916328, -0.00173749356, 0.999982417, -0.00567476964, -0.998931348, -0.00147351855, 0.0461946838},{-4.0629987716674805, 1.7116003036499023, 87.74305725097656},{-4.12214994430542, -1.4415020942687988, 87.71788787841797},{-4.0461745262146, 1.3107675313949585, 87.71756744384766},{-4.035084247589111, -1.0806851387023926, 87.67143249511719},{0},{1},{0}},{{2052.7793, 198.229294, 618.599854, 0.0464374758, 0.00741112465, 0.998893678, -0.000224385614, 0.999972522, -0.00740869716, -0.998921156, 0.000119903816, 0.0464378633},{-4.095077037811279, 1.5420918464660645, 88.38328552246094},{-4.122306823730469, -1.4863485097885132, 88.38946533203125},{-4.087743282318115, 1.2717188596725464, 88.37104797363281},{-4.095030307769775, -1.234351634979248, 88.35438537597656},{0},{1},{0}},{{2045.42065, 198.22908, 618.258179, 0.046537403, 0.00743993092, 0.99888885, 0.000568841293, 0.999971926, -0.00747449975, -0.998916388, 0.000916053017, 0.0465318635},{-4.14869499206543, 1.4954041242599487, 89.04400634765625},{-4.157209873199463, -1.5602408647537231, 89.03852081298828},{-4.137710094451904, 1.2335823774337769, 89.04075622558594},{-4.151815891265869, -1.3160126209259033, 89.0156021118164},{0},{1},{0}},{{2036.14392, 198.226974, 617.8255, 0.0465716235, 0.00697257649, 0.998890638, 0.000463559671, 0.999975383, -0.00700176088, -0.998914838, 0.000789128768, 0.0465672426},{-4.188750267028809, 1.5495636463165283, 89.8878173828125},{-4.1979265213012695, -1.6041319370269775, 89.88548278808594},{-4.183894157409668, 1.2519267797470093, 89.87669372558594},{-4.19970703125, -1.3214852809906006, 89.85661315917969},{0},{1},{0}},{{2028.65942, 198.226471, 617.476318, 0.0465712808, 0.00708456803, 0.998889863, 0.000320702384, 0.999974668, -0.00710721407, -0.998914897, 0.000651338429, 0.0465678312},{-4.2168145179748535, 1.5710225105285645, 90.56078338623047},{-4.229982852935791, -1.6071866750717163, 90.55901336669922},{-4.214737415313721, 1.2769572734832764, 90.54146575927734},{-4.230473041534424, -1.3266634941101074, 90.52631378173828},{0},{1},{0}},{{2019.22705, 198.226486, 617.036255, 0.0465682819, 0.00732572703, 0.998888254, 0.000147675019, 0.999973059, -0.00734056765, -0.998915076, 0.000489348487, 0.0465659462},{-4.2551589012146, 1.5851433277130127, 91.38317108154297},{-4.2655134201049805, -1.5974010229110718, 91.38189697265625},{-4.251842021942139, 1.3065946102142334, 91.36355590820312},{-4.268169403076172, -1.3312383890151978, 91.34795379638672},{0},{1},{0}},{{2009.70947, 198.226212, 616.592407, 0.0465558656, 0.00747721596, 0.998887718, 3.66629392e-05, 0.999971986, -0.00748704094, -0.998915672, 0.000385187828, 0.046554286},{-4.293623924255371, 1.6020472049713135, 92.2015380859375},{-4.300069332122803, -1.5984435081481934, 92.20169067382812},{-4.2873759269714355, 1.3320494890213013, 92.18065643310547},{-4.3055739402771, -1.339975357055664, 92.1694107055664},{0},{1},{0}},{{2000.10742, 198.225906, 616.144897, 0.0465466343, 0.