return {{{2460.39917, 198.196152, 604.4375, -0.172314122, 0.00494329166, 0.985029638, -0.000825151161, 0.999986351, -0.00516269635, -0.985041678, -0.00170240388, -0.172307685},{0.0038699754513800144, 0.00021476089023053646, 0.022310752421617508},{0.0038203091826289892, -0.0005596516421064734, 0.022126110270619392},{0.00010480505443410948, -0.000013653998394147493, 0.0006212794105522335},{0.0000892039606696926, 0.000012063548638252541, 0.0006010842625983059},{0},{0},{0}},{{2460.39795, 198.195755, 604.437683, -0.172313467, 0.00496552419, 0.985029638, -0.000840731431, 0.999986172, -0.00518799108, -0.985041797, -0.00172210613, -0.17230691},{0.01597035862505436, 0.001307326485402882, 0.08722124993801117},{0.01343692559748888, -0.001420414075255394, 0.08734283596277237},{0.009709694422781467, 0.0007753577083349228, 0.06691215187311172},{0.012709503062069416, -0.0007338572177104652, 0.06627269089221954},{0},{0.200010247528553},{0}},{{2460.37939, 198.194763, 604.440796, -0.172311604, 0.00564840063, 0.9850263, -0.000886031718, 0.999982238, -0.00588915637, -0.985042095, -0.00188753451, -0.172303542},{0.0881422758102417, 0.007911666296422482, 0.47073784470558167},{0.07593756914138794, -0.007472768425941467, 0.4738759398460388},{0.07169317454099655, 0.005945529788732529, 0.4544279873371124},{0.08586739748716354, -0.005204381886869669, 0.452301561832428},{0},{0.5956954937428236},{0}},{{2460.30737, 198.193207, 604.453369, -0.17231372, 0.00751425093, 0.985013485, -0.000904030632, 0.999969304, -0.00778648956, -0.985041678, -0.0022322014, -0.172301635},{0.25648021697998047, 0.024340614676475525, 1.3941843509674072},{0.23297423124313354, -0.021415943279862404, 1.4005804061889648},{0.2293892502784729, 0.019460801035165787, 1.3854905366897583},{0.2550397515296936, -0.01708412729203701, 1.3827399015426636},{0},{1},{0}},{{2460.12646, 198.191254, 604.485168, -0.1723167, 0.0097610997, 0.984993219, -0.000883079134, 0.999948978, -0.0100637954, -0.985041201, -0.002603987, -0.172299296},{0.4893856644630432, 0.04761353135108948, 2.7555060386657715},{0.47715887427330017, -0.04251265525817871, 2.7657055854797363},{0.4755224585533142, 0.041489098221063614, 2.7640421390533447},{0.4923253059387207, -0.03695790469646454, 2.765068292617798},{0},{1},{0}},{{2459.86548, 198.189865, 604.530762, -0.172317833, 0.0102244588, 0.984988332, -0.000893666991, 0.999944091, -0.0105360458, -0.985041022, -0.00269580004, -0.172299057},{0.6944330334663391, 0.06906873732805252, 3.9841299057006836},{0.7014510035514832, -0.06182657182216644, 3.994562864303589},{0.7021065354347229, 0.061312366276979446, 4.01090669631958},{0.7019851207733154, -0.05476859211921692, 4.016642093658447},{0},{1},{0}},{{2459.48145, 198.188309, 604.597961, -0.172321379, 0.00980329793, 0.984992027, -0.000818349188, 0.99994868, -0.0100953244, -0.985040426, -0.00254570763, -0.172304526},{0.9296798706054688, 0.09365657716989517, 5.326422691345215},{0.9408873915672302, -0.08412542939186096, 5.341207027435303},{0.9405381679534912, 0.08209039270877838, 5.362536430358887},{0.9409344792366028, -0.07368063926696777, 5.370657920837402},{0},{1},{0}},{{2458.94775, 198.187271, 604.691406, -0.172327325, 0.00973322149, 0.98499167, -0.00069444679, 0.999949753, -0.0100025255, -0.985039473, -0.00240773289, -0.172311902},{1.2066243886947632, 0.12052272260189056, 6.892052173614502},{1.2098102569580078, -0.10881256312131882, 6.911253929138184},{1.213148593902588, 0.10595349222421646, 6.929476261138916},{1.2144044637680054, -0.09672713279724121, 6.938922882080078},{0},{1},{0}},{{2458.35767, 198.187271, 604.794556, -0.172331065, 0.010121163, 0.98498708, -0.000764690689, 0.999945521, -0.0104086557, -0.985038817, -0.00254694535, -0.172313944},{1.4777406454086304, 0.145461305975914, 8.43868637084961},{1.4769011735916138, -0.1301635056734085, 8.462663650512695},{1.4808571338653564, 0.13111737370491028, 8.481629371643066},{1.485285758972168, -0.11908716708421707, 8.49240779876709},{0},{1},{0}},{{2457.59106, 198.186905, 604.92865, -0.172336876, 0.010840632, 0.984978437, -0.000897629594, 0.999937296, -0.011162322, -0.985037684, -0.00280782557, -0.172316343},{1.7944542169570923, 0.17389895021915436, 10.248498916625977},{1.7961313724517822, -0.153133824467659, 10.277610778808594},{1.7984622716903687, 0.16303342580795288, 10.300121307373047},{1.805497646331787, -0.1461377739906311, 10.31264591217041},{0},{1},{0}},{{2456.67236, 198.186279, 605.089172, -0.172344521, 0.0113447346, 0.984971404, -0.0010067214, 0.999931097, -0.011693188, -0.985036194, -0.00300684874, -0.172321215},{2.121941089630127, 0.203891322016716, 12.133927345275879},{2.131394863128662, -0.1781741827726364, 12.166316986083984},{2.133206844329834, 0.19666340947151184, 12.197137832641602},{2.136403799057007, -0.17683053016662598, 12.204761505126953},{0},{1},{0}},{{2455.51904, 198.192474, 605.291138, -0.172365695, 0.0114272395, 0.984966755, -0.000897310674, 0.999930501, -0.0117578702, -0.985032618, -0.00291047455, -0.172343463},{2.503021478652954, 0.23411786556243896, 14.29222297668457},{2.5109477043151855, -0.21247659623622894, 14.300836563110352},{2.512777090072632, 0.2371876835823059, 14.311552047729492},{2.5063650608062744, -0.2164434939622879, 14.313050270080566},{0},{1},{0}},{{2454.33789, 198.19986, 605.498291, -0.172376022, 0.0117246229, 0.98496145, -0.000506580924, 0.999927998, -0.0119914347, -0.985031068, -0.00256599858, -0.172357664},{2.8607099056243896, 0.2614362835884094, 16.329174041748047},{2.862257719039917, -0.24706703424453735, 16.33184051513672},{2.8662588596343994, 0.268449604511261, 16.341352462768555},{2.8613855838775635, -0.2551114857196808, 16.341875076293945},{0},{1},{0}},{{2452.79883, 198.207703, 605.770142, -0.17204529, 0.0124535682, 0.985010326, -0.000372755487, 0.999919176, -0.0127071692, -0.985088944, -0.0025533766, -0.172026739},{3.2987210750579834, 0.2888753414154053, 18.83930778503418},{3.286123037338257, -0.2792813777923584, 18.779998779296875},{3.6138522624969482, 0.32904231548309326, 20.65959930419922},{3.404536247253418, -0.3241911232471466, 19.510347366333008},{0},{1},{0}},{{2450.93115, 198.21347, 606.100342, -0.171561047, 0.0133723402, 0.985082746, 8.12196304e-05, 0.99990809, -0.0135594467, -0.985173464, -0.00224626483, -0.171546355},{3.750048875808716, 0.3072046637535095, 21.429033279418945},{3.7526235580444336, -0.31864848732948303, 21.42026710510254},{5.494679927825928, 0.5483927130699158, 32.825592041015625},{4.646583080291748, -0.41989803314208984, 25.237356185913086},{0},{1},{0}},{{2448.82642, 198.222626, 606.470337, -0.171389148, 0.0130476486, 0.985117018, 0.000679207151, 0.999913633, -0.0131254587, -0.985203147, -0.00158046279, -0.171383217},{4.148989200592041, 0.3358795940876007, 23.88346290588379},{4.169343948364258, -0.3649635910987854, 23.85162353515625},{6.63244104385376, 0.6067030429840088, 38.12763595581055},{6.618772983551025, -0.6562738418579102, 38.10651397705078},{0},{1},{0}},{{2446.3418, 198.220398, 606.904297, -0.171147242, 0.0122870617, 0.985168815, 0.000373931689, 0.999922991, -0.0124061154, -0.985245407, -0.00175488647, -0.171138644},{4.631869316101074, 0.3934006094932556, 26.608469009399414},{4.65549373626709, -0.4147573411464691, 26.60670280456543},{6.633768081665039, 0.6195313334465027, 38.13051986694336},{6.617341041564941, -0.6376692652702332, 38.13822937011719},{0},{1},{0}},{{2444.04224, 198.221085, 607.305176, -0.171161741, 0.0122033134, 0.985167384, 0.000509136065, 0.999924242, -0.0122976517, -0.985242784, -0.00160330324, -0.171154991},{5.027946949005127, 0.428724080324173, 28.895397186279297},{5.042130470275879, -0.45507359504699707, 28.897668838500977},{6.6319475173950195, 0.6138772368431091, 38.120277404785156},{6.6173224449157715, -0.6392347812652588, 38.13029479980469},{0},{1},{0}},{{2441.55176, 198.222824, 607.738464, -0.171240747, 0.0124357212, 0.985150754, 0.000662046776, 0.99992156, -0.0125070969, -0.985229015, -0.00148950878, -0.171235546},{5.421817302703857, 0.45558109879493713, 31.171689987182617},{5.43683385848999, -0.48988521099090576, 31.176420211791992},{6.386021614074707, 0.5860700607299805, 36.688011169433594},{6.327454566955566, -0.6132990717887878, 36.44015884399414},{0},{1},{0}},{{2438.87354, 198.224121, 608.204468, -0.171321347, 0.0124945035, 0.985135972, 0.000744289136, 0.999920964, -0.0125525855, -0.985214949, -0.00141729985, -0.171317101},{5.8073530197143555, 0.4872177541255951, 33.4213752746582},{5.826046466827393, -0.5247644186019897, 33.4188232421875},{5.811147212982178, 0.5283903479576111, 33.37272644042969},{5.801083564758301, -0.5636900067329407, 33.39921569824219},{0},{1},{0}},{{2436.01221, 198.224411, 608.702393, -0.171350226, 0.0124845309, 0.985131085, 0.000751134823, 0.999921083, -0.0125413137, -0.985209882, -0.00140899071, -0.171346083},{6.183857440948486, 0.5197978615760803, 35.5831184387207},{6.203852653503418, -0.559219479560852, 35.582515716552734},{6.189029216766357, 0.5617135763168335, 35.547508239746094},{6.179879188537598, -0.6001076102256775, 35.56783676147461},{0},{1},{0}},{{2432.89722, 198.227859, 609.243591, -0.171381712, 0.00676532881, 0.985181451, 0.00024441845, 0.999976695, -0.00682440959, -0.985204697, -0.000928782451, -0.171379372},{6.076097011566162, 0.6068038940429688, 35.21162796020508},{6.15848970413208, -0.6170865893363953, 35.189449310302734},{6.157843589782715, 0.49909985065460205, 35.17605209350586},{6.070379257202148, -0.5139318704605103, 35.20138931274414},{0},{0},{0}},{{2429.98877, 198.230789, 609.74884, -0.171415299, 0.00101934804, 0.985198319, -0.000313535478, 0.999999344, -0.00108921435, -0.985198796, -0.00049560261, -0.171414867},{6.071043014526367, 0.7002657055854797, 34.99660873413086},{6.105605125427246, -0.6809002757072449, 34.99055480957031},{6.091217517852783, 0.4354549050331116, 34.930240631103516},{6.059069633483887, -0.417125403881073, 34.9476318359375},{0},{0},{0}},{{2427.28125, 198.231583, 610.220032, -0.171438351, 0.000794488878, 0.985194504, -0.000363799423, 0.999999583, -0.000869734504, -0.985194802, -0.000507519057, -0.171437994},{6.06820821762085, 0.7013631463050842, 34.806453704833984},{6.056822299957275, -0.6787528991699219, 34.8131217956543},{6.035143852233887, 0.42751798033714294, 34.71381378173828},{6.051748752593994, -0.404398649930954, 34.72354507446289},{0},{0},{0}},{{2424.41357, 198.232132, 610.719482, -0.171459869, 0.00308291893, 0.985186279, -0.000127653198, 0.999995053, -0.00315147615, -0.985191107, -0.000666113861, -0.171458617},{6.025210380554199, 0.6541062593460083, 34.561038970947266},{6.014322757720947, -0.6437177062034607, 34.56619644165039},{5.992490291595459, 0.4424488842487335, 34.464847564697266},{6.011260032653809, -0.4321836531162262, 34.473846435546875},{0},{0},{0}},{{2421.56641, 198.232513, 611.215271, -0.171471164, 0.00421390962, 0.98518014, 2.85162787e-05, 0.99999088, -0.00427229609, -0.98518914, -0.000704481907, -0.171469718},{5.963659286499023, 0.627180814743042, 34.294708251953125},{5.9770660400390625, -0.6246324777603149, 34.293601989746094},{5.955346584320068, 0.4474588632583618, 34.21025085449219},{5.9566497802734375, -0.4463047385215759, 34.22502136230469},{0},{0},{0}},{{2418.55762, 198.231888, 611.738892, -0.17147778, 0.00407335535, 0.985179543, -2.2577291e-05, 0.999991417, -0.00413852651, -0.985188007, -0.000731908018, -0.171476215},{6.000967979431152, 0.6361899375915527, 34.490806579589844},{6.003921031951904, -0.6318769454956055, 34.489261627197266},{5.980509281158447, 0.4494192898273468, 34.41506576538086},{5.9997334480285645, -0.44581320881843567, 34.429073333740234},{0},{1},{0}},{{2415.82373, 198.229172, 612.2146, -0.171487302, 0.00775436219, 0.985155821, -0.000106256113, 0.999968886, -0.00788945518, -0.985186338, -0.00145762018, -0.171481147},{6.268856048583984, 0.6126569509506226, 35.93604278564453},{6.243812561035156, -0.6026195883750916, 35.941925048828125},{6.217597484588623, 0.5190034508705139, 35.85343551635742},{6.264438629150391, -0.509846568107605, 35.863277435302734},{0},{1},{0}},{{2411.81104, 198.228027, 612.913147, -0.171503991, 0.0116086863, 0.985115051, -0.000103761493, 0.999930382, -0.011801336, -0.985183418, -0.00212619337, -0.171490848},{6.585678577423096, 0.5824841856956482, 37.882503509521484},{6.606038570404053, -0.5720150470733643, 37.87897872924805},{6.588772296905518, 0.6017732620239258, 37.829437255859375},{6.585986614227295, -0.5921066403388977, 37.8510856628418},{0},{1},{0}},{{2407.78711, 198.226425, 613.613708, -0.171519682, 0.0108283572, 0.985121191, -3.64305779e-05, 0.999939501, -0.0109975813, -0.985180676, -0.00192219019, -0.171508908},{6.90366792678833, 0.6286338567733765, 39.76290512084961},{6.944255828857422, -0.6215455532073975, 39.756813049316406},{6.924010276794434, 0.6255614757537842, 39.72819519042969},{6.9134135246276855, -0.619868814945221, 39.75031661987305},{0},{1},{0}},{{2404.427, 198.224228, 614.199036, -0.171525866, 0.0102044744, 0.985126793, 3.90921268e-05, 0.999946415, -0.0103511782, -0.985179603, -0.00173698412, -0.171517074},{7.179005146026611, 0.6708799004554749, 41.29200744628906},{7.206655979156494, -0.6683251261711121, 41.28942108154297},{7.191262245178223, 0.6464886665344238, 41.25143814086914},{7.180659770965576, -0.6452286839485168, 41.27120590209961},{0},{1},{0}},{{2401.1604, 198.224915, 614.767822, -0.171542138, 0.0102485679, 0.985123456, 0.000181571435, 0.999946177, -0.010371156, -0.985176742, -0.0016002201, -0.171534777},{7.430943965911865, 0.6883870363235474, 42.714332580566406},{7.449296951293945, -0.6947866082191467, 42.711997985839844},{7.438201427459717, 0.6627762317657471, 42.668582916259766},{7.4282546043396, -0.6715240478515625, 42.687889099121094},{0},{1},{0}},{{2397.32666, 198.226395, 615.435669, -0.171554714, 0.0105221737, 0.985118389, 0.000359651254, 0.999943554, -0.0106178913, -0.985174537, -0.00146725017, -0.171548814},{7.706693649291992, 0.6997652053833008, 44.297813415527344},{7.72743558883667, -0.7185215950012207, 44.29680252075195},{7.715684413909912, 0.6809396743774414, 44.25393295288086},{7.704371929168701, -0.7024064064025879, 44.27344512939453},{0},{1},{0}},{{2393.59253, 198.226868, 616.086121, -0.171564609, 0.0106089385, 0.985115767, 0.000444786565, 0.99994272, -0.010691151, -0.985172749, -0.00139605685, -0.171559498},{7.959263801574707, 0.7167046070098877, 45.767791748046875},{7.98429536819458, -0.7437384724617004, 45.764137268066406},{7.970949172973633, 0.7003055214881897, 45.7278938293457},{7.959930419921875, -0.7292687296867371, 45.74679183959961},{0},{1},{0}},{{2389, 198.226456, 616.885925, -0.171576619, 0.0105987089, 0.98511374, 0.000436387461, 0.999942839, -0.0106822476, -0.985170662, -0.00140293257, -0.171571434},{8.260065078735352, 0.7468093037605286, 47.489078521728516},{8.28540325164795, -0.7742129564285278, 47.48554229736328},{8.271300315856934, 0.728537380695343, 47.44989013671875},{8.259690284729004, -0.758522093296051, 47.468017578125},{0},{1},{0}},{{2384.74829, 198.226273, 617.626404, -0.171597138, 0.0106118768, 0.985110044, 0.000443370664, 0.99994272, -0.0106944265, -0.985167086, -0.0013983642, -0.171592012},{8.524554252624512, 0.7714636325836182, 49.003021240234375},{8.550605773925781, -0.8003847599029541, 48.99957275390625},{8.536935806274414, 0.7527098059654236, 48.965946197509766},{8.524456977844238, -0.7841302752494812, 48.983428955078125},{0},{1},{0}},{{2379.84033, 198.226044, 618.481506, -0.171618253, 0.010584211, 0.985106647, 0.000444658974, 0.999943018, -0.0106661506, -0.98516345, -0.00139246974, -0.171613187},{8.813701629638672, 0.7995587587356567, 50.657188415527344},{8.840238571166992, -0.8294987678527832, 50.653568267822266},{8.826589584350586, 0.7787383794784546, 50.62100601196289},{8.813448905944824, -0.8114573359489441, 50.63943862915039},{0},{1},{0}},{{2375.58179, 198.225967, 619.22345, -0.171637505, 0.0105613014, 0.985103548, 0.00044469905, 0.999943256, -0.0106429169, -0.985160053, -0.00138864922, -0.171632469},{9.051578521728516, 0.8223251104354858, 52.02022171020508},{9.078876495361328, -0.8534771203994751, 52.015953063964844},{9.065199851989746, 0.7999768853187561, 51.983402252197266},{9.051627159118652, -0.8335796594619751, 52.002784729003906},{0},{1},{0}},{{2371.21118, 198.225906, 619.984924, -0.171656728, 0.0105211781, 0.985100627, 0.000452503678, 0.999943733, -0.0106008565, -0.985156715, -0.00137394667, -0.171651825},{9.285365104675293, 0.8451995253562927, 53.35590362548828},{9.313314437866211, -0.8775062561035156, 53.3526611328125},{9.299110412597656, 0.8204105496406555, 53.317562103271484},{9.285101890563965, -0.8551787734031677, 53.33852767944336},{0},{1},{0}},{{2366.73169, 198.2267, 620.762939, -0.171136871, 0.0105801411, 0.985190451, 0.00106148457, 0.999943733, -0.0105541889, -0.985246718, -0.000760446419, -0.171138465},{9.130998611450195, 0.5356383323669434, 54.80353927612305},{9.072821617126465, -1.2973105907440186, 54.65679931640625},{9.552234649658203, 0.7831584811210632, 54.704769134521484},{9.506941795349121, -0.9321548938751221, 54.54898452758789},{1},{1},{0}},{{2362.1521, 198.239761, 621.508179, -0.160448402, 0.0120412186, 0.986970782, 0.0110951019, 0.999884427, -0.0103950752, -0.986981869, 0.00928266812, -0.160563454},{7.270979404449463, -0.028664950281381607, 56.90542221069336},{6.856846332550049, -1.9430323839187622, 55.755821228027344},{9.453384399414062, 0.1679437756538391, 56.56975173950195},{9.230640411376953, -1.5766547918319702, 55.33123779296875},{1},{1},{0}},{{2357.47046, 198.262894, 622.133911, -0.136002406, 0.0132952668, 0.990619302, 0.0264001358, 0.99960351, -0.00979136396, -0.990356684, 0.0248208344, -0.136299476},{4.0308003425598145, -0.4760569632053375, 58.804847717285156},{2.9751627445220947, -2.3112306594848633, 58.24549865722656},{8.310056686401367, -0.7457000017166138, 58.7518310546875},{7.969897747039795, -2.4192850589752197, 56.34751892089844},{0},{1},{0}},{{2352.67017, 198.251297, 622.625854, -0.111702584, 0.0101334555, 0.993690014, 0.0262712166, 0.999628603, -0.00724081881, -0.993394375, 0.0252966285, -0.111927316},{2.6929848194122314, 0.13080629706382751, 61.6495246887207},{1.301339030265808, -1.6194502115249634, 60.194305419921875},{6.6933417320251465, -0.6757572889328003, 59.614742279052734},{6.497599124908447, -2.4281435012817383, 58.011802673339844},{0},{1},{0}},{{2347.75098, 198.242325, 623.022156, -0.0910850838, 0.00772627583, 0.995813131, 0.0170131493, 0.999836028, -0.00620132871, -0.995697796, 0.0163770691, -0.091201596},{3.1964356899261475, 0.7804442048072815, 61.19682693481445},{2.1210968494415283, -1.0569735765457153, 60.49259567260742},{5.527348041534424, -0.25052154064178467, 60.93157958984375},{5.400852203369141, -1.9787484407424927, 59.49250411987305},{0},{1},{0}},{{2342.41479, 198.230637, 623.37793, -0.0758656189, 0.00732038403, 0.997091174, 0.00157139392, 0.999972701, -0.00722197676, -0.997116804, 0.00101892336, -0.0758750513},{3.709353446960449, 1.1349668502807617, 62.13166427612305},{3.1149964332580566, -0.8264248967170715, 60.49652099609375},{4.568752765655518, 0.6164795160293579, 61.11619567871094},{4.505764961242676, -1.0971544981002808, 60.55482482910156},{0},{0},{0}},{{2336.45288, 198.22287, 623.759583, -0.0676515847, 0.00242796773, 0.997706056, -0.00355158048, 0.999990106, -0.00267434842, -0.997702658, -0.00372435735, -0.0676422864},{3.849884271621704, 1.3800264596939087, 60.5760498046875},{3.6163315773010254, -0.8869112133979797, 60.3709716796875},{4.110439300537109, 0.8949937224388123, 60.567771911621094},{4.061898231506348, -0.6548770070075989, 60.36397933959961},{0},{0},{0}},{{2331.14209, 198.226868, 624.102661, -0.0647315085, 0.00045731815, 0.997902632, -0.00139671122, 0.999998868, -0.000548880082, -0.997901738, -0.00142931158, -0.0647307932},{3.9581410884857178, 1.2977317571640015, 60.28877639770508},{3.673880100250244, -1.0910496711730957, 60.155555725097656},{3.9648303985595703, 0.7659251093864441, 60.259552001953125},{3.9447903633117676, -0.6802327036857605, 60.096168518066406},{0},{0},{0}},{{2326.16577, 198.233292, 624.420532, -0.063604176, 0.00150116463, 0.997974098, 0.000837837928, 0.999998569, -0.00145081175, -0.997974873, 0.000743862824, -0.0636053458},{3.8979225158691406, 1.1317949295043945, 59.957679748535156},{3.691180467605591, -1.1834713220596313, 59.936214447021484},{3.827568769454956, 0.6766870021820068, 59.91920471191406},{3.832744836807251, -0.763893723487854, 59.88256072998047},{0},{0},{0}},{{2321.52026, 198.234238, 624.715759, -0.0635218173, 0.00264585577, 0.997976959, 0.000769714068, 0.999996305, -0.00260221679, -0.997980177, 0.000602859363, -0.0635236204},{3.8371779918670654, 1.0926830768585205, 59.659481048583984},{3.699512481689453, -1.149376392364502, 59.66639709472656},{3.784132480621338, 0.6981666684150696, 59.62681579589844},{3.789628505706787, -0.7699755430221558, 59.637054443359375},{0},{0},{0}},{{2316.58862, 198.232224, 625.029541, -0.0636393204, 0.00280666864, 0.997969031, 9.61180704e-05, 0.999996066, -0.00280624023, -0.997972965, -8.26643663e-05, -0.0636393353},{3.796325445175171, 1.1176674365997314, 59.36944580078125},{3.7246620655059814, -1.1145612001419067, 59.36920166015625},{3.78155517578125, 0.7344990968704224, 59.345664978027344},{3.778820276260376, -0.7461735010147095, 59.343353271484375},{0},{0},{0}},{{2311.625, 198.228973, 625.345703, -0.0636413544, 0.0050314893, 0.99796015, -0.000118051874, 0.999987245, -0.00504923752, -0.997972846, -0.000439151365, -0.0636399463},{3.8842437267303467, 1.104792833328247, 60.36052703857422},{3.7913761138916016, -1.0818678140640259, 60.36248779296875},{3.830901622772217, 0.8088430166244507, 60.332462310791016},{3.862239360809326, -0.7984939813613892, 60.33095932006836},{0},{1},{0}},{{2306.26489, 198.227356, 625.687561, -0.0636253431, 0.00792922638, 0.997942328, -6.72361857e-05, 0.99996841, -0.00794961117, -0.997973859, -0.000572894583, -0.0636228025},{3.931943893432617, 1.0487369298934937, 61.35678482055664},{3.88720703125, -1.0333412885665894, 61.361061096191406},{3.9101498126983643, 0.8875237107276917, 61.34116744995117},{3.9137539863586426, -0.881330668926239, 61.341609954833984},{0},{1},{0}},{{2301.46045, 198.227295, 625.993774, -0.0636027902, 0.00826060306, 0.997941077, 3.13801138e-05, 0.999965787, -0.00827536173, -0.99797529, -0.000495020649, -0.0636008754},{3.9656898975372314, 1.0500229597091675, 62.23606872558594},{3.967658758163452, -1.0452101230621338, 62.23929977416992},{3.9758105278015137, 0.9054187536239624, 62.23958969116211},{3.959362268447876, -0.9088276028633118, 62.238624572753906},{0},{1},{0}},{{2295.92969, 198.225327, 626.346252, -0.0635975674, 0.0077236006, 0.997945726, 8.72386809e-05, 0.999970078, -0.00773370871, -0.997975647, -0.000404785562, -0.063596338},{4.02888822555542, 1.090470790863037, 63.27132034301758},{4.033967018127441, -1.0914167165756226, 63.269561767578125},{4.039726257324219, 0.915884256362915, 63.27726364135742},{4.0265374183654785, -0.9251373410224915, 63.277034759521484},{0},{1},{0}},{{2289.30591, 198.224991, 626.768433, -0.0636038482, 0.0075564445, 0.99794662, 0.000215475302, 0.99997139, -0.00755804311, -0.99797523, -0.000265687762, -0.0636036545},{4.120983123779297, 1.113396167755127, 64.494140625},{4.106764316558838, -1.1277551651000977, 64.49778747558594},{4.117104530334473, 0.9281002283096313, 64.48383331298828},{4.103952407836914, -0.949440598487854, 64.48246765136719},{0},{1},{0}},{{2282.89746, 198.225464, 627.177124, -0.0636204556, 0.00775680225, 0.997943997, 0.000277141255, 0.9999699, -0.00775488093, -0.997974157, -0.00021679762, -0.063620694},{4.191404342651367, 1.1236085891723633, 65.6397476196289},{4.18011474609375, -1.1436752080917358, 65.63890838623047},{4.190975666046143, 0.9428679347038269, 65.63143157958984},{4.176776885986328, -0.9733966588973999, 65.62077331542969},{0},{1},{0}},{{2277.41406, 198.225693, 627.526611, -0.063634403, 0.00789934024, 0.99794203, 0.000235769185, 0.999968767, -0.0079003498, -0.997973263, -0.000267450057, -0.0636342764},{4.251521110534668, 1.135611653327942, 66.59027099609375},{4.243581295013428, -1.1525129079818726, 66.59229278564453},{4.2512946128845215, 0.9606842398643494, 66.57816314697266},{4.237753868103027, -0.9876380562782288, 66.56732177734375},{0},{1},{0}},{{2271.50122, 198.225525, 627.903748, -0.0636505485, 0.00795109011, 0.9979406, 0.000168258761, 0.99996835, -0.00795651414, -0.99797225, -0.000338524231, -0.0636498705},{4.31562614440918, 1.1547913551330566, 67.59623718261719},{4.309782028198242, -1.1652493476867676, 67.59673309326172},{4.316908836364746, 0.9815244078636169, 67.58149719238281},{4.301534652709961, -1.002274513244629, 67.56857299804688},{0},{1},{0}},{{2266.21094, 198.225372, 628.241272, -0.0636668354, 0.00801206566, 0.99793905, 0.000120255703, 0.999967813, -0.00802068133, -0.997971177, -0.000390643574, -0.0636657551},{4.3731584548950195, 1.1710478067398071, 68.48145294189453},{4.368165493011475, -1.1781598329544067, 68.48281860351562},{4.374831676483154, 0.9991984367370605, 68.46576690673828},{4.359334468841553, -1.0151249170303345, 68.45083618164062},{0},{1},{0}},{{2260.49219, 198.225403, 628.606079, -0.0636843592, 0.00808825996, 0.997937322, 8.38592823e-05, 0.999967217, -0.00809936132, -0.997970104, -0.0004321163, -0.0636829436},{4.432679653167725, 1.1867114305496216, 69.41775512695312},{4.428949356079102, -1.1892673969268799, 69.42060089111328},{4.435837745666504, 1.017041563987732, 69.39928436279297},{4.419351577758789, -1.0295509099960327, 69.3828353881836},{0},{1},{0}},{{2254.69556, 198.225418, 628.976013, -0.0636963248, 0.00817429461, 0.997935832, 3.83903243e-05, 0.999966502, -0.00818847772, -0.997969329, -0.000483264826, -0.0636944994},{4.492162227630615, 1.2020748853683472, 70.34970092773438},{4.489745616912842, -1.1993911266326904, 70.34992980957031},{4.496290683746338, 1.0349698066711426, 70.32928466796875},{4.479474067687988, -1.0428842306137085, 70.31278991699219},{0},{1},{0}},{{2248.45239, 198.225464, 629.374451, -0.0637116134, 0.00825744029, 0.997934163, 2.66377788e-06, 0.999965787, -0.00827408116, -0.997968376, -0.000524496776, -0.0637094527},{4.555383205413818, 1.2180697917938232, 71.33147430419922},{4.555206775665283, -1.2114477157592773, 71.33280944824219},{4.560301780700684, 1.0538262128829956, 71.30767822265625},{4.542853832244873, -1.0574586391448975, 71.2922134399414},{0},{1},{0}},{{2240.6189, 198.226288, 629.874756, -0.0640605018, 0.00817813445, 0.997912526, -0.00308010192, 0.999960065, -0.00839264039, -0.997941256, -0.00361130899, -0.0640327558},{4.65247106552124, 1.3702688217163086, 72.51749420166016},{4.70135498046875, -1.045299768447876, 72.54875183105469},{4.614118576049805, 1.219946265220642, 72.5038833618164},{4.627978324890137, -0.8625819087028503, 72.61457061767578},{0},{1},{0}},{{2233.41699, 198.222473, 630.338867, -0.0641434416, 0.00814782269, 0.9979074, -0.00217335275, 0.999963164, -0.00830430631, -0.997938335, -0.00270147156, -0.0641233698},{4.772404670715332, 1.3866448402404785, 73.64753723144531},{4.790485858917236, -1.1257872581481934, 73.69584655761719},{4.760399341583252, 1.2275203466415405, 73.6260757446289},{4.744522571563721, -0.9510608315467834, 73.67680358886719},{0},{1},{0}},{{2226.10522, 198.235107, 630.816162, -0.0642421246, 0.00850666594, 0.997898102, 0.00339910481, 0.999959707, -0.00830541551, -0.99792856, 0.00285840267, -0.0642684475},{4.806845664978027, 1.0664499998092651, 74.73885345458984},{4.8555827140808105, -1.432206630706787, 74.76979064941406},{4.840913772583008, 0.883489727973938, 74.76844024658203},{4.844352722167969, -1.2622228860855103, 74.7636489868164},{0},{1},{0}},{{2219.47217, 198.230591, 631.241394, -0.0641187206, 0.00840936322, 0.997906864, 0.00278993626, 0.999962091, -0.00824742019, -0.997938395, 0.00225528236, -0.0641397536},{4.827408790588379, 1.1231664419174194, 75.77104187011719},{4.843149185180664, -1.4503240585327148, 75.74405670166016},{4.850549697875977, 0.9355000853538513, 75.75100708007812},{4.830629825592041, -1.285301923751831, 75.73655700683594},{0},{1},{0}},{{2211.55884, 198.229568, 631.745728, -0.0641287044, 0.00852572452, 0.997905195, 2.93208559e-05, 0.999963522, -0.00854142569, -0.997941613, -0.000518491142, -0.0641266108},{4.886937141418457, 1.13319730758667, 76.89962005615234},{4.891669273376465, -1.4569385051727295, 76.87909698486328},{4.935935020446777, 1.110281229019165, 76.87492370605469},{4.914794445037842, -1.127872109413147, 76.85570526123047},{1},{1},{0}},{{2205.15112, 198.237411, 632.133728, -0.0589127727, 0.00902601611, 0.998222351, 0.0055098352, 0.999946833, -0.00871643145, -0.998247921, 0.00498653157, -0.0589593723},{3.3202784061431885, 0.6820961833000183, 78.248291015625},{3.1170599460601807, -1.9647307395935059, 77.43962097167969},{4.847548961639404, 0.6690173745155334, 78.19078826904297},{4.778688430786133, -1.5952012538909912, 77.29774475097656},{1},{1},{0}},{{2197.46997, 198.26474, 632.434143, -0.0344261192, 0.00908484403, 0.999365926, 0.0268260371, 0.999606788, -0.00816293061, -0.99904716, 0.0265280101, -0.0346562937},{-1.3711587190628052, -0.6193146109580994, 82.41630554199219},{-1.830782175064087, -3.0145974159240723, 77.2052001953125},{3.0314319133758545, -0.8109501600265503, 79.65082550048828},{2.944089889526367, -3.0712709426879883, 77.90454864501953},{0},{1},{0}},{{2190.50879, 198.263351, 632.510437, -0.013693572, 0.00769049674, 0.999876678, 0.0259957686, 0.99963516, -0.00733262021, -0.999568284, 0.0258921534, -0.013888496},{-2.323209047317505, 0.2716462314128876, 79.33348083496094},{-3.082592248916626, -2.353212833404541, 82.7126693725586},{1.0366358757019043, -0.7709038853645325, 80.31822967529297},{1.0091629028320312, -3.020420551300049, 79.1312484741211},{0},{1},{0}},{{2182.62476, 198.237091, 632.453674, 0.00323804677, 0.00703294575, 0.999970019, 0.008102539, 0.999942243, -0.00705898786, -0.999961913, 0.00812515337, 0.00318087521},{-1.7567424774169922, 1.1038470268249512, 81.34280395507812},{-2.134425401687622, -1.5643253326416016, 80.30524444580078},{-0.3517461121082306, 0.3772326707839966, 81.27151489257812},{-0.32397305965423584, -1.8489710092544556, 80.8106689453125},{0},{1},{0}},{{2175.90283, 198.230148, 632.341919, 0.0140181724, 0.00699306792, 0.999877274, 0.00350802043, 0.999969065, -0.00704289181, -0.999895573, 0.0036063185, 0.0139932064},{-1.5890566110610962, 1.1853983402252197, 82.78634643554688},{-1.8364474773406982, -1.5255793333053589, 81.40100860595703},{-1.146230936050415, 0.876980721950531, 81.84109497070312},{-1.151125431060791, -1.4901031255722046, 81.3930435180664},{0},{1},{0}},{{2169.09692, 198.224594, 632.228943, 0.0154596698, 0.00773820188, 0.999850571, -0.000244245894, 0.999970078, -0.00773535017, -0.999880433, -0.000124623431, 0.0154610965},{-1.430703043937683, 1.4565458297729492, 82.5802230834961},{-1.560656189918518, -1.3643404245376587, 82.37300109863281},{-1.2771258354187012, 1.1801115274429321, 82.57034301757812},{-1.2840609550476074, -1.2262933254241943, 82.3991470336914},{0},{1},{0}},{{2162.2229, 198.239044, 632.110901, 0.0171508119, 0.00801954139, 0.999820769, 0.000283626956, 0.999967754, -0.00802558567, -0.999852896, 0.000421221426, 0.0171479844},{-1.480972170829773, 1.2672988176345825, 84.1675033569336},{-1.4770063161849976, -1.3337225914001465, 83.20195007324219},{-1.4120150804519653, 1.1296801567077637, 83.32633209228516},{-1.3808536529541016, -1.1479082107543945, 83.28736877441406},{0},{1},{0}},{{2153.52905, 198.227814, 631.960388, 0.0175244845, 0.00644032098, 0.999825716, 0.00109073217, 0.999978542, -0.00646042358, -0.999845862, 0.00120375759, 0.0175170843},{-1.5165103673934937, 1.3987785577774048, 84.3134994506836},{-1.4270498752593994, -1.4125282764434814, 85.35238647460938},{-1.528131365776062, 1.0704231262207031, 84.61384582519531},{-1.4578965902328491, -1.2666947841644287, 84.26793670654297},{0},{1},{0}},{{2146.0564, 198.209106, 631.826904, 0.0175236482, 0.00624059327, 0.999826968, -0.000926996232, 0.999980211, -0.00622530235, -0.999846041, -0.000817745808, 0.0175290853},{-1.4900511503219604, 1.6949163675308228, 85.22600555419922},{-1.5227991342544556, -1.5596137046813965, 85.21408081054688},{-1.4949190616607666, 1.3522708415985107, 85.21321868896484},{-1.4998856782913208, -1.2373415231704712, 85.20317840576172},{0},{1},{0}},{{2137.61426, 198.224625, 631.679626, 0.0175032038, 0.00800075196, 0.999814808, -0.000496582186, 0.999967933, -0.00799328368, -0.999846697, -0.000356582139, 0.0175066162},{-1.4821159839630127, 1.5280519723892212, 86.21949768066406},{-1.5223480463027954, -1.4464083909988403, 86.22503662109375},{-1.4794918298721313, 1.3045861721038818, 86.174072265625},{-1.516945242881775, -1.2332121133804321, 86.17318725585938},{0},{1},{0}},{{2128.62646, 198.234863, 631.523376, 0.017491309, 0.00893961359, 0.99980706, 0.000221930502, 0.999959946, -0.00894486345, -0.999846995, 0.000378345052, 0.0174886249},{-1.5286794900894165, 1.3889949321746826, 87.16641235351562},{-1.5147279500961304, -1.4079382419586182, 87.16787719726562},{-1.5119717121124268, 1.2314485311508179, 87.15267181396484},{-1.5303130149841309, -1.2616034746170044, 87.14331817626953},{0},{1},{0}},{{2119.53662, 198.230042, 631.364258, 0.0174843185, 0.00818522181, 0.999813616, 0.00018513875, 0.999966443, -0.00818970986, -0.999847114, 0.000328295748, 0.0174822155},{-1.5534402132034302, 1.4648462533950806, 88.12195587158203},{-1.5301377773284912, -1.4816588163375854, 88.12325286865234},{-1.532913327217102, 1.2559690475463867, 88.11678314208984},{-1.5504287481307983, -1.2856425046920776, 88.1004638671875},{0},{1},{0}},{{2107.10864, 198.229706, 631.145569, 0.0175219662, 0.00807769969, 0.999813855, -0.00229360629, 0.999965072, -0.00803872477, -0.999843836, -0.00215232489, 0.0175398812},{-1.6126130819320679, 1.637707233428955, 89.44749450683594},{-1.6144098043441772, -1.3045766353607178, 89.48562622070312},{-1.609537959098816, 1.405539870262146, 89.45421600341797},{-1.6034642457962036, -1.088447093963623, 89.81952667236328},{0},{1},{0}},{{2098.72217, 198.223343, 630.997314, 0.0176278409, 0.0080001587, 0.999812603, -0.00234296243, 0.999965549, -0.00796007365, -0.999841869, -0.00220220443, 0.0176459774},{-1.5684031248092651, 1.7128695249557495, 90.18980407714844},{-1.56024968624115, -1.36715829372406, 90.22058868408203},{-1.562065839767456, 1.4892038106918335, 90.18441772460938},{-1.5860086679458618, -1.1413806676864624, 90.2064208984375},{0},{0.7282652538269758},{0}},{{2091.72192, 198.229187, 630.876892, 0.0176442619, 0.00557110878, 0.999828815, -0.000325894885, 0.999984443, -0.00556622492, -0.999844253, -0.00022762717, 0.0176458023},{-1.5757513046264648, 1.641594409942627, 89.85309600830078},{-1.550209403038025, -1.5738253593444824, 89.8688735961914},{-1.5353578329086304, 1.2611531019210815, 89.84447479248047},{-1.5889525413513184, -1.1994959115982056, 89.84056091308594},{0},{0},{0}},{{2076.86963, 198.234924, 630.616333, 0.017652439, 0.00310263503, 0.999839365, 0.00067996385, 0.999994934, -0.00311512267, -0.999843955, 0.000734844129, 0.017650241},{-1.5825055837631226, 1.631146788597107, 89.25760650634766},{-1.5835744142532349, -1.7171295881271362, 89.25609588623047},{-1.582419991493225, 1.065379023551941, 89.20451354980469},{-1.5796414613723755, -1.1653765439987183, 89.19953155517578},{0},{0},{0}},{{2068.09546, 198.232681, 630.460266, 0.0176486075, 0.00441789068, 0.999834478, -2.44534149e-05, 0.999990225, -0.00441814726, -0.999844253, 5.35247818e-05, 0.0176485423},{-1.5739834308624268, 1.6301889419555664, 88.98160552978516},{-1.5718563795089722, -1.6200734376907349, 88.97791290283203},{-1.575718641281128, 1.1565219163894653, 88.92823791503906},{-1.5744469165802002, -1.1570096015930176, 88.92760467529297},{0},{0.05},{0}},{{2053.37939, 198.232224, 630.200806, 0.0175999794, 0.00460172491, 0.999834538, -0.000193263884, 0.99998939, -0.00459903572, -0.999845088, -0.000112288959, 0.0176006835},{-1.5613203048706055, 1.6270266771316528, 88.5025634765625},{-1.5476106405258179, -1.590660810470581, 88.50389862060547},{-1.5490514039993286, 1.174603819847107, 88.44977569580078},{-1.562496304512024, -1.1465585231781006, 88.4561538696289},{0},{0.05},{0}},{{2044.67737, 198.240982, 630.048889, 0.0174484681, 0.00440092478, 0.999838054, 0.00151516555, 0.999989033, -0.00442803092, -0.999846637, 0.00159218255, 0.017441608},{-1.4878020286560059, 1.5290758609771729, 88.63330841064453},{-1.481553316116333, -1.6562080383300781, 88.217041015625},{-1.2196975946426392, 1.037319302558899, 87.91763305664062},{-1.519856333732605, -1.197829008102417, 88.20379638671875},{0},{0.05},{0}},{{2037.82532, 198.236252, 629.932739, 0.0172007531, 0.0039598234, 0.999844193, 0.00253116502, 0.999988794, -0.00400394062, -0.999848843, 0.00259964145, 0.0171905365},{-1.5270987749099731, 1.4417093992233276, 88.04307556152344},{-1.5192426443099976, -1.792162537574768, 88.02339935302734},{-1.5208884477615356, 0.9519357681274414, 88.02200317382812},{-1.5212931632995605, -1.3076670169830322, 88.01180267333984},{0},{0.05},{0}},{{2027.80054, 198.233185, 629.756958, 0.0171581749, 0.00396644371, 0.999844909, 0.00014785213, 0.999992132, -0.00396956503, -0.999852777, 0.000215939697, 0.017157454},{-1.5184948444366455, 1.6112866401672363, 87.8794174194336},{-1.524546504020691, -1.630428671836853, 87.86457824707031},{-1.520224928855896, 1.1104204654693604, 87.8374252319336},{-1.5291216373443604, -1.1442558765411377, 87.8343505859375},{0},{0.17954349815845488},{0}},{{2017.74353, 198.233307, 629.58374, 0.017095184, 0.0066676843, 0.999831617, -0.000683976279, 0.999977589, -0.00665696291, -0.999853611, -0.000570059114, 0.0170993619},{-1.504449725151062, 1.5751166343688965, 88.6691665649414},{-1.5139859914779663, -1.4703032970428467, 88.67301940917969},{-1.5198615789413452, 1.2476427555084229, 88.63573455810547},{-1.5070281028747559, -1.1515932083129883, 88.6363754272461},{0},{0.853168261423707},{0}},{{2010.34912, 198.231949, 629.458374, 0.0170594268, 0.00910964049, 0.999812961, -0.000221407463, 0.999958515, -0.00910718832, -0.999854445, -6.60026417e-05, 0.0170607362},{-1.5237401723861694, 1.4725629091262817, 89.64824676513672},{-1.5185033082962036, -1.4299551248550415, 89.65313720703125},{-1.5232133865356445, 1.3149746656417847, 89.62767028808594},{-1.5223448276519775, -1.2799783945083618, 89.6273422241211},{0},{1},{0}},{{2002.87146, 198.230377, 629.331421, 0.0170384739, 0.00979117583, 0.999806881, 0.000127019273, 0.999952018, -0.00979476236, -0.999854803, 0.000293882535, 0.0170364138},{-1.5519428253173828, 1.4451534748077393, 90.62794494628906},{-1.5278159379959106, -1.452996015548706, 90.63141632080078},{-1.5312458276748657, 1.3408970832824707, 90.62238311767578},{-1.5536811351776123, -1.3590883016586304, 90.61259460449219},{0},{1},{0}},{{1994.8363, 198.228958, 629.194702, 0.0170196109, 0.00933549367, 0.99981159, 0.000230684222, 0.999956369, -0.00934077241, -0.999855101, 0.000389617053, 0.0170167144},{-1.570274829864502, 1.4836416244506836, 91.67343139648438},{-1.544058918952942, -1.5060911178588867, 91.67510223388672},{-1.5467400550842285, 1.3466325998306274, 91.67073822021484},{-1.5706403255462646, -1.3812901973724365, 91.6534423828125},{0},{1},{0}},{{1985.74707, 198.230377, 629.039612, 0.0171540976, 0.0092487298, 0.9998101, -0.000954017334, 0.999956906, -0.00923371967, -0.999852419, -0.000795439992, 0.0171621833},{-1.6554691791534424, 1.5572469234466553, 92.83096313476562},{-1.627249002456665, -1.4386553764343262, 93.72575378417969},{-1.6048914194107056, 1.4099078178405762, 92.8218994140625},{-1.6151198148727417, -1.3135347366333008, 92.83810424804688},{0},{1},{0}},{{1978.00391, 198.223465, 628.902649, 0.0173717234, 0.0090837162, 0.999807835, -0.00246937084, 0.999956071, -0.00904215779, -0.999846041, -0.00231181853, 0.0173933916},{-1.6247066259384155, 1.740391492843628, 93.8011474609375},{-1.6089346408843994, -1.3620325326919556, 93.82072448730469},{-1.6192739009857178, 1.580298900604248, 93.80574035644531},{-1.6361567974090576, -1.211039662361145, 93.82489013671875},{0},{1},{0}},{{1970.18005, 198.224548, 628.769043, 0.0173654109, 0.00896805152, 0.999808967, -0.00107714452, 0.99995935, -0.00895069167, -0.999848604, -0.000921506318, 0.0173743647},{-1.6332