return {{{2460.396, 198.192413, 604.433655, -0.172171474, 0.00466728164, 0.985055923, 0.00177269313, 0.999988616, -0.0044281967, -0.985065401, 0.000983792823, -0.172177792},{0.006919838022440672, -0.0015588380629196763, 0.020650362595915794},{0.006747063249349594, -0.0021420237608253956, 0.02269539050757885},{0.0036543349269777536, -0.00013027303793933243, -0.00017391225264873356},{0.003598312148824334, -0.00011470472963992506, -0.0007076920010149479},{0},{0},{0}},{{2460.39575, 198.192108, 604.433716, -0.172162935, 0.00461472385, 0.985057652, 0.00166341849, 0.999988973, -0.00439394964, -0.98506707, 0.000882087916, -0.172168702},{0.0016649345634505153, 0.0000699813463143073, 0.023566411808133125},{0.001207325840368867, -0.0004572590987663716, 0.021763933822512627},{-0.0020101021509617567, -0.00008075599180301651, 0.0011427790159359574},{-0.002098862314596772, -0.00006410123023670167, 0.000814478553365916},{0},{0},{0}},{{2460.39575, 198.19194, 604.433716, -0.17216292, 0.00456674024, 0.98505789, 0.00155238179, 0.999989271, -0.00436464557, -0.985067248, 0.000777755806, -0.172168165},{0.003584797028452158, -0.00014123604341875762, 0.021820273250341415},{0.0031452069524675608, -0.0005083911237306893, 0.02170107699930668},{-0.0003646672994364053, -0.00003746918810065836, -0.000030103121389402077},{-0.0003918611037079245, 0.000006624773050134536, -0.000042555202526273206},{0},{0},{0}},{{2460.39551, 198.191788, 604.433838, -0.172169179, 0.00455514248, 0.985056877, 0.00151697255, 0.999989331, -0.00435905624, -0.985066235, 0.000743809098, -0.17217426},{0.009259933605790138, 0.0003767810412682593, 0.04100192338228226},{0.008375708945095539, -0.0007652504718862474, 0.04414986073970795},{0.0015505057526752353, 0.0009672461310401559, 0.01911395974457264},{0.0035003195516765118, 0.0005245515494607389, 0.023724893108010292},{0},{0.1129702515900135},{0}},{{2460.37378, 198.190567, 604.437256, -0.172159821, 0.00531894481, 0.985054672, 0.00125906814, 0.999985814, -0.0051795179, -0.985068202, 0.000348546018, -0.172164083},{0.09152685105800629, 0.007741285488009453, 0.5054792165756226},{0.0778476893901825, -0.008797744289040565, 0.5034012794494629},{0.07412596046924591, 0.005463096313178539, 0.48558303713798523},{0.08851256966590881, -0.006492744665592909, 0.4828050136566162},{0},{0.6158107537776232},{0}},{{2460.26318, 198.188675, 604.45636, -0.17215924, 0.00787459686, 0.985037684, 0.00105441594, 0.999968946, -0.00780967576, -0.98506856, -0.000305868423, -0.172162205},{0.3265681266784668, 0.025153566151857376, 1.8029534816741943},{0.29906606674194336, -0.030873043462634087, 1.8072494268417358},{0.29915058612823486, 0.022864436730742455, 1.7918320894241333},{0.3253852128982544, -0.025650467723608017, 1.7873814105987549},{0},{1},{0}},{{2460.06104, 198.187241, 604.491577, -0.172159523, 0.00972361397, 0.985021114, 0.00101756409, 0.999952495, -0.00969316158, -0.98506856, -0.000666447973, -0.172161236},{0.5512450337409973, 0.047579433768987656, 3.129152536392212},{0.5396938920021057, -0.054609376937150955, 3.117023468017578},{0.539582371711731, 0.042365558445453644, 3.1245007514953613},{0.5507637858390808, -0.04723411425948143, 3.1229326725006104},{0},{1},{0}},{{2459.75098, 198.18631, 604.545776, -0.172158495, 0.00976193883, 0.985020876, 0.000995377777, 0.999952137, -0.00973594468, -0.985068738, -0.000695657625, -0.172159955},{0.7728286981582642, 0.06850087642669678, 4.442824840545654},{0.7776194214820862, -0.07844763249158859, 4.4240217208862305},{0.7795117497444153, 0.06090130656957626, 4.449188232421875},{0.7764534950256348, -0.06789418309926987, 4.449796676635742},{0},{1},{0}},{{2459.32983, 198.184921, 604.619446, -0.172160506, 0.00939475838, 0.985024095, 0.0010937507, 0.999955714, -0.00934600644, -0.985068321, -0.000531642407, -0.172163159},{1.0183122158050537, 0.09016677737236023, 5.833328723907471},{1.0207585096359253, -0.10403142869472504, 5.81197452545166},{1.022566795349121, 0.07997092604637146, 5.839366912841797},{1.0218755006790161, -0.08989672362804413, 5.839776515960693},{0},{1},{0}},{{2458.63623, 198.184479, 604.74054, -0.172163129, 0.0096054906, 0.985021591, 0.00107722543, 0.999953687, -0.00956282299, -0.985067844, -0.000585275178, -0.172165513},{1.3588104248046875, 0.1198306456208229, 7.773936748504639},{1.350888967514038, -0.13635805249214172, 7.747896671295166},{1.3566867113113403, 0.10762080550193787, 7.775158882141113},{1.3575146198272705, -0.12083926796913147, 7.77496862411499},{0},{1},{0}},{{2457.73145, 198.184525, 604.898132, -0.172167376, 0.0104007954, 0.985012829, 0.000748940569, 0.999945343, -0.0104275644, -0.985067427, -0.00105757033, -0.172165766},{1.7473949193954468, 0.1522485613822937, 9.996603012084961},{1.7370554208755493, -0.16789351403713226, 9.966585159301758},{1.7417341470718384, 0.14349579811096191, 9.99930191040039},{1.746846318244934, -0.15547066926956177, 9.998492240905762},{0},{1},{0}},{{2456.59106, 198.186066, 605.097473, -0.17217581, 0.0111329649, 0.985003352, 0.000601499749, 0.999937117, -0.0111966133, -0.985066056, -0.00133530668, -0.172171682},{2.1620442867279053, 0.1880769282579422, 12.377967834472656},{2.1610162258148193, -0.2016008198261261, 12.357666969299316},{2.1623332500457764, 0.18508626520633698, 12.38582992553711},{2.164559841156006, -0.1966862678527832, 12.3864164352417},{0},{1},{0}},{{2455.49487, 198.194168, 605.288635, -0.172176391, 0.0114065791, 0.985000074, 0.000421158096, 0.99993372, -0.0115058972, -0.985066056, -0.00156620308, -0.172169775},{2.5100972652435303, 0.22215747833251953, 14.374011993408203},{2.5117244720458984, -0.23080408573150635, 14.371877670288086},{2.5131516456604004, 0.22236037254333496, 14.382942199707031},{2.5099282264709473, -0.2321569174528122, 14.383538246154785},{0},{1},{0}},{{2453.9646, 198.203156, 605.55481, -0.171963423, 0.0121466443, 0.985028446, 0.000603511173, 0.999925077, -0.0122249797, -0.98510313, -0.00150777365, -0.17195788},{2.839085817337036, 0.002374212956055999, 17.009977340698242},{2.807356595993042, -0.5758524537086487, 16.95173454284668},{2.9810359477996826, 0.2518194615840912, 16.99737548828125},{2.963623523712158, -0.2948538064956665, 16.930009841918945},{1},{1},{0}},{{2452.27466, 198.214035, 605.828613, -0.166158825, 0.0134746535, 0.986006916, 0.00391596975, 0.999907792, -0.0130047137, -0.986091256, 0.00170032564, -0.166196257},{2.3010900020599365, -0.42424219846725464, 20.062152862548828},{2.075105905532837, -1.1547914743423462, 19.40630531311035},{3.4788477420806885, 0.1255265772342682, 20.22296714782715},{4.010119438171387, -0.5980302095413208, 23.393760681152344},{1},{1},{0}},{{2450.23779, 198.222488, 606.114624, -0.150398463, 0.0134742158, 0.988533616, 0.00471827807, 0.999905527, -0.0129113672, -0.988614202, 0.00272232667, -0.150447831},{2.2495124340057373, 0.6792737245559692, 22.906333923339844},{1.9816105365753174, 0.0711362212896347, 21.889873504638672},{5.869028091430664, 0.29545891284942627, 38.47804641723633},{4.799387454986572, -0.872329592704773, 31.664194107055664},{0},{1},{0}},{{2448.31812, 198.215988, 606.382446, -0.137998521, 0.0118322773, 0.99036175, -0.00069878425, 0.999927223, -0.0120439297, -0.990432203, -0.00235409359, -0.137980208},{2.8210713863372803, 0.6108717322349548, 25.039094924926758},{2.544020175933838, -0.08317109197378159, 24.17900848388672},{5.3462114334106445, 0.4808988571166992, 38.340660095214844},{5.329935550689697, -0.7893223166465759, 38.342132568359375},{0},{1},{0}},{{2446.06641, 198.213531, 606.694946, -0.128215015, 0.0108802998, 0.991686702, -0.00120608276, 0.999937356, -0.0111267567, -0.991745651, -0.00262267352, -0.12819387},{3.2672269344329834, 0.5528121590614319, 27.258686065673828},{3.102900981903076, -0.2635931670665741, 26.74694061279297},{4.995564937591553, 0.5566011667251587, 38.37548065185547},{4.9797773361206055, -0.7012208104133606, 38.38253402709961},{0},{1},{0}},{{2443.29248, 198.217026, 607.069397, -0.120928928, 0.0110985329, 0.99259913, 0.000211890045, 0.999937773, -0.0111547736, -0.992661119, -0.00113861298, -0.12092375},{3.6377458572387695, 0.48532620072364807, 29.867237091064453},{3.4899837970733643, -0.43072763085365295, 29.5135498046875},{4.688735485076904, 0.5416891574859619, 38.223690032958984},{4.6943888664245605, -0.7061210870742798, 38.40815734863281},{0},{1},{0}},{{2440.07935, 198.220642, 607.480286, -0.116430074, 0.0114267794, 0.993133128, 0.000935269054, 0.999934614, -0.0113953901, -0.993198454, -0.000397919357, -0.116433144},{3.928859233856201, 0.4642508625984192, 32.56575012207031},{3.8492608070373535, -0.5365261435508728, 32.430912017822266},{4.13536262512207, 0.5129709243774414, 35.11984634399414},{4.206723213195801, -0.6342697143554688, 35.8524055480957},{0},{1},{0}},{{2437.29346, 198.222107, 607.812805, -0.116461061, 0.0113828694, 0.993130028, 0.00142830098, 0.99993521, -0.0112933749, -0.993194222, 0.000103250051, -0.116469771},{4.146355152130127, 0.48725032806396484, 34.637855529785156},{4.101598262786865, -0.5931218862533569, 34.689002990722656},{4.0559983253479, 0.5291504859924316, 34.60814666748047},{4.049755096435547, -0.5847780704498291, 34.67439270019531},{0},{1},{0}},{{2434.33716, 198.221786, 608.16095, -0.116797023, 0.0107425787, 0.993097723, 0.000970212044, 0.999942243, -0.0107025132, -0.99315536, -0.000286506285, -0.116800703},{4.277621746063232, 0.5390405058860779, 36.133445739746094},{4.280961513519287, -0.609292209148407, 36.14957046508789},{4.258843898773193, 0.5529599785804749, 36.099605560302734},{4.21480655670166, -0.6001795530319214, 36.13441467285156},{0},{0},{0}},{{2430.61353, 198.226105, 608.598938, -0.117062882, 0.00246013561, 0.993121445, -0.000206555807, 0.999996841, -0.00250151474, -0.993124485, -0.000497969508, -0.117062002},{4.210029602050781, 0.6892731189727783, 35.755523681640625},{4.240179538726807, -0.6823614835739136, 35.75667953491211},{4.2360076904296875, 0.4710359275341034, 35.714473724365234},{4.167839050292969, -0.4575839042663574, 35.737308502197266},{0},{0},{0}},{{2427.66016, 198.228317, 608.947266, -0.117199801, -0.000622047577, 0.993108153, -0.000540123903, 0.999999702, 0.000562622445, -0.993108213, -0.000470462226, -0.117200099},{4.222084045410156, 0.7414972186088562, 35.55809020996094},{4.194129943847656, -0.7125769853591919, 35.566688537597656},{4.189737796783447, 0.4319676160812378, 35.478294372558594},{4.18553352355957, -0.3994506299495697, 35.48612594604492},{0},{0},{0}},{{2424.72852, 198.229324, 609.294128, -0.117277585, 0.00104949775, 0.993098617, -0.00027295365, 0.999999344, -0.00108902424, -0.993099153, -0.000398788019, -0.117277227},{4.20748233795166, 0.7043946981430054, 35.322757720947266},{4.160789966583252, -0.688447892665863, 35.33610916137695},{4.153436660766602, 0.43728747963905334, 35.22651672363281},{4.175699234008789, -0.4185335636138916, 35.23161315917969},{0},{0},{0}},{{2421.81909, 198.230057, 609.638489, -0.117321901, 0.00303196255, 0.993089318, 3.19120772e-05, 0.999995351, -0.003049277, -0.993093967, -0.000326055422, -0.117321447},{4.159941673278809, 0.6596634387969971, 35.04806137084961},{4.1349687576293945, -0.6581602692604065, 35.05472946166992},{4.127626419067383, 0.4467952251434326, 34.95857238769531},{4.1373610496521, -0.4459429681301117, 34.96620178222656},{0},{0},{0}},{{2418.93066, 198.230042, 609.979919, -0.117352024, 0.00316083245, 0.993085325, 6.23849919e-05, 0.999994934, -0.00317545282, -0.993090391, -0.000310692179, -0.117351629},{4.1146440505981445, 0.6516187787055969, 34.78053283691406},{4.110920429229736, -0.6506513357162476, 34.78190612792969},{4.102750778198242, 0.4447002410888672, 34.69991683959961},{4.09734582901001, -0.4464222192764282, 34.710567474365234},{0},{0},{0}},{{2415.23047, 198.226715, 610.417236, -0.117380582, 0.00733824633, 0.993059874, -8.50656652e-05, 0.999972641, -0.007399383, -0.993086994, -0.000953019189, -0.117376745},{4.365273475646973, 0.6340215802192688, 36.71195983886719},{4.317154884338379, -0.6264128088951111, 36.718910217285156},{4.306485652923584, 0.5272883772850037, 36.62764358520508},{4.350581645965576, -0.5202678442001343, 36.63423538208008},{0},{1},{0}},{{2411.53369, 198.225662, 610.85437, -0.117399864, 0.0107451705, 0.993026614, -0.000108515786, 0.999941289, -0.010832821, -0.993084729, -0.00137953076, -0.11739181},{4.553157806396484, 0.6098770499229431, 38.469085693359375},{4.546408176422119, -0.5985812544822693, 38.46994400024414},{4.543356418609619, 0.6019430756568909, 38.413822174072266},{4.540092945098877, -0.5930839776992798, 38.42762756347656},{0},{1},{0}},{{2407.86646, 198.224808, 611.288025, -0.117417812, 0.0102054439, 0.99303019, -1.89472794e-05, 0.99994719, -0.0102787707, -0.993082583, -0.00122572598, -0.11741142},{4.743796348571777, 0.646470308303833, 40.17056655883789},{4.761115074157715, -0.6395807862281799, 40.17061996459961},{4.7529778480529785, 0.6229810118675232, 40.13398361206055},{4.740567207336426, -0.619617223739624, 40.146793365478516},{0},{1},{0}},{{2403.81982, 198.22258, 611.766846, -0.117425628, 0.00955093652, 0.993035734, 0.000108302433, 0.999953866, -0.00960466731, -0.993081689, -0.001020286, -0.117421247},{4.969203948974609, 0.6931716799736023, 42.0080451965332},{4.974124908447266, -0.6951045989990234, 42.01044845581055},{4.97028112411499, 0.6466276049613953, 41.963863372802734},{4.958825588226318, -0.6512942314147949, 41.97450256347656},{0},{1},{0}},{{2400.27295, 198.223572, 612.186523, -0.117440596, 0.00966557395, 0.993032873, 0.000268944656, 0.999952912, -0.00970112253, -0.993079901, -0.000872234697, -0.117437668},{5.153817176818848, 0.7102135419845581, 43.54521942138672},{5.151914119720459, -0.7236241698265076, 43.546234130859375},{5.1522345542907715, 0.6638370156288147, 43.4957160949707},{5.140469074249268, -0.6802172064781189, 43.50461196899414},{0},{1},{0}},{{2396.36499, 198.225113, 612.648926, -0.117458999, 0.00994784571, 0.993027925, 0.000415863033, 0.99995023, -0.0099680014, -0.993077636, -0.000757867878, -0.117457293},{5.342831611633301, 0.7220491170883179, 45.15153884887695},{5.34386682510376, -0.746106743812561, 45.15260696411133},{5.342773914337158, 0.6827833652496338, 45.103416442871094},{5.330501556396484, -0.7105221748352051, 45.11069107055664},{0},{1},{0}},{{2391.58716, 198.225388, 613.214111, -0.117476821, 0.0100518884, 0.993024766, 0.000479984505, 0.999949217, -0.0100651979, -0.99307549, -0.000705790939, -0.117475681},{5.559735298156738, 0.7468340992927551, 47.01455307006836},{5.566951751708984, -0.776892900466919, 47.01401901245117},{5.563178539276123, 0.7095521688461304, 46.96934509277344},{5.55026912689209, -0.7441361546516418, 46.975379943847656},{0},{1},{0}},{{2386.87012, 198.225067, 613.772217, -0.11749389, 0.0100612948, 0.993022621, 0.000473795633, 0.999949157, -0.0100754146, -0.993073463, -0.000713309913, -0.117492683},{5.7672553062438965, 0.777538537979126, 48.761268615722656},{5.77547025680542, -0.8077945709228516, 48.76123809814453},{5.770388603210449, 0.7380196452140808, 48.715206146240234},{5.75722599029541, -0.7735893726348877, 48.7192497253418},{0},{1},{0}},{{2382.76611, 198.224991, 614.257874, -0.117510237, 0.0100762714, 0.993020535, 0.0004682953, 0.999948978, -0.0100911586, -0.993071556, -0.000720787619, -0.117508963},{5.938116550445557, 0.8016392588615417, 50.204803466796875},{5.948061466217041, -0.8325987458229065, 50.205020904541016},{5.942680835723877, 0.7609017491340637, 50.160404205322266},{5.929025650024414, -0.7972131967544556, 50.163875579833984},{0},{1},{0}},{{2378.27783, 198.228455, 614.778137, -0.115173638, 0.0104370117, 0.993290544, 0.00327976048, 0.999943316, -0.0101266233, -0.993339956, 0.00209143502, -0.115201347},{5.212802410125732, 0.3672865033149719, 51.96466827392578},{5.071174621582031, -1.3621106147766113, 51.58918762207031},{6.19814920425415, 0.5067939162254333, 52.57673263549805},{6.098443031311035, -1.0018314123153687, 51.40078353881836},{1},{1},{0}},{{2372.84277, 198.250961, 615.30658, -0.0961963236, 0.0115446104, 0.995295405, 0.0200503133, 0.999752343, -0.00965842325, -0.995160401, 0.0190268792, -0.0964039713},{2.152843713760376, -0.40514057874679565, 54.453495025634766},{1.4115866422653198, -2.356306791305542, 51.62002944946289},{5.451972484588623, -0.3132033050060272, 54.24784469604492},{5.29190731048584, -1.9274581670761108, 52.693328857421875},{1},{1},{0}},{{2367.52539, 198.261948, 615.613831, -0.0643340647, 0.0106920097, 0.997871161, 0.025060866, 0.999644578, -0.00909530465, -0.997613668, 0.0244223773, -0.0645791441},{0.22422629594802856, 0.11740709841251373, 56.509220123291016},{-0.3488575518131256, -1.3582314252853394, 54.31283950805664},{3.7134933471679688, -0.738088846206665, 56.26162338256836},{3.605665445327759, -2.27065110206604, 54.59803771972656},{0},{1},{0}},{{2362.91602, 198.253311, 615.737, -0.0399889238, 0.00919201691, 0.999157846, 0.0160976239, 0.999833822, -0.00855396688, -0.999070466, 0.0157420039, -0.0401302502},{0.4394640028476715, 0.5083324909210205, 57.64778518676758},{0.13657283782958984, -1.209899663925171, 55.966529846191406},{2.628065586090088, -0.1624959409236908, 60.58570861816406},{2.1069045066833496, -1.7955502271652222, 55.95566177368164},{0},{1},{0}},{{2358.17236, 198.22052, 615.841064, -0.0313226804, 0.00865375809, 0.999471843, -0.00120940339, 0.999961436, -0.00869589858, -0.999508619, -0.00148114352, -0.0313110054},{0.9661785960197449, 1.1719921827316284, 58.264305114746094},{0.7914624214172363, -0.745229184627533, 57.64825439453125},{1.7050145864486694, 0.7859042882919312, 58.213043212890625},{1.695618748664856, -0.9508718848228455, 57.69036102294922},{0},{1},{0}},{{2353.32056, 198.21138, 615.950562, -0.0260119122, 0.00883841142, 0.999622583, -0.00554973818, 0.99994421, -0.00898566935, -0.999646246, -0.00578137813, -0.0259614103},{1.3573142290115356, 1.3160666227340698, 59.3027229309082},{1.1590032577514648, -0.6653568148612976, 59.11229705810547},{1.5630991458892822, 1.1250706911087036, 59.3000602722168},{1.5405741930007935, -0.6954377293586731, 59.0931510925293},{0},{1},{0}},{{2348.36182, 198.217316, 616.07312, -0.0245456677, 0.00888712239, 0.999659181, -0.00286878273, 0.999955714, -0.00896019954, -0.999694586, -0.00308773923, -0.0245190859},{1.4505183696746826, 1.1863397359848022, 60.431488037109375},{1.3273671865463257, -0.8360969424247742, 60.376651763916016},{1.5511829853057861, 1.0468889474868774, 60.44511413574219},{1.5248464345932007, -0.7904659509658813, 60.35562515258789},{0},{1},{0}},{{2343.30933, 198.224106, 616.196289, -0.0237532388, 0.00834979583, 0.999682963, 0.000564195972, 0.999965072, -0.00833874568, -0.999717712, 0.000365944899, -0.0237571187},{1.4386502504348755, 1.0291317701339722, 61.162742614746094},{1.3773969411849976, -1.0381240844726562, 61.15739822387695},{1.4980130195617676, 0.8864503502845764, 61.171905517578125},{1.456252932548523, -0.9373131394386292, 61.15093994140625},{0},{0},{0}},{{2336.99365, 198.228165, 616.344177, -0.0232610647, 0.0030687477, 0.999724686, 0.00139342342, 0.999994397, -0.00303715421, -0.999728441, 0.00132239237, -0.0232652109},{1.3843858242034912, 1.1053493022918701, 60.73542785644531},{1.3772422075271606, -1.218726396560669, 60.71169662475586},{1.4293253421783447, 0.7202557921409607, 60.73563766479492},{1.3828362226486206, -0.8636068105697632, 60.714683532714844},{0},{0},{0}},{{2331.97119, 198.227982, 616.45874, -0.0231243502, 0.0011273796, 0.999731958, 0.000450759195, 0.999999285, -0.00111725472, -0.999732494, 0.000424802594, -0.023124842},{1.3977429866790771, 1.1918065547943115, 60.45851135253906},{1.3591291904449463, -1.2259776592254639, 60.44762420654297},{1.389589786529541, 0.7165347337722778, 60.4281120300293},{1.3855384588241577, -0.7670671343803406, 60.41989517211914},{0},{0},{0}},{{2325.72876, 198.235611, 616.596924, -0.0220752228, 0.00242657587, 0.999753356, 0.00256765587, 0.99999392, -0.00237046415, -0.999752998, 0.00251469412, -0.0220813192},{1.3594943284988403, 1.0608323812484741, 60.035701751708984},{1.3535064458847046, -1.2597429752349854, 60.16389846801758},{1.2870484590530396, 0.633774995803833, 60.02302169799805},{1.3050041198730469, -0.8422002792358398, 60.12464904785156},{0},{0},{0}},{{2320.75879, 198.233261, 616.705383, -0.0220951531, 0.00337341242, 0.999750197, 0.000824057381, 0.99999404, -0.00335602299, -0.999755561, 0.000749699655, -0.0220978018},{1.2892471551895142, 1.0862072706222534, 59.87179946899414},{1.2759801149368286, -1.1516714096069336, 59.82989501953125},{1.3112058639526367, 0.7058175206184387, 59.83543014526367},{1.3054932355880737, -0.8043733239173889, 59.79747772216797},{0},{0},{0}},{{2314.26318, 198.239746, 616.8479, -0.0217230096, 0.00367467548, 0.99975729, 0.00295705022, 0.999989092, -0.00361127593, -0.999759674, 0.00287788478, -0.0217336398},{1.3109533786773682, 0.9658396244049072, 59.87470245361328},{1.3275799751281738, -1.2308528423309326, 59.91685485839844},{1.2745521068572998, 0.6087501049041748, 59.865230560302734},{1.3071225881576538, -0.8753443956375122, 59.87540817260742},{0},{1},{0}},{{2309.25488, 198.231354, 616.954895, -0.0217475947, 0.00669926032, 0.999741018, 0.00133836316, 0.999976873, -0.0066717267, -0.999762595, 0.00119292247, -0.0217560586},{1.3055529594421387, 0.9953445196151733, 60.93225860595703},{1.2836161851882935, -1.1253453493118286, 60.90253829956055},{1.2884575128555298, 0.7683793902397156, 60.88731384277344},{1.3145803213119507, -0.9164205193519592, 60.850982666015625},{0},{1},{0}},{{2303.20117, 198.230515, 617.084229, -0.0218018107, 0.00903617777, 0.999721467, -0.000566488481, 0.999958873, -0.00905067753, -0.999762177, -0.000763651857, -0.0217957944},{1.3425142765045166, 1.0357881784439087, 62.06657028198242},{1.349892497062683, -0.9751222133636475, 62.05593490600586},{1.3531451225280762, 0.9236084222793579, 62.0479736328125},{1.339595913887024, -0.8794087171554565, 62.01483917236328},{0},{1},{0}},{{2296.70215, 198.234573, 617.227966, -0.0217495691, 0.0085007092, 0.999727309, 0.00167921896, 0.999962747, -0.00846617855, -0.999762058, 0.00149462535, -0.0217630323},{1.3699060678482056, 0.9638601541519165, 63.240909576416016},{1.4115527868270874, -1.11333429813385, 63.28755187988281},{1.3848518133163452, 0.8205416798591614, 63.28971862792969},{1.3804206848144531, -0.9824162125587463, 63.27571105957031},{0},{1},{0}},{{2291.41016, 198.229843, 617.342407, -0.0217070077, 0.00801112037, 0.999732256, 0.00127048662, 0.999967337, -0.00798541773, -0.999763548, 0.00109680695, -0.0217164755},{1.3759554624557495, 1.0295108556747437, 64.29816436767578},{1.3927110433578491, -1.1490627527236938, 64.30303192138672},{1.3899829387664795, 0.8584780097007751, 64.30538940429688},{1.378506064414978, -0.997305691242218, 64.27420806884766},{0},{1},{0}},{{2284.67725, 198.23291, 617.488037, -0.0220586397, 0.00840165, 0.999721348, 0.000836526975, 0.999964476, -0.00838523544, -0.999756336, 0.00065132702, -0.0220648851},{1.9597111940383911, 0.9031863808631897, 65.38211059570312},{1.4757258892059326, -1.1175854206085205, 65.56207275390625},{1.4508233070373535, 0.8946653604507446, 65.59583282470703},{1.4459333419799805, -0.9717535376548767, 65.51826477050781},{0},{1},{0}},{{2277.81665, 198.231781, 617.641479, -0.0220698789, 0.00845863856, 0.999720633, 0.00272102538, 0.999961019, -0.0084006032, -0.9997527, 0.00253486494, -0.022092035},{1.4455384016036987, 0.9807989001274109, 66.77169036865234},{1.4673727750778198, -1.2568868398666382, 66.7728042602539},{1.4615957736968994, 0.8235904574394226, 66.78659057617188},{1.4542028903961182, -1.1203806400299072, 66.75764465332031},{0},{1},{0}},{{2270.82812, 198.227371, 617.792297, -0.0220729262, 0.00851761363, 0.999720097, 7.948251e-05, 0.999963701, -0.00851793401, -0.999756336, -0.000108555469, -0.0220728014},{1.4887409210205078, 1.1360039710998535, 68.02729034423828},{1.4980183839797974, -1.1461455821990967, 68.00791931152344},{1.493935465812683, 0.9885780811309814, 68.00996398925781},{1.4765433073043823, -1.0043139457702637, 68.01647186279297},{0},{1},{0}},{{2265.146, 198.228516, 617.91748, -0.0221377593, 0.00867120177, 0.999717355, -0.000418812269, 0.999962211, -0.00868260022, -0.999754846, -0.000610907155, -0.0221332908},{1.5275415182113647, 1.1683608293533325, 68.9886703491211},{1.5414420366287231, -1.1157029867172241, 68.99329376220703},{1.537427544593811, 1.0283719301223755, 68.97930145263672},{1.5192021131515503, -0.9818143844604492, 68.9835433959961},{0},{1},{0}},{{2259.38403, 198.229156, 618.045715, -0.0221892539, 0.00872537587, 0.999715686, -0.000166575061, 0.999961853, -0.00873122178, -0.999753773, -0.000360267004, -0.0221869536},{1.551007628440857, 1.1672266721725464, 69.94430541992188},{1.5693777799606323, -1.1416544914245605, 69.94945526123047},{1.56297767162323, 1.0290638208389282, 69.93746948242188},{1.5448176860809326, -1.0091257095336914, 69.93724822998047},{0},{1},{0}},{{2253.54297, 198.229126, 618.175903, -0.0222249571, 0.00866715051, 0.999715447, -8.40374632e-05, 0.999962389, -0.00867115986, -0.999752998, -0.000276729697, -0.0222233925},{1.5713146924972534, 1.180660605430603, 70.89045715332031},{1.588967204093933, -1.1646066904067993, 70.89410400390625},{1.5843335390090942, 1.0374464988708496, 70.88013458251953},{1.5686017274856567, -1.0278401374816895, 70.88153076171875},{0},{1},{0}},{{2247.62427, 198.228867, 618.307556, -0.0222528242, 0.00867921207, 0.999714673, -6.6656452e-05, 0.99996233, -0.00868284609, -0.999752402, -0.000259855267, -0.0222514067},{1.5918457508087158, 1.1965491771697998, 71.82331085205078},{1.6110602617263794, -1.1822686195373535, 71.82449340820312},{1.606445074081421, 1.0517990589141846, 71.81314849853516},{1.5899711847305298, -1.0450959205627441, 71.80734252929688},{0},{1},{0}},{{2241.25098, 198.228409, 618.449524, -0.0222751033, 0.0087373592, 0.999713719, -5.56230225e-05, 0.999961793, -0.00874076691, -0.999751866, -0.000250308571, -0.0222737659},{1.6142295598983765, 1.2133251428604126, 72.80058288574219},{1.6345856189727783, -1.2001597881317139, 72.80271911621094},{1.6300500631332397, 1.0689681768417358, 72.79188537597656},{1.6135735511779785, -1.0643967390060425, 72.78211975097656},{0},{1},{0}},{{2234.02661, 198.227966, 618.610657, -0.0222939979, 0.00879984815, 0.999712706, -4.00345925e-05, 0.999961257, -0.00880292896, -0.999751449, -0.000236275562, -0.0222927816},{1.638443946838379, 1.231509804725647, 73.88031768798828},{1.660215973854065, -1.219454288482666, 73.88215637207031},{1.6558709144592285, 1.0892235040664673, 73.86721801757812},{1.6386477947235107, -1.0862858295440674, 73.85710144042969},{0},{1},{0}},{{2227.86157, 198.227692, 618.748291, -0.0223116633, 0.00884668529, 0.999711931, -2.93510166e-05, 0.99996084, -0.00884954259, -0.999751091, -0.000226790566, -0.0223105289},{1.6602277755737305, 1.2459925413131714, 74.77420043945312},{1.6816743612289429, -1.2347925901412964, 74.77533721923828},{1.6773762702941895, 1.104587435722351, 74.75934600830078},{1.6591529846191406, -1.1037517786026, 74.74562072753906},{0},{1},{0}},{{2220.05176, 198.2276, 618.922791, -0.0223348066, 0.008900824, 0.999710917, -1.05385752e-05, 0.999960363, -0.00890328083, -0.999750555, -0.000209388571, -0.0223338269},{1.6863021850585938, 1.262485146522522, 75.87337493896484},{1.7086189985275269, -1.2534093856811523, 75.87535858154297},{1.704001784324646, 1.122138500213623, 75.8589096069336},{1.6851191520690918, -1.1243082284927368, 75.83782958984375},{0},{1},{0}},{{2212.12817, 198.227356, 619.099976, -0.0223576669, 0.00897393748, 0.999709785, 7.69867165e-06, 0.999959707, -0.00897600874, -0.999750018, -0.000192986176, -0.0223568343},{1.712025761604309, 1.2780849933624268, 76.95606231689453},{1.7346810102462769, -1.2711472511291504, 76.95701599121094},{1.7300399541854858, 1.140148401260376, 76.94332122802734},{1.7103220224380493, -1.145668625831604, 76.91664123535156},{0},{1},{0}},{{2205.70923, 198.227875, 619.244507, -0.0221467614, 0.00904067792, 0.999713838, -0.000786293531, 0.999958634, -0.0090603102, -0.999754429, -0.000986725092, -0.0221387371},{1.699592113494873, 1.3275840282440186, 77.85553741455078},{1.222000002861023, -1.089429497718811, 77.59325408935547},{1.7296034097671509, 1.1774606704711914, 77.83342742919922},{1.7261334657669067, -1.10368812084198, 77.91950225830078},{0},{1},{0}},{{2199.21631, 198.224442, 619.383118, -0.0218209568, 0.00862606894, 0.999724686, -0.00255292724, 0.999959052, -0.00868381374, -0.999758661, -0.00274171354, -0.0217980407},{1.7284637689590454, 1.4631901979446411, 78.66986083984375},{1.760170817375183, -1.1503161191940308, 78.71090698242188},{1.717936396598816, 1.3176485300064087, 78.67608642578125},{1.703762173652649, -0.9893637895584106, 78.72550201416016},{0},{1},{0}},{{2190.99902, 198.227005, 619.565735, -0.0217311457, 0.00822301488, 0.999730051, -0.000694125367, 0.999965787, -0.00824004225, -0.999763608, -0.000873003562, -0.0217246953},{1.754952311515808, 1.4014359712600708, 79.78863525390625},{1.7655432224273682, -1.2917098999023438, 79.81120300292969},{1.761591911315918, 1.211352825164795, 79.78535461425781},{1.739044427871704, -1.1105103492736816, 79.7982406616211},{0},{1},{0}},{{2182.66846, 198.231125, 619.748657, -0.021769315, 0.00848743413, 0.999727011, 0.000232894992, 0.999963999, -0.00848437473, -0.999763012, 4.81323877e-05, -0.0217705071},{1.7557193040847778, 1.3275914192199707, 80.87745666503906},{1.7724961042404175, -1.3480461835861206, 80.87869262695312},{1.7709500789642334, 1.151037335395813, 80.8626480102539},{1.7526072263717651, -1.1798722743988037, 80.8634262084961},{0},{1},{0}},{{2174.22803, 198.230759, 619.932617, -0.0217969064, 0.00859468617, 0.999725461, 0.00012457394, 0.999963045, -0.00859401282, -0.999762416, -6.27831541e-05, -0.0217971727},{1.7737174034118652, 1.3479918241500854, 81.92072296142578},{1.798543095588684, -1.3551850318908691, 81.92013549804688},{1.7941423654556274, 1.1770521402359009, 81.90546417236328},{1.7760701179504395, -1.1939356327056885, 81.90441131591797},{0},{1},{0}},{{2165.68066, 198.232346, 620.118958, -0.0220262893, 0.00862032641, 0.999720216, 0.000796929176, 0.999962687, -0.008604859, -0.999757051, 0.000607173133, -0.0220323354},{1.7342089414596558, 1.1534323692321777, 83.86526489257812},{1.8979592323303223, -1.400531530380249, 82.95893859863281},{1.84459388256073, 1.1568411588668823, 82.94597625732422},{1.8370285034179688, -1.2272309064865112, 82.95205688476562},{0},{1},{0}},{{2157.0249, 198.231155, 620.313782, -0.022166796, 0.00828655995, 0.999719918, 0.00239015673, 0.999963224, -0.00823558029, -0.999751449, 0.00220693089, -0.0221857857},{1.825326681137085, 1.2656000852584839, 83.9848861694336},{1.8589434623718262, -1.5677342414855957, 83.9664077758789},{1.857818365097046, 1.0591180324554443, 83.98351287841797},{1.8438940048217773, -1.3832110166549683, 83.97260284423828},{0},{1},{0}},{{2150.02466, 198.228882, 620.467102, -0.0222209357, 0.00818142854, 0.99971962, 0.000756161986, 0.999966383, -0.008166641, -0.99975282, 0.00057447952, -0.0222263746},{1.8574044704437256, 1.3863199949264526, 84.8073959350586},{1.8734701871871948, -1.4836784601211548, 84.7890853881836},{1.8788399696350098, 1.1754034757614136, 84.79393768310547},{1.8582667112350464, -1.2910404205322266, 84.77523040771484},{0},{1},{0}},{{2141.18066, 198.229874, 620.662415, -0.0222539939, 0.00854628999, 0.999715805, -0.000180241506, 0.999963403, -0.00855241902, -0.999752343, -0.000370515743, -0.0222516395},{1.900630235671997, 1.4377455711364746, 85.78811645507812},{1.9208614826202393, -1.4068794250488281, 85.7875747680664},{1.916875958442688, 1.2545912265777588, 85.7685775756836},{1.8975944519042969, -1.2331279516220093, 85.76609802246094},{0},{1},{0}},{{2134.03345, 198.229858, 620.821838, -0.0222884882, 0.0086453408, 0.999714196, -0.000150610344, 0.999962568, -0.00865084678, -0.999751568, -0.000343381602, -0.0222863536},{1.9203681945800781, 1.4449082612991333, 86.55494689941406},{1.946610689163208, -1.415914535522461, 86.55609893798828},{1.9397212266921997, 1.268408179283142, 86.53997039794922},{1.9210833311080933, -1.2490122318267822, 86.5333251953125},{0},{1},{0}},{{2126.82129, 198.229584, 620.982849, -0.022312142, 0.0085832458, 0.999714196, -0.000101023747, 0.999963105, -0.00858763698, -0.999751031, -0.00029260345, -0.0223104525},{1.940010666847229, 1.4599006175994873, 87.30972290039062},{1.96614408493042, -1.4361454248428345, 87.31259155273438},{1.9586273431777954, 1.2776119709014893, 87.29041290283203},{1.9378482103347778, -1.2651536464691162, 87.28155517578125},{0},{1},{0}},{{2119.54712, 198.232727, 621.144287, -0.0219848305, 0.00858659111, 0.999721408, -0.00142675499, 0.999961853, -0.00862003211, -0.99975729, -0.00161586748, -0.0219717398},{1.837382197380066, 1.5221878290176392, 88.0726089477539},{1.8792576789855957, -1.3578696250915527, 88.36324310302734},{1.944840669631958, 1.3195983171463013, 88.06675720214844},{1.6739028692245483, -1.2306313514709473, 90.16108703613281},{0},{1},{0}},{{2110.37256, 198.228241, 621.332153, -0.0193171278, 0.00778889284, 0.999783039, 0.000815743406, 0.999969423, -0.00777458353, -0.99981308, 0.000665383821, -0.0193228927},{0.8517473936080933, 1.2406163215637207, 88.93496704101562},{0.6484513282775879, -1.7863003015518188, 89.69685363769531},{1.8665169477462769, 1.1551212072372437, 88.94384002685547},{1.823171615600586, -1.4212538003921509, 88.41649627685547},{1},{0},{0}},{{2101.21191, 198.245804, 621.41864, -0.00759100169, 0.0033556486, 0.999965549, 0.011556969, 0.999927878, -0.00326779019, -0.999904394, 0.0115317656, -0.00762923528},{0.17142453789710999, 0.9901819825172424, 88.39429473876953},{0.11515984684228897, -2.3317761421203613, 88.19214630126953},{0.6896594166755676, 0.2933184504508972, 88.41212463378906},{0.6488617658615112, -1.9853192567825317, 88.15521240234375},{0},{0},{0}},{{2093.90454, 198.24028, 621.443298, -0.00473415898, 0.001949745, 0.999986887, 0.00566850882, 0.999982059, -0.00192289962, -0.999972701, 0.0056593311, -0.00474512624},{0.1320153772830963, 1.3304814100265503, 88.14190673828125},{0.08624714612960815, -2.0694854259490967, 87.92542266845703},{0.341794490814209, 0.6243717074394226, 88.07748413085938},{0.3330920934677124, -1.5295522212982178, 87.90383911132812},{0},{0},{0}},{{2086.61987, 198.232269, 621.460327, -0.003948058, 0.00291874656, 0.99998796, -0.00152640685, 0.999994576, -0.00292479224, -0.999991059, -0.00153793569, -0.00394358113},{0.24005593359470367, 1.7576510906219482, 87.77082824707031},{0.20848824083805084, -1.541248083114624, 87.68192291259766},{0.293413370847702, 1.1580430269241333, 87.712646484375},{0.3020041882991791, -1.0129681825637817, 87.64478302001953},{0},{0},{0}},{{2079.36108, 198.229721, 621.484192, -0.00367424404, 0.00388796185, 0.999985695, -0.00296335202, 0.999988019, -0.00389885926, -0.999988854, -0.00297763501, -0.00366267841},{0.32126572728157043, 1.8195221424102783, 87.3899154663086},{0.3092727065086365, -1.3948415517807007, 87.39889526367188},{0.3307376801967621, 1.3153438568115234, 87.36107635498047},{0.3294273018836975, -0.9112128019332886, 87.34671783447266},{0},{0},{0}},{{2072.12842, 198.231216, 621.512817, -0.00358151295, 0.00385729829, 0.999986172, -0.00103262416, 0.999992013, -0.00386101939, -0.999993026, -0.00104643812, -0.00357750128},{0.33356618881225586, 1.6919809579849243, 87.07017517089844},{0.33391043543815613, -1.5249567031860352, 87.08704376220703},{0.3405631184577942, 1.194994568824768, 87.04822540283203},{0.3320420980453491, -1.039552927017212, 87.04098510742188},{0},{0},{0}},{{2064.87598, 198.231354, 621.541138, -0.00358521566, 0.00567004597, 0.999977469, 0.000511688122, 0.999983788, -0.00566824712, -0.999993443, 0.000491354731, -0.00358805899},{0.33774009346961975, 1.5432244539260864, 87.80953216552734},{0.3119603991508484, -1.596709132194519, 87.81290435791016},{0.31541791558265686, 1.152017593383789, 87.77686309814453},{0.3352402150630951, -1.216605544090271, 87.75881958007812},{0},{1},{0}},{{2057.56592, 198.230637, 621.567688, -0.00359008112, 0.00798446964, 0.999961674, 0.000725164427, 0.999967873, -0.00798191596, -0.999993265, 0.000696480914, -0.0035957559},{0.3192736506462097, 1.4481134414672852, 88.48822021484375},{0.3093607723712921, -1.5401593446731567, 88.48646545410156},{0.31635573506355286, 1.2165606021881104, 88.45821380615234},{0.31189051270484924, -1.3212717771530151, 88.44368743896484},{0},{1},{0}},{{2050.19873, 198.229889, 621.593384, -0.00357966358, 0.00836622994, 0.999958575, 0.000317189377, 0.999964952, -0.00836514775, -0.999993563, 0.000287231815, -0.00358219189},{0.30862224102020264, 1.4698001146316528, 89.16020965576172},{0.32042938470840454, -1.5054001808166504, 89.15612030029297},{0.3267497718334198, 1.2687498331069946, 89.14453125},{0.30493512749671936, -1.3199132680892944, 89.12260437011719},{0},{1},{0}},{{2042.77185, 198.226761, 621.619141, -0.00398439774, 0.00783425011, 0.999961376, -0.00333070802, 0.999963641, -0.00784753915, -0.999986529, -0.00336184702, -0.00395815913},{0.3243178725242615, 1.7322142124176025, 89.85698699951172},{0.37364402413368225, -1.2848409414291382, 89.80770111083984},{0.33860793709754944, 1.4969273805618286, 89.84098815917969},{0.3383856415748596, -1.045338749885559, 89.85888671875},{0},{1},{0}},{{2034.8197, 198.227875, 621.646545, -0.00273319124, 0.00747481734, 0.99996835, 0.000110268826, 0.999972045, -0.00747454399, -0.999996245, 8.98359722e-05, -0.00273393909},{0.17114588618278503, 1.2470299005508423, 90.52171325683594},{-0.3793796896934509, -1.7762411832809448, 90.47091674804688},{0.38329944014549255, 1.2488131523132324, 90.95510864257812},{0.37758228182792664, -1.3310904502868652, 90.43258666992188},{1},{1},{0}},{{2025.8595, 198.251419, 621.6297, 0.00378895784, 0.00643882295, 0.999972105, 0.0105597479, 0.999923229, -0.00647852011, -0.999937057, 0.0105840005, 0.00372067466},{-0.7248525619506836, 0.8509050607681274, 91.95226287841797},{-0.654633104801178, -2.2074902057647705, 91.22048950195312},{-0.011780796572566032, 0.4756655991077423, 93.48065185546875},{-0.29004114866256714, -1.988987922668457, 91.31903076171875},{0},{1},{0}},{{2016.33386, 198.221146, 621.563354, 0.0057294229, 0.00541911507, 0.999968886, 0.00263996236, 0.999981761, -0.00543431053, -0.999980092, 0.00267101568, 0.00571501208},{-0.7288661003112793, 1.5481716394424438, 92.33390045166016},{-0.7174310088157654, -1.9323341846466064, 92.18978881835938},{-0.651310384273529, 1.0782763957977295, 92.32884979248047},{-0.6064378619194031, -1.5658124685287476, 92.26191711425781},{0},{1},{0}},{{2006.71899, 198.214386, 621.494324, 0.00616545929, 0.00720941648, 0.999954998, -0.00340715051, 0.99996835, -0.00718850503, -0.999975204, -0.00336267683, 0.00618982734},{-0.5746335983276367, 1.938285231590271, 93.2116928100586},{-0.6201484799385071, -1.4352951049804688, 93.20187377929688},{-0.5655456185340881, 1.6314502954483032, 93.16062927246094},{-0.6023836731910706, -1.14981210231781, 93.15496826171875},{0},{1},{0}},{{1997.01404, 198.233139, 621.436829, 0.00623040879, 0.00859926175, 0.999943614, -0.00127601286, 0.99996227, -0.00859147217, -0.999979794, -0.00122241245, 0.00624114648},{-0.5597230195999146, 1.632027268409729, 94.01757049560547},{-0.5589016675949097, -1.4179320335388184, 94.0431137084961},{-0.5415276288986206, 1.4367402791976929, 94.0070571899414},{-0.5720100402832031, -1.2303860187530518, 93.9966049194336},{0},{1},{0}},{{1987.22241, 198.23349, 621.378296, 0.00626604538, 0.00818131585, 0.999946892, 0.000621267245, 0.999966323, -0.00818536803, -0.999980152, 0.000672524155, 0.00626075128},{-0.604063093662262, 1.5278199911117554, 94.83489227294922},{-0.5765687823295593, -1.6041290760040283, 94.83621978759766},{-0.5818073153495789, 1.3018122911453247, 94.83251190185547},{-0.5941304564476013, -1.392783761024475, 94.81249237060547},{0},{1},{0}},{{1979.32678, 198.23111, 621.328308, 0.0063448241, 0.00777289597, 0.999949634, -0.000798822555, 0.999969482, -0.00776798185, -0.999979556, -0.00074949587, 0.00635083998},{-0.6529533863067627, 1.6503314971923828, 95.4864730834961},{-0.6299601197242737, -1.5836329460144043, 96.46759033203125},{-0.6373974680900574, 1.3935891389846802, 95.47132873535156},{-0.6399027705192566, -1.3123034238815308, 95.52952575683594},{0},{1},{0}},{{1968.87866, 198.222198, 621.258362