return {{{2459.77979, 198.263138, 604.993164, -0.159245178, -0.0179778263, 0.987075388, 0.00252487021, 0.999823511, 0.0186173487, -0.987235844, 0.00545696029, -0.159171671},{-0.00128810980822891, 0.0035046127159148455, 0.00019359050202183425},{-0.014751996845006943, 0.0033976847771555185, -0.009748675860464573},{0.005781201180070639, -0.00332644023001194, -0.0017533641075715423},{0.004911069758236408, -0.0026635804679244757, -0.01627686247229576},{0},{0},{0},{1}},{{2459.77979, 198.259888, 604.988831, -0.159135833, -0.0183270257, 0.987086594, -0.000637742633, 0.999829352, 0.0184608027, -0.987256467, 0.0023082681, -0.159120366},{-0.02893988974392414, 0.00414267648011446, 0.01617872528731823},{-0.02981611154973507, 0.0032641300931572914, 0.000011404994438635185},{-0.026214048266410828, -0.0010416153818368912, 0.007470977492630482},{-0.025731341913342476, -0.0010264681186527014, 0.005132515914738178},{0},{0},{0},{1}},{{2459.77954, 198.257095, 604.986023, -0.159094483, -0.0188726746, 0.987082958, -0.00285764411, 0.999821901, 0.018655654, -0.987259209, 0.000147279905, -0.159120083},{-0.0012755271745845675, 0.001421808497980237, 0.003646890399977565},{0.0038492477033287287, 0.0010111898882314563, 0.003810469526797533},{0.0008074418874457479, 0.00033945057657547295, 0.0022421698085963726},{-0.00064285151893273, 0.00016292103100568056, 0.003907949663698673},{0},{0},{0},{1}},{{2459.77954, 198.257523, 604.987244, -0.159122795, -0.0188200213, 0.987079382, -0.00198575947, 0.999822378, 0.0187428668, -0.987256825, 0.00102231512, -0.159131899},{0.006104798521846533, 0.0007349688676185906, -0.0015296939527615905},{0.005809128284454346, 0.0006857693078927696, 0.0014666261849924922},{0.0051053049974143505, 0.0001400909823132679, -0.0012819436378777027},{0.00566030154004693, 0.00012671454169321805, -0.0012612048303708434},{0},{0},{0},{1}},{{2459.77954, 198.257843, 604.98761, -0.159130454, -0.0187154505, 0.987080157, -0.00163127994, 0.999823928, 0.0186940935, -0.987256229, 0.00136459537, -0.159132957},{0.0055131129920482635, 0.0007755125989206135, 0.01199545618146658},{0.0014309468679130077, 0.00048741805949248374, 0.01394293736666441},{0.0008111268980428576, 0.0004013567522633821, 0.011298144236207008},{0.0030375949572771788, 0.0003868945059366524, 0.012827412225306034},{0},{0.07362829707562923},{0},{1}},{{2459.75928, 198.257599, 604.990967, -0.159189403, -0.0178014524, 0.987087548, -0.00177435193, 0.999840975, 0.0177452993, -0.987246454, 0.00107342296, -0.159195676},{0.09975823014974594, 0.020035196095705032, 0.503852367401123},{0.06625828146934509, -0.017866279929876328, 0.511116087436676},{0.06583677977323532, 0.002056409604847431, 0.4989435076713562},{0.09384720027446747, 0.001573497662320733, 0.499726265668869},{0},{0.5543090254068375},{0},{1}},{{2459.65942, 198.259811, 605.007385, -0.159262836, -0.0158859286, 0.987108409, -0.00178338261, 0.999873519, 0.0158036277, -0.987234592, 0.000756538589, -0.159271032},{0.3098072409629822, 0.06482298672199249, 1.728910207748413},{0.2550976872444153, -0.059758398681879044, 1.7402684688568115},{0.26169314980506897, 0.008500558324158192, 1.70894455909729},{0.29231390357017517, 0.0009436592226848006, 1.7166794538497925},{0},{1},{0},{1}},{{2459.45581, 198.263382, 605.040161, -0.159258291, -0.0146400621, 0.987128377, -0.00162488862, 0.999892592, 0.0145672159, -0.987235606, 0.000715976174, -0.159264967},{0.5190576314926147, 0.11159052699804306, 3.1391570568084717},{0.4890158474445343, -0.10628538578748703, 3.1482856273651123},{0.49949911236763, 0.015913300216197968, 3.0997657775878906},{0.5046619772911072, -0.0021927000489085913, 3.116482973098755},{0},{1},{0},{1}},{{2459.0625, 198.263184, 605.103455, -0.159248114, -0.0146571491, 0.987129807, -0.00169755402, 0.999892354, 0.0145727945, -0.987237155, 0.000644983957, -0.159255847},{0.775941014289856, 0.17435196042060852, 4.8407816886901855},{0.7825044393539429, -0.16284100711345673, 4.8385329246521},{0.7695857882499695, 0.025016462430357933, 4.782435417175293},{0.7763968110084534, -0.003320214105769992, 4.808966636657715},{0},{1},{0},{1}},{{2458.5979, 198.262238, 605.178284, -0.159248903, -0.0147666633, 0.987128019, -0.0017490997, 0.999890804, 0.0146754105, -0.987236917, 0.000610457675, -0.159257352},{1.0198198556900024, 0.22749517858028412, 6.303942680358887},{1.017681360244751, -0.21308057010173798, 6.306459903717041},{1.0011398792266846, 0.03392636030912399, 6.231310844421387},{1.0153672695159912, -0.003878602758049965, 6.26806640625},{0},{1},{0},{1}},{{2457.97168, 198.26178, 605.279297, -0.159246027, -0.0147071835, 0.98712939, -0.00178339949, 0.999891698, 0.0146096265, -0.987237334, 0.000566079048, -0.159255013},{1.268783450126648, 0.2844710052013397, 7.868294715881348},{1.2663791179656982, -0.2667301297187805, 7.867516994476318},{1.2528026103973389, 0.042989835143089294, 7.777971267700195},{1.2625999450683594, -0.006771963555365801, 7.82179069519043},{0},{1},{0},{1}},{{2457.29858, 198.26152, 605.387817, -0.159255534, -0.014652323, 0.987128675, -0.00175120449, 0.999892473, 0.0145592559, -0.987235844, 0.000589977892, -0.159264073},{1.50389564037323, 0.33539533615112305, 9.293317794799805},{1.497744083404541, -0.31592705845832825, 9.29522705078125},{1.4792157411575317, 0.05207773298025131, 9.188437461853027},{1.4949936866760254, -0.008397558704018593, 9.241755485534668},{0},{1},{0},{1}},{{2456.45923, 198.261398, 605.523254, -0.159260482, -0.0144597255, 0.987130702, -0.00174380466, 0.999895275, 0.0143653639, -0.987235069, 0.000566471659, -0.15926902},{1.7588903903961182, 0.390598326921463, 10.874555587768555},{1.7498284578323364, -0.36734136939048767, 10.87606430053711},{1.7304219007492065, 0.06272948533296585, 10.7528715133667},{1.747991919517517, -0.012265937402844429, 10.814363479614258},{0},{1},{0},{1}},{{2455.54541, 198.26387, 605.670593, -0.159268528, -0.014142001, 0.98713398, -0.0017943877, 0.999899864, 0.0140353749, -0.987233639, 0.000464092358, -0.159277961},{2.012570381164551, 0.447885662317276, 12.429363250732422},{1.9983524084091187, -0.42019709944725037, 12.432124137878418},{1.9798929691314697, 0.07292215526103973, 12.306195259094238},{2.001307249069214, -0.014352722093462944, 12.376859664916992},{0},{1},{0},{1}},{{2454.4353, 198.270096, 605.849792, -0.159270152, -0.0133470567, 0.987144828, -0.00180769723, 0.999910891, 0.0132280029, -0.9872334, 0.000322367065, -0.159280077},{2.2993335723876953, 0.5110059976577759, 14.146771430969238},{2.2681314945220947, -0.4793477952480316, 14.152953147888184},{2.258286952972412, 0.08491665869951248, 14.05311107635498},{2.287647247314453, -0.017587633803486824, 14.133389472961426},{0},{1},{0},{1}},{{2453.01221, 198.278198, 606.07959, -0.159270927, -0.0122644641, 0.987158716, -0.00167476328, 0.999924719, 0.0121528581, -0.98723352, 0.000282339926, -0.159279495},{2.638587713241577, 0.5693221092224121, 16.223766326904297},{2.6054165363311768, -0.5345504283905029, 16.230722427368164},{2.6050825119018555, 0.09759443253278732, 16.15509033203125},{2.6227681636810303, -0.03787989541888237, 16.214555740356445},{0},{1},{0},{1}},{{2451.19434, 198.285385, 606.373779, -0.159283191, -0.0112664448, 0.98716867, -0.00103504106, 0.999936223, 0.011245152, -0.987232387, 0.000769403705, -0.159284696},{3.047502279281616, 0.636933445930481, 18.7748966217041},{3.023120403289795, -0.6085344552993774, 18.782506942749023},{3.018486499786377, 0.10812874883413315, 18.731849670410156},{3.0386457443237305, -0.0652286559343338, 18.765644073486328},{0},{1},{0},{1}},{{2449.72437, 198.29216, 606.611877, -0.159175009, -0.0112685906, 0.987186074, -0.000792122795, 0.999935985, 0.0112864068, -0.98725009, 0.00101454125, -0.159173742},{3.3555049896240234, 0.6919685006141663, 20.754932403564453},{3.3356378078460693, -0.6660504937171936, 20.775094985961914},{3.3229823112487793, 0.14350470900535583, 20.61879539489746},{3.3273048400878906, -0.08628100156784058, 20.68671226501465},{0},{1},{0},{1}},{{2447.97949, 198.293076, 606.893005, -0.159218073, -0.0102749327, 0.987189949, -0.00112686981, 0.999947071, 0.0102259656, -0.987242818, 0.000515724008, -0.159221217},{3.7469348907470703, 0.7581521272659302, 23.153953552246094},{3.7176167964935303, -0.7240406274795532, 23.156326293945312},{3.6940104961395264, 0.17952461540699005, 23.03145408630371},{3.74162220954895, -0.11125502735376358, 23.1011962890625},{0},{1},{0},{1}},{{2446.03516, 198.295349, 607.206421, -0.15924412, -0.00943292677, 0.98719418, -0.00129534432, 0.999955475, 0.00934591331, -0.987238407, 0.000209525359, -0.159249261},{4.16494083404541, 0.8232063055038452, 25.718585968017578},{4.136407375335693, -0.7791716456413269, 25.724628448486328},{4.125050067901611, 0.21527822315692902, 25.602352142333984},{4.146932125091553, -0.13451090455055237, 25.686206817626953},{0},{1},{0},{1}},{{2443.30371, 198.29866, 607.647095, -0.159264371, -0.00865914766, 0.987197995, -0.00122341572, 0.999962509, 0.008573737, -0.987235188, 0.000157737304, -0.15926899},{4.71958589553833, 0.9062637686729431, 29.17354393005371},{4.697451114654541, -0.8584873080253601, 29.17832374572754},{4.682007789611816, 0.24896900355815887, 29.066635131835938},{4.712003231048584, -0.16046036779880524, 29.158077239990234},{0},{1},{0},{1}},{{2440.21191, 198.300705, 608.146118, -0.159282535, -0.00790928118, 0.987201333, -0.00110889669, 0.999968708, 0.00783265289, -0.987232447, 0.000152900422, -0.15928632},{5.319117069244385, 0.9950723648071289, 32.8951530456543},{5.298732757568359, -0.9452393054962158, 32.89962387084961},{5.2847676277160645, 0.2923992872238159, 32.791988372802734},{5.312179088592529, -0.20391537249088287, 32.8786506652832},{0},{1},{0},{1}},{{2437.4624, 198.302826, 608.584778, -0.157769769, -0.00612157444, 0.987456977, 0.00182685454, 0.999977291, 0.00649107527, -0.987474263, 0.00282803574, -0.157755002},{5.224663734436035, 0.47714629769325256, 36.294437408447266},{5.209326267242432, -1.5216628313064575, 36.0025749206543},{5.805227756500244, 0.22248996794223785, 36.19591522216797},{5.818294048309326, -0.388740599155426, 35.88212203979492},{1},{1},{0},{1}},{{2434.06274, 198.317154, 609.059814, -0.145307094, -0.00364277954, 0.989379883, 0.0107641984, 0.999928236, 0.0052625211, -0.989328027, 0.0114145624, -0.145257443},{4.082118511199951, 0.7287381887435913, 40.595706939697266},{4.056127548217773, -1.3795925378799438, 39.52003479003906},{5.994473457336426, -0.07442574203014374, 40.297611236572266},{5.824802398681641, -0.7784039974212646, 39.211246490478516},{0},{1},{0},{1}},{{2430.75586, 198.321442, 609.451965, -0.131952569, -0.00318530318, 0.991250932, 0.00647800509, 0.999970734, 0.00407565758, -0.991234839, 0.00695912167, -0.131928056},{4.429483890533447, 1.114859938621521, 43.72743606567383},{4.5311808586120605, -0.9820370078086853, 42.95584487915039},{5.750733852386475, 0.06115183234214783, 43.512367248535156},{5.654361724853516, -0.6763190031051636, 42.72005081176758},{0},{1},{0},{1}},{{2426.71875, 198.318542, 609.917603, -0.123376265, -0.00311811222, 0.992355049, -0.00156909612, 0.999994397, 0.00294703548, -0.992358744, -0.00119350629, -0.123380475},{5.167773246765137, 1.1703476905822754, 47.07005310058594},{5.279147148132324, -0.90203458070755, 46.696685791015625},{5.826778411865234, 0.3643890917301178, 46.9608039855957},{5.778713703155518, -0.4575088918209076, 46.554439544677734},{0},{1},{0},{1}},{{2422.1123, 198.319275, 610.459167, -0.119165145, -0.00347666466, 0.992868364, -0.00124420214, 0.999993622, 0.0033522842, -0.992873669, -0.000835853512, -0.119168706},{5.735280990600586, 1.2073591947555542, 50.49706268310547},{5.87795352935791, -1.0433804988861084, 50.32655334472656},{6.075789451599121, 0.42014002799987793, 50.446937561035156},{6.040968418121338, -0.4306516647338867, 50.22117233276367},{0},{1},{0},{1}},{{2417.4436, 198.31929, 611.005676, -0.117222428, -0.00410283124, 0.993097186, -0.000275012368, 0.999991536, 0.00409885263, -0.99310565, 0.000207363439, -0.11722257},{6.1417317390441895, 1.279747486114502, 53.57028579711914},{6.279726505279541, -1.219291090965271, 53.51588439941406},{6.287271499633789, 0.4256894588470459, 53.53998947143555},{6.329290866851807, -0.3319586515426636, 53.76822280883789},{0},{1},{0},{1}},{{2412.27686, 198.32222, 611.608765, -0.116282009, -0.00769470353, 0.993186414, 7.26525104e-06, 0.999969959, 0.00774810975, -0.993216217, 0.000908181537, -0.116278462},{6.273014068603516, 1.3941987752914429, 55.12875747680664},{6.58979606628418, -1.400141716003418, 54.563560485839844},{6.480662822723389, 0.2966766953468323, 54.51850509643555},{6.302407741546631, -0.23725076019763947, 54.59598922729492},{0},{1},{0},{1}},{{2406.80127, 198.302246, 612.249878, -0.116556175, -0.0158427879, 0.993057728, 0.000686257321, 0.999871254, 0.0160320345, -0.993183851, 0.00255012582, -0.116530299},{6.363715648651123, 2.0508971214294434, 55.74397277832031},{7.107738494873047, -1.9259752035140991, 56.79655075073242},{6.38742208480835, -0.030825885012745857, 55.750675201416016},{6.661151885986328, 0.003958694636821747, 55.714298248291016},{0},{1},{0},{2}},{{2401.12354, 198.281738, 612.910828, -0.116591856, -0.0144257024, 0.993075132, -0.00113894453, 0.999895811, 0.0143910637, -0.993179262, 0.000546823314, -0.11659614},{6.635289192199707, 2.162348985671997, 59.15333938598633},{6.797262191772461, -2.259320020675659, 58.08363342285156},{6.681556701660156, 0.36508628726005554, 57.964942932128906},{6.894360065460205, -0.18962058424949646, 58.17598342895508},{0},{1},{0},{2}},{{2395.21411, 198.294495, 613.604553, -0.116118602, -0.0118594896, 0.993164539, -0.000316266, 0.99992913, 0.0119032888, -0.99323529, 0.00106808904, -0.116114117},{7.053739547729492, 2.147286891937256, 60.455387115478516},{7.450986862182617, -1.9612271785736084, 61.502323150634766},{7.042379379272461, 0.2905607521533966, 60.55742645263672},{7.142237663269043, -0.32810819149017334, 60.30508041381836},{0},{1},{0},{2}},{{2389.06421, 198.303009, 614.32135, -0.115995273, -0.0107070822, 0.993192077, 0.000190992461, 0.999941647, 0.0108021516, -0.993249774, 0.00144269073, -0.115986459},{7.323248863220215, 2.006467819213867, 63.325538635253906},{7.346856594085693, -2.0487000942230225, 62.84413528442383},{7.237148761749268, 0.34856536984443665, 62.766319274902344},{7.408754825592041, -0.2416408360004425, 62.964752197265625},{0},{1},{0},{2}},{{2382.67651, 198.296158, 615.063721, -0.11591848, -0.0114410203, 0.993192852, -0.000414962182, 0.999934137, 0.0114702443, -0.993258655, 0.000917475787, -0.115915589},{7.406953811645508, 2.080740213394165, 66.3575439453125},{7.60235595703125, -2.1376686096191406, 65.2062759399414},{7.4818620681762695, 0.3802984058856964, 65.11932373046875},{7.840263843536377, -0.15924151241779327, 65.61312866210938},{0},{1},{0},{2}},{{2375.71631, 198.29068, 615.872437, -0.115888678, -0.0126326559, 0.993181884, -0.000849053788, 0.999920011, 0.0126192896, -0.993261874, 0.000619167869, -0.11589013},{7.771539211273193, 2.3742945194244385, 68.80184936523438},{7.847247123718262, -2.345583200454712, 67.66503143310547},{7.770725727081299, 0.4076140522956848, 67.55177307128906},{8.117668151855469, -0.1459813416004181, 68.05961608886719},{0},{1},{0},{2}},{{2369.20288, 198.291321, 616.632019, -0.115948543, -0.0130181145, 0.993169904, -0.000887634233, 0.999915063, 0.0130028995, -0.99325484, 0.000626095629, -0.115950249},{8.206330299377441, 2.6162638664245605, 69.73343658447266},{8.175210952758789, -2.4830610752105713, 70.38325500488281},{8.067965507507324, 0.36919429898262024, 69.77690887451172},{8.201796531677246, -0.32358959317207336, 69.71859741210938},{0},{1},{0},{2}},{{2362.4917, 198.292267, 617.414551, -0.116151854, -0.0128602423, 0.993148208, -0.000176068585, 0.999916434, 0.0129272919, -0.993231475, 0.00132666668, -0.116144411},{8.491731643676758, 2.6074414253234863, 71.85172271728516},{7.369757652282715, -2.574054718017578, 75.71954345703125},{8.277634620666504, 0.21493639051914215, 72.2669906616211},{8.506441116333008, -0.3206767141819, 71.7383041381836},{0},{1},{0},{2}},{{2356.32324, 198.292557, 618.133972, -0.116264977, -0.0130069507, 0.993133068, -0.000940004713, 0.999915242, 0.0129857305, -0.993217766, 0.000576235936, -0.116267353},{10.492977142333984, 2.7381317615509033, 77.16124725341797},{8.544994354248047, -2.5655460357666016, 73.81519317626953},{8.529022216796875, 0.38231804966926575, 73.5640640258789},{8.337930679321289, -0.34872040152549744, 75.5404052734375},{0},{1},{0},{2}},{{2348.87695, 198.292221, 619.005859, -0.116133004, -0.0132233212, 0.993145645, -0.000809387595, 0.999912322, 0.0132187707, -0.993233323, 0.000731295848, -0.116133526},{10.729419708251953, 2.8358755111694336, 78.97242736816406},{8.798736572265625, -2.66964054107666, 75.86825561523438},{8.757783889770508, 0.3798085153102875, 75.59275817871094},{8.56442928314209, -0.3510451912879944, 77.48016357421875},{0},{1},{0},{2}},{{2341.61914, 198.289658, 619.854797, -0.116206139, -0.0135427108, 0.99313277, -0.000574688311, 0.999907792, 0.0135678528, -0.993224978, 0.00100592605, -0.116203204},{9.046736717224121, 2.762075901031494, 78.73646545410156},{8.994427680969238, -2.798389434814453, 77.54544067382812},{8.957357406616211, 0.3925161063671112, 77.46234130859375},{9.326528549194336, -0.14718344807624817, 77.93291473388672},{0},{1},{0},{2}},{{2335.37231, 198.288818, 620.587341, -0.116167277, -0.0138032408, 0.993133724, -0.000546285126, 0.999904156, 0.0138334408, -0.993229508, 0.00106445898, -0.116163686},{9.339864730834961, 3.028048038482666, 79.00776672363281},{9.272865295410156, -2.8796489238739014, 79.74577331542969},{9.187844276428223, 0.3457549810409546, 79.23094177246094},{9.332099914550781, -0.36101606488227844, 78.96765899658203},{0},{1},{0},{2}},{{2328.60596, 198.286972, 621.379333, -0.116150111, -0.014062969, 0.993132114, -0.000154471723, 0.999899983, 0.0141407382, -0.993231654, 0.00148903753, -0.116140671},{9.516189575195312, 3.0709333419799805, 80.58353424072266},{9.752535820007324, -2.8982455730438232, 81.84268951416016},{9.27133846282959, 0.22731153666973114, 81.03059387207031},{9.520770072937012, -0.3600149154663086, 80.50390625},{0},{1},{0},{2}},{{2320.89111, 198.288513, 622.280945, -0.116048157, -0.0142976474, 0.993140697, -0.000593548815, 0.999897182, 0.014325561, -0.993243396, 0.00107297755, -0.116044715},{9.713212966918945, 3.203605890274048, 82.22345733642578},{9.631789207458496, -3.02439284324646, 83.00598907470703},{9.560736656188965, 0.3314262926578522, 82.45320892333984},{9.694510459899902, -0.3440958559513092, 82.18146514892578},{0},{1},{0},{2}},{{2313.85913, 198.288605, 623.102661, -0.115865774, -0.014310021, 0.993161798, -0.000189652681, 0.999896526, 0.0143849328, -0.993264854, 0.00147836562, -0.115856498},{9.931802749633789, 3.181535482406616, 84.43224334716797},{9.653189659118652, -3.2296080589294434, 83.60994720458984},{9.696413040161133, 0.403827428817749, 83.64929962158203},{9.868725776672363, -0.30221524834632874, 83.66434478759766},{0},{1},{0},{2}},{{2306.70825, 198.289368, 623.938416, -0.11580158, -0.0142442062, 0.993170202, 0.00013016077, 0.999896944, 0.0143558579, -0.993272364, 0.00179170293, -0.115787789},{9.886120796203613, 3.0386950969696045, 86.31254577636719},{9.846328735351562, -3.1928553581237793, 85.0837173461914},{9.806901931762695, 0.3641520142555237, 84.97394561767578},{10.158651351928711, -0.16138288378715515, 85.45878601074219},{0},{1},{0},{2}},{{2298.58276, 198.288361, 624.886108, -0.116067983, -0.0145926932, 0.993134081, -0.000373611401, 0.999892652, 0.0146483369, -0.993241191, 0.00132915669, -0.116060972},{10.030404090881348, 3.1380817890167236, 87.6158676147461},{10.05751895904541, -3.242687702178955, 86.49999237060547},{9.958590507507324, 0.39928102493286133, 86.31956481933594},{10.322117805480957, -0.12024946510791779, 86.88377380371094},{0},{1},{0},{2}},{{2291.63989, 198.290588, 625.69751, -0.116035484, -0.0150262779, 0.993131399, -0.000785505865, 0.999886632, 0.0150367096, -0.993244767, 0.000964681269, -0.116034135},{10.06501293182373, 3.2466554641723633, 87.61685180664062},{10.098453521728516, -3.2867238521575928, 88.36273193359375},{10.20018482208252, 0.2612437605857849, 87.81285095214844},{10.32314682006836, -0.27439162135124207, 87.4775390625},{1},{1},{0},{2}},{{2282.88647, 198.30069, 626.655396, -0.107311308, -0.0151614882, 0.994109869, 0.0100833746, 0.999815702, 0.0163369812, -0.994174361, 0.0117771244, -0.107138649},{8.567367553710938, 2.6207849979400635, 91.09044647216797},{7.562853813171387, -4.36272668838501, 88.33995056152344},{10.392090797424316, -0.4121464788913727, 89.96226501464844},{9.416666984558105, -0.84005206823349, 89.08320617675781},{1},{1},{0},{3}},{{2275.79517, 198.301163, 627.300354, -0.0922182873, -0.0136468345, 0.995645285, 0.0177183971, 0.999725282, 0.0153438635, -0.99558115, 0.0190562233, -0.0919511542},{3.6111080646514893, 2.67934250831604, 90.1903076171875},{4.912506103515625, -4.287858963012695, 93.8573226928711},{8.388616561889648, -0.7158592343330383, 90.70745086669922},{8.420319557189941, -1.3963593244552612, 88.94757080078125},{0},{1},{0},{3}},{{2266.79956, 198.312851, 627.930176, -0.0707535446, -0.0117140887, 0.99742502, 0.0161219668, 0.999786973, 0.0128854588, -0.997363508, 0.0169921443, -0.0705496147},{3.2267441749572754, 2.8373563289642334, 92.50646209716797},{3.06303071975708, -3.725130081176758, 93.3459701538086},{6.530079364776611, -0.5676745176315308, 91.6402587890625},{6.518599510192871, -1.3067353963851929, 90.52897644042969},{0},{1},{0},{3}},{{2257.64355, 198.314957, 628.411621, -0.054616712, -0.0111189391, 0.998445511, 0.00526262773, 0.999920905, 0.0114232451, -0.998493552, 0.00587834697, -0.0545538776},{3.3739969730377197, 2.6094775199890137, 94.38703155517578},{4.355732440948486, -3.0848119258880615, 92.3972396850586},{4.915842056274414, -0.30514031648635864, 93.51831817626953},{5.172778129577637, -0.6311082243919373, 92.33712768554688},{0},{1},{0},{3}},{{2250.19922, 198.302261, 628.768005, -0.0500333905, -0.0118606538, 0.998677135, -0.00202776492, 0.999928653, 0.0117739271, -0.998745501, -0.00143599289, -0.0500538722},{4.2853474617004395, 3.1189801692962646, 94.34832000732422},{4.601909160614014, -3.013465404510498, 93.77935028076172},{4.597131252288818, 0.3795081675052643, 94.11143493652344},{4.79932165145874, -0.24569161236286163, 93.92333221435547},{0},{1},{0},{3}},{{2240.75684, 198.28981, 629.223938, -0.0480699129, -0.0139044803, 0.99874717, -0.00178145978, 0.999902725, 0.0138348257, -0.998842359, -0.00111418904, -0.0480900034},{4.553865909576416, 3.624767303466797, 95.38763427734375},{5.024936199188232, -3.097517967224121, 96.88616943359375},{5.127095699310303, 0.5252760648727417, 96.71146392822266},{4.641183376312256, -0.3262920379638672, 95.31025695800781},{0},{1},{0},{3}},{{2232.61182, 198.291611, 629.617188, -0.0479852334, -0.0145694371, 0.998741806, -1.51375571e-05, 0.999893606, 0.0145855127, -0.998848021, 0.000684770697, -0.0479803495},{4.719809532165527, 3.6165990829467773, 97.61534881591797},{4.6417412757873535, -3.678138017654419, 96.67249298095703},{4.572964668273926, 0.3908168375492096, 96.69657135009766},{4.761129379272461, -0.28421181440353394, 96.75289916992188},{0},{1},{0},{3}},{{2222.89478, 198.293823, 630.082642, -0.0475376956, -0.014420867, 0.998765349, 0.00107777026, 0.99989444, 0.0144884679, -0.998868883, 0.00176518795, -0.0475171395},{4.696107864379883, 3.6459736824035645, 98.507080078125},{3.438784599304199, -3.753324270248413, 101.00125122070312},{5.20841646194458, 0.39036014676094055, 99.4272232055664},{4.748537540435791, -0.331596314907074, 98.19770050048828},{0},{1},{0},{3}},{{2213.52881, 198.292953, 630.507385, -0.0443594009, -0.0141977808, 0.998914719, 0.00418046117, 0.999887586, 0.0143972524, -0.999006867, 0.00481457775, -0.0442950614},{3.1431491374969482, 3.3188655376434326, 99.8548355102539},{3.2847511768341064, -4.3328857421875, 99.30127716064453},{4.4928107261657715, 0.1417151391506195, 99.85395050048828},{4.605942726135254, -0.6847606301307678, 99.25263214111328},{1},{1},{0},{3}},{{2203.54077, 198.307983, 630.80249, -0.027751144, -0.0138309412, 0.999519169, 0.017189648, 0.999749839, 0.0143113947, -0.999467075, 0.0175785404, -0.0275064521},{-0.20019373297691345, 2.7941269874572754, 102.67561340332031},{0.29040515422821045, -4.6780877113342285, 102.23981475830078},{2.8256442546844482, -0.7683992385864258, 102.14488983154297},{3.016261577606201, -1.360215425491333, 100.66181945800781},{0},{1},{0},{3}},{{2195.44604, 198.313492, 630.905518, -0.0142650586, -0.0129156392, 0.999814808, 0.0152692553, 0.999797165, 0.0131332679, -0.999781668, 0.0154537745, -0.0140649527},{0.1768801063299179, 2.940335273742676, 102.72341918945312},{0.64227694272995, -4.093815803527832, 103.04008483886719},{1.2381943464279175, -0.8388189673423767, 103.18031311035156},{1.626671552658081, -1.1315631866455078, 102.08316802978516},{0},{1},{0},{3}},{{2185.18774, 198.296844, 630.961487, -0.00764656439, -0.0126928408, 0.999890208, -0.00044200159, 0.999919355, 0.0126898317, -0.999970675, -0.000344919448, -0.00765155815},{0.3493729531764984, 3.693469524383545, 103.72709655761719},{0.517080545425415, -3.3947577476501465, 104.47810363769531},{0.6692919731140137, 0.3257472813129425, 103.99382019042969},{0.8470298051834106, -0.5128703117370605, 103.43779754638672},{0},{1},{0},{3}},{{2174.78589, 198.288757, 631.016113, -0.00583942374, -0.0146263614, 0.999875963, -0.00393089186, 0.999885619, 0.0146035459, -0.999975204, -0.003845128, -0.00589625072},{0.5376748442649841, 4.213962078094482, 104.9903335571289},{0.6335828304290771, -3.6161048412323, 106.0087661743164},{0.5648723840713501, 0.5470659732818604, 105.05988311767578},{0.6985267400741577, -0.18827642500400543, 104.91636657714844},{0},{1},{0},{3}},{{2166.3645, 198.290863, 631.066284, -0.00559952017, -0.0153570101, 0.999866366, -0.000830331002, 0.999881804, 0.0153525965, -0.999983966, -0.000744252873, -0.00561160967},{0.6239743828773499, 4.157755374908447, 106.47683715820312},{-0.7556629180908203, -4.051928997039795, 108.68562316894531},{1.0854125022888184, 0.4601513147354126, 107.28665161132812},{0.7039712071418762, -0.19124379754066467, 106.11302947998047},{0},{1},{0},{3}},{{2155.71631, 198.288925, 631.128662, -0.00557992468, -0.0152436746, 0.999868214, 0.000215663022, 0.999883771, 0.0152451154, -0.999984384, 0.000300701213, -0.00557598891},{0.7013483047485352, 4.221662521362305, 107.42616271972656},{0.5729930996894836, -4.075829029083252, 108.46800994873047},{0.524840235710144, 0.3112194240093231, 107.70272064208984},{0.6977328062057495, -0.41117000579833984, 107.37299346923828},{0},{1},{0},{3}},{{2144.93994, 198.29451, 631.165771, -0.00222723302, -0.0150648542, 0.999884009, 0.00481176563, 0.999874771, 0.0150754321, -0.999985933, 0.00484478427, -0.00215446553},{-1.0266493558883667, 3.661386251449585, 108.9050521850586},{-0.9112111330032349, -4.6986236572265625, 108.77223205566406},{0.27201855182647705, 0.024357764050364494, 109.05760192871094},{0.5441169738769531, -0.5266849398612976, 108.92913818359375},{1},{1},{0},{3}},{{2134.05469, 198.310898, 631.026062, 0.0152899912, -0.014781463, 0.99977386, 0.0188236795, 0.999717772, 0.0144927548, -0.999705911, 0.0185978282, 0.0155639173},{-4.976846694946289, 2.669938802719116, 114.20391845703125},{-4.387605667114258, -5.290116786956787, 109.51840209960938},{-1.041139006614685, -0.787874162197113, 111.47321319580078},{-1.4635369777679443, -1.4055438041687012, 109.80364990234375},{0},{1},{0},{3}},{{2123.05054, 198.310394, 630.671631, 0.0317027569, -0.0134905977, 0.999406278, 0.0120054297, 0.999841928, 0.0131156463, -0.999425232, 0.0115824994, 0.0318597071},{-3.923520088195801, 3.406707286834717, 113.8593521118164},{-4.726631164550781, -4.469062805175781, 111.06117248535156},{-3.0555663108825684, -0.359920471906662, 112.57410430908203},{-4.01250696182251, -1.3259356021881104, 111.8773193359375},{0},{1},{0},{3}},{{2111.91528, 198.302826, 630.221375, 0.0389448106, -0.0130327297, 0.999156356, -0.000446149672, 0.999914587, 0.01306001, -0.999241292, -0.00095439289, 0.0389356688},{-3.693324327468872, 3.911503791809082, 114.90192413330078},{-4.621168613433838, -3.761903762817383, 112.61991119384766},{-4.051986217498779, 0.31617987155914307, 113.5152587890625},{-4.345270156860352, -0.2877589166164398, 112.33869171142578},{0},{1},{0},{3}},{{2101.21924, 198.291565, 629.784241, 0.0405959934, -0.0140190432, 0.99907726, -0.0032144587, 0.999894559, 0.0141611258, -0.999170482, -0.00378637761, 0.0405466519},{-4.6408305168151855, 4.435123920440674, 113.40215301513672},{-4.578891754150391, -3.8182060718536377, 114.60668182373047},{-4.802113056182861, 0.45037415623664856, 114.0150146484375},{-4.493776321411133, -0.2068212628364563, 113.44820404052734},{0},{1},{0},{3}},{{2089.26929, 198.288391, 629.305725, 0.0401299298, -0.0151204029, 0.999080062, -0.0013730108, 0.999883711, 0.0151877152, -0.999193549, -0.00198122975, 0.0401045047},{-4.578655242919922, 4.431608200073242, 115.84029388427734},{-4.499621391296387, -4.375096321105957, 114.7243881225586},{-4.69466495513916, 0.5335025787353516, 114.64396667480469},{-4.504939079284668, -0.22565390169620514, 114.83563995361328},{0},{1},{0},{3}},{{2080.07715, 198.289307, 628.943726, 0.0394589826, -0.0154505894, 0.999101758, -0.000821327558, 0.999879599, 0.0154950563, -0.999220848, -0.00143200892, 0.0394415446},{-4.506404399871826, 4.625796318054199, 115.62844848632812},{-4.543015003204346, -4.297116756439209, 116.8326644897461},{-4.759050369262695, 0.29436585307121277, 116.19422912597656},{-4.451187610626221, -0.31562453508377075, 115.61946105957031},{0},{1},{0},{3}},{{2068.48486, 198.289291, 628.490662, 0.0388782583, -0.0152631653, 0.999127388, -0.00076938211, 0.999882579, 0.0153046409, -0.999243677, -0.00136372854, 0.038861949},{-4.9173970222473145, 4.232097625732422, 118.66110229492188},{-4.583726406097412, -4.436652183532715, 116.8804702758789},{-4.627725124359131, 0.4089106619358063, 116.86820983886719},{-4.993712902069092, -0.3258301019668579, 117.83332061767578},{0},{1},{0},{3}},{{2058.54297, 198.288773, 628.105103, 0.038520705, -0.0152961034, 0.999140739, -0.0011640219, 0.999881446, 0.0153523209, -0.999257147, -0.00175440393, 0.0384983346},{-3.1281545162200928, 4.669318199157715, 119.89949798583984},{-4.630245685577393, -4.468986988067627, 118.2093734741211},{-4.1522603034973145, 0.510475754737854, 118.67195129394531},{-4.4892144203186035, -0.27886632084846497, 117.72164916992188},{0},{1},{0},{3}},{{2047.34009, 198.285141, 627.680542, 0.0378143415, -0.0152525855, 0.999168396, -0.00147471204, 0.999881566, 0.0153192841, -0.999283671, -0.00205277419, 0.0377873667},{-4.433452129364014, 4.814967155456543, 118.7450180053711},{-4.817538738250732, -4.276371479034424, 120.13951873779297},{-4.680181980133057, 0.4271988570690155, 119.30520629882812},{-4.389132022857666, -0.34029507637023926, 118.72547149658203},{0},{1},{0},{3}},{{2037.83032, 198.289368, 627.322266, 0.037688572, -0.0148813426, 0.999178708, -0.00106666307, 0.999887943, 0.0149321388, -0.999288976, -0.00162855804, 0.037668474},{-4.920055866241455, 4.300919055938721, 121.47906494140625},{-4.549911975860596, -4.4965901374816895, 119.758544921875},{-4.622607707977295, 0.495260089635849, 119.56222534179688},{-4.370303153991699, -0.18070228397846222, 120.12120056152344},{0},{1},{0},{3}},{{2026.45129, 198.294357, 626.893433, 0.03797042, -0.0145592093, 0.999172807, 0.000144378806, 0.999893904, 0.014564231, -0.999278843, -0.00040875058, 0.037968494},{-4.514423847198486, 4.5773797035217285, 120.57717895507812},{-4.634645462036133, -4.404386520385742, 121.80416870117188},{-4.658886432647705, 0.35817641019821167, 120.7052001953125},{-5.08549165725708, -0.4509349763393402, 121.5045394897461},{0},{1},{0},{3}},{{2014.37183, 198.290054, 626.439636, 0.0375394523, -0.0149623482, 0.999183118, -0.000751484593, 0.999887168, 0.0150011247, -0.999294877, -0.00131400477, 0.0375239737},{-4.50992488861084, 4.74323844909668, 121.57789611816406},{-4.774694442749023, -4.2082839012146, 123.02560424804688},{-4.662707805633545, 0.429197758436203, 121.70758819580078},{-5.078551292419434, -0.3732529580593109, 122.47794342041016},{0},{1},{0},{3}},{{2003.41516, 198.292831, 626.029419, 0.037277814, -0.014713658, 0.999196589, -0.000535787491, 0.999891162, 0.0147438748, -0.999304771, -0.00108497648, 0.0372658707},{-4.460472106933594, 4.613717079162598, 123.02146911621094},{-4.6110992431640625, -4.564024448394775, 122.6228256225586},{-4.770833492279053, 0.3385741412639618, 122.90635681152344},{-4.426425457000732, -0.18256814777851105, 123.01010131835938},{0},{1},{0},{3}},{{1993.61023, 198.29277, 625.666321, 0.0372409709, -0.0148649877, 0.999195755, -0.000592514989, 0.999888837, 0.0148973828, -0.999306142, -0.00114683143, 0.0372280218},{-4.5052103996276855, 4.698630332946777, 123.66716003417969},{-4.645299434661865, -4.63361120223999, 123.31177520751953},{-4.639716625213623, 0.42626380920410156, 123.29017639160156},{-4.512486934661865, -0.3011913001537323, 123.27062225341797},{0},{1},{0},{3}},{{1981.88672, 198.292328, 625.233582, 0.0371938609, -0.015192762, 0.999192595, -0.000203964912, 0.999884307, 0.0152108716, -0.99930805, -0.000769551261, 0.0371864587},{-4.488475322723389, 4.850114345550537, 124.1944351196289},{-6.161388874053955, -4.727758407592773, 126.12332153320312},{-4.662483215332031, 0.3953985571861267, 124.15645599365234},{-4.555310249328613, -0.3189769983291626, 124.15290832519531},{0},{1},{0},{3}},{{1970.70178, 198.293762, 624.820251, 0.0370857716, -0.0151017355, 0.99919796, -0.000916909194, 0.999884844, 0.0151461493, -0.999311686, -0.0014778804, 0.0370676555},{-3.2424368858337402, 4.8477020263671875, 126.94502258300781},{-4.888669013977051, -4.560290336608887, 125.60069274902344},{-4.23818302154541, 0.4405660629272461, 125.86998748779297},{-5.184071063995361, -0.32899028062820435, 125.912353515625},{0},{1},{0},{3}},{{1958.81506, 198.2966, 624.38147, 0.0370939635, -0.0151090669, 0.999197543, -0.000345936802, 0.99988544, 0.0151323108, -0.999311745, -0.00090697658, 0.0370844863},{-4.576382637023926, 4.725671768188477, 126.2794418334961},{-4.7603678703308105, -4.688525199890137, 125.91556549072266},{-4.732524394989014, 0.3008613586425781, 125.9057846069336},{-4.58083438873291, -0.20786812901496887, 125.87210083007812},{0},{1},{0},{3}},{{1946.84827, 198.292496, 623.940247, 0.0371525325, -0.0152483145, 0.999193251, -0.000114424824, 0.999883533, 0.015263102, -0.999309599, -0.00068139541, 0.0371464603},{-4.580174922943115, 4.941476345062256, 126.721923828125},{-6.259054660797119, -4.828315734863281, 128.46551513671875},{-4.75440788269043, 0.3880673944950104, 126.68521881103516},{-4.642559051513672, -0.3249404728412628, 126.6749267578125},{0},{1},{0},{3}},{{1933.56189, 198.299667, 623.444885, 0.0375881456, -0.0169318095, 0.999149859, 0.00228953664, 0.99985528, 0.0168576315, -0.999290705, 0.00165394298, 0.037621472},{-4.555507183074951, 4.710460186004639, 127.76634979248047},{-4.804876804351807, -5.101785659790039, 127.18006896972656},{-4.327695846557617, 0.0626629963517189, 127.90821838378906},{-5.234488487243652, -0.21989455819129944, 127.92259216308594},{0},{1},{0},{4}},{{1921.47717, 198.294876, 622.987732, 0.037753351, -0.0154922456, 0.999166965, 0.000341874606, 0.999879956, 0.0154903829, -0.999287009, -0.000243223985, 0.0377541147},{-5.339040279388428, 4.766286849975586, 127.8984146118164},{-5.409191608428955, -4.833911895751953, 129.10231018066406},{-4.95442533493042, 0.3145143687725067, 127.93474578857422},{-4.750129699707031, -0.17171894013881683, 128.56773376464844},{1},{1},{0},{4}},{{1910.60938, 198.303864, 622.522766, 0.0445127226, -0.0148973027, 0.998897731, 0.00855558738, 0.999857843, 0.0145303681, -0.998972178, 0.00789937098, 0.0446338467},{-6.750751972198486, 4.422720432281494, 128.8332977294922},{-6.616554260253906, -5.23602819442749, 128.33888244628906},{-5.791170120239258, -0.38851144909858704, 129.66798400878906},{-5.469113349914551, -0.9808123111724854, 128.32199096679688},{0},{1},{0},{4}},{{1898.3877, 198.297714, 621.913818, 0.0494400561, -0.0148582654, 0.998666584, 0.00569004519, 0.999877274, 0.0145945866, -0.998760879, 0.00496090064, 0.0495185331},{-6.6916704177856445, 4.655064105987549, 129.52622985839844},{-6.704516887664795, -5.333223342895508, 129.3555450439453},{-6.434704303741455, 0.11615918576717377, 129.5099639892578},{-6.486202239990234, -0.9066497683525085, 129.3621826171875},{0},{1},{0},{4}},{{1885.42981, 198.303299, 621.245667, 0.0507075675, -0.0140111865, 0.998615265, -0.00218119542, 0.999897659, 0.0141399354, -0.998711169, -0.00289517688, 0.0506718159},{-6.642886161804199, 4.832049369812012, 130.44476318359375},{-6.730918884277344, -4.5098371505737305, 130.3982696533203},{-6.64597749710083, 0.3647106885910034, 130.42239379882812},{-6.61861515045166, -0.06879757344722748, 130.38951110839844},{0},{1},{0},{4}},{{1874.99304, 198.309891, 620.718018, 0.0505767092, -0.012917486, 0.998636663, -0.00157424877, 0.99991405, 0.0130137391, -0.998718917, -0.00223029475, 0.0505520292},{-6.187754154205322, 4.626129627227783, 131.68724060058594},{-7.256781578063965, -3.9831600189208984, 133.1913604736328},{-6.2031331062316895, 0.44593238830566406, 132.1075439453125},{-7.186211109161377, -0.13060030341148376, 132.07167053222656},{-1},{1},{0},{4}},{{1863.83057, 198.290146, 620.210327, 0.0431230403, -0.0123497304, 0.998993456, -0.0117569538, 0.999848068, 0.0128678018, -0.999000609, -0.0123000182, 0.0429712944},{-3.9637176990509033, 5.293568134307861, 134.63156127929688},{-2.886147975921631, -3.661468267440796, 131.6602020263672},{-5.909221172332764, 1.3176963329315186, 131.57186889648438},{-5.782783508300781, 0.4649352431297302, 132.29678344726562},{-1},{1},{0},{4}},{{1853.2594, 198.27948, 619.844666, 0.0337635167, -0.0149478931, 0.999318063, -0.016384244, 0.999745488, 0.0155078545, -0.999295533, -0.0168966707, 0.0335100144},{-2.055757761001587, 5.668211936950684, 133.5498809814453},{-1.2921043634414673, -3.9553067684173584, 133.0781707763672},{-4.545866966247559, 1.5330721139907837, 132.38412475585938},{-4.489506721496582, 1.0583022832870483, 133.7424774169922},{0},{1},{0},{4}},{{1841.29321, 198.294006, 619.553528, 0.0241500661, -0.0134329535, 0.999618113, -0.00969064329, 0.999859571, 0.0136703188, -0.999661386, -0.0100170821, 0.0240165014},{-2.5103845596313477, 5.176009178161621, 133.9293212890625},{-2.1896111965179443, -4.163162708282471, 133.85824584960938},{-3.404949903488159, 0.9726657271385193, 133.80523681640625},{-3.127453327178955, 0.5761011838912964, 134.08428955078125},{0},{1},{0},{4}},{{1829.25647, 198.302307, 619.3255, 0.019793909, -0.0118648252, 0.999733686, -0.00201857043, 0.999927044, 0.0119070867, -0.999802053, -0.00225372077, 0.0197685156},{-1.361223816871643, 4.5966477394104, 136.4580078125},{-2.357124090194702, -4.174184799194336, 134.9938507080078},{-2.763418674468994, 0.627199649810791, 134.5530242919922},{-2.4779269695281982, -0.15234142541885376, 134.98744201660156},{0},{1},{0},{4}},{{1817.1488, 198.297836, 619.104065, 0.0186775271, -0.0134829013, 0.99973464, 0.00200622412, 0.999907553, 0.0134477522, -0.99982357, 0.00175452093, 0.0187028497},{-2.6107609272003174, 4.805820465087891, 135.22015380859375},{-2.382500171661377, -4.783007621765137, 136.9622344970703},{-2.6595535278320312, 0.4146174490451813, 135.22409057617188},{-2.464694023132324, -0.5918022394180298, 135.44984436035156},{0},{1},{0},{4}},{{1805.64685, 198.291168, 618.885315, 0.0189133976, -0.0150343468, 0.999708056, 0.00136365904, 0.999886394, 0.0150112296, -0.999820173, 0.00107934768, 0.0189317502},{-2.606621503829956, 5.0317277908325195, 136.69163513183594},{-2.6596853733062744, -5.283446788787842, 136.1610107421875},{-2.6495354175567627, 0.36417829990386963, 136.23068237304688},{-3.0324490070343018, -0.644275426864624, 136.89369201660156},{0},{1},{0},{4}},{{1792.71472, 198.29007, 618.633362, 0.0194290988, -0.0149561409, 0.999699354, -0.000622089603, 0.999887705, 0.0149710495, -0.999811053, -0.000912776566, 0.0194176137},{-1.3786563873291016, 5.40701150894165, 138.94137573242188},{-2.908209800720215, -5.1165032386779785, 137.5279541015625