return {{{2459.77759, 198.261887, 604.982117, -0.159579962, -0.0178874601, 0.987022936, 0.00220595836, 0.999826849, 0.0184761565, -0.987182558, 0.00512575591, -0.159512877},{-0.006671476643532515, 0.002308939816430211, 0.0015048104105517268},{-0.01917416788637638, 0.003052712185308337, -0.008197718299925327},{-0.005320590455085039, -0.0019760492723435163, -0.002492876723408699},{-0.004014544188976288, -0.0021571177057921886, -0.011298866011202335},{0},{0},{0},{1}},{{2459.77759, 198.259247, 604.978882, -0.159519732, -0.0181111973, 0.987028599, -0.000186422069, 0.999832213, 0.0183160044, -0.987194717, 0.00273776031, -0.159496352},{-0.016296133399009705, 0.002172958105802536, 0.010844028554856777},{-0.01531621627509594, 0.0016514345770701766, 0.0008401377126574516},{-0.013105672784149647, -0.0006590760312974453, 0.005437818821519613},{-0.012903919443488121, -0.00081387854879722, 0.0031293544452637434},{0},{0},{0},{1}},{{2459.77759, 198.257858, 604.978027, -0.159515902, -0.018437326, 0.987023175, -0.000993972179, 0.9998281, 0.0185158793, -0.987194836, 0.00197250349, -0.159506813},{0.001329157967120409, 0.0006961305043660104, 0.0031333710066974163},{0.005188977811485529, 0.00045681963092647493, 0.004064197186380625},{0.0033439206890761852, 0.00022050349798519164, 0.00212099589407444},{0.001754574477672577, 0.00010759007273009047, 0.0028710560873150826},{0},{0},{0},{1}},{{2459.77759, 198.258087, 604.978455, -0.15952906, -0.0184144303, 0.987021446, -0.000479201204, 0.999827325, 0.0185758919, -0.987193108, 0.00249041291, -0.159510344},{0.002660800237208605, 0.00030908104963600636, 0.00010459895565873012},{0.0014537250390276313, 0.0003721628454513848, 0.0011756482999771833},{0.0015383966965600848, 0.000012943128240294755, -0.0006437249830923975},{0.002223392715677619, -0.000007929838830023073, -0.0008541953866370022},{0},{0},{0},{1}},{{2459.77759, 198.25827, 604.978455, -0.159527123, -0.018361168, 0.987022758, -0.000411302259, 0.99982816, 0.0185329057, -0.987193465, 0.0025505363, -0.15950726},{0.0008742267382331192, 0.00039695840678177774, 0.0012782267294824123},{-0.0011503411224111915, 0.0004114986804779619, 0.0013673921348527074},{-0.00023561905254609883, -0.00001213830637425417, -0.00017296720761805773},{-0.00024152857076842338, -0.00004452463690540753, -0.00021494140673894435},{0},{0},{0},{1}},{{2459.77759, 198.258255, 604.978394, -0.159527257, -0.0183511786, 0.987022936, -0.000427599589, 0.999828398, 0.0185201541, -0.987193406, 0.00253241858, -0.159507722},{0.0006556021980941296, 0.0002813717001117766, 0.0011269726091995835},{-0.00031491939444094896, 0.0002757874899543822, 0.0012722824467346072},{-0.000011953913599427324, 9.237702158770844e-08, -0.0001821590994950384},{-0.00004950947914039716, -0.000023823084120522253, -0.0001415267906850204},{0},{0},{0},{1}},{{2459.77759, 198.25824, 604.978394, -0.15952684, -0.0183559321, 0.987022936, -0.000428814412, 0.999828339, 0.0185247716, -0.987193525, 0.0025319485, -0.159507319},{0.000561046414077282, 0.0002582830493338406, 0.001711336080916226},{-0.00003743505658349022, 0.000191409548278898, 0.0018034479580819607},{0.0000592096293985378, 0.0000311823096126318, 0.00032293240656144917},{0.00001314027304033516, -0.000008192053428501822, 0.00041170133044943213},{0},{0},{0},{1}},{{2459.77759, 198.258194, 604.978394, -0.159527078, -0.0183649957, 0.987022698, -0.000431778521, 0.99982816, 0.0185334738, -0.987193465, 0.00253041578, -0.159507588},{0.0006239771610125899, 0.00017329449474345893, 0.0013942815130576491},{-0.00021908975031692535, 0.0001827259111450985, 0.0015196494059637189},{-0.000037001915188739076, 0.00001957381027750671, 0.00004375564094516449},{-0.000004268772954674205, -0.000009792799573915545, 0.00010902826033998281},{0},{0},{0},{1}},{{2459.77759, 198.258163, 604.978394, -0.159526691, -0.0183597747, 0.987022877, -0.000440980744, 0.999828279, 0.0185266975, -0.987193525, 0.00252024457, -0.159507394},{0.0008294055005535483, 0.00010401671897852793, 0.0011802559019997716},{-0.0004953577881678939, 0.00016756395052652806, 0.0013621761463582516},{-0.00009935935668181628, 0.00001608766251592897, -0.00017180568829644471},{-0.00003775469303946011, -0.000012358832464087754, -0.00011690120300045237},{0},{0},{0},{1}},{{2459.77759, 198.258179, 604.978394, -0.159526646, -0.0183473006, 0.987023115, -0.000447296625, 0.999828517, 0.0185130406, -0.987193525, 0.002511831, -0.159507498},{0.0008103011641651392, 0.00008614146645413712, 0.0012864989694207907},{-0.00047178613021969795, 0.000038132067857077345, 0.0014685721835121512},{-0.00007706711767241359, 0.000017798909539123997, -0.00006758756353519857},{-0.000024177346858778037, -0.000013686691090697423, -0.000030284842068795115},{0},{0},{0},{1}},{{2459.77759, 198.258179, 604.978394, -0.159527108, -0.0183414761, 0.987023175, -0.000451957079, 0.999828637, 0.0185063872, -0.987193465, 0.00250617857, -0.159508064},{0.0006913039251230657, 0.00007456183811882511, 0.001305125653743744},{-0.00028858098085038364, 0.000039182174077723175, 0.001463379361666739},{-0.00011664633348118514, 0.000022200816601980478, -0.00002285539267177228},{0.00004000776243628934, -5.4318402220587814e-08, 0.00004577629442792386},{0},{0},{0},{1}},{{2459.77759, 198.258148, 604.978394, -0.159527421, -0.0183390379, 0.987023115, -0.000456250564, 0.999828696, 0.0185032245, -0.987193406, 0.00250144186, -0.159508452},{0.0006575650768354535, 0.00006674230826320127, 0.0013690991327166557},{-0.00026653968961909413, 0.000008733145477890503, 0.0015169511316344142},{-0.00010097934864461422, 0.000022415866624214686, 0.00002841369314410258},{0.000018727771021076478, -0.000007536991233791923, 0.00007504398672608659},{0},{0},{0},{1}},{{2459.77759, 198.258118, 604.978455, -0.159525871, -0.0183332637, 0.987023473, -0.000461697258, 0.999828815, 0.0184964929, -0.987193644, 0.00249496312, -0.159507021},{0.0007416713051497936, 0.000036334884498501197, 0.0013011937262490392},{-0.000288594514131546, -0.000005033103207097156, 0.0014819609932601452},{-0.00013816324644722044, 0.000021263525923131965, -0.000010717147233663127},{0.00013725772441830486, -0.00000982395067694597, -0.000009357033377455082},{0},{0},{0},{1}},{{2459.77759, 198.258087, 604.978455, -0.159525529, -0.0183236841, 0.987023711, -0.00046001529, 0.999828994, 0.0184870604, -0.987193704, 0.00249511213, -0.159506679},{0.000734625558834523, 0.00003022189594048541, 0.0012852544896304607},{-0.0002977167605422437, -0.000007125811407604488, 0.0014419417129829526},{-0.00012261344818398356, 0.000015547513612546027, -0.00003155069498461671},{0.0001327384088654071, -0.00001467311358283041, -0.00004669081317842938},{0},{0},{0},{1}},{{2459.77759, 198.258072, 604.978455, -0.159525678, -0.0183173474, 0.98702383, -0.000459134695, 0.999829113, 0.0184807833, -0.987193644, 0.00249498268, -0.159506828},{0.0006781237898394465, 0.000030371040338650346, 0.0012975921854376793},{-0.0002651209942996502, -0.000009454386599827558, 0.001443812856450677},{-0.00013677070091944188, 0.000015386962331831455, -0.00001553716901980806},{0.00011541597632458434, -0.000014871713574393652, -0.000029761526093352586},{0},{0},{0},{1}},{{2459.77759, 198.258026, 604.978455, -0.159526139, -0.0183119886, 0.98702383, -0.000461349468, 0.999829233, 0.018474998, -0.987193584, 0.00249188207, -0.159507334},{0.0006583728245459497, 0.00003263127291575074, 0.0013072917936369777},{-0.0002678540477063507, -0.000014434652257477865, 0.0014254063135012984},{-0.00016791450616437942, 0.000017383747035637498, -0.000011234609701205045},{0.00011196845298400149, -0.000011672077562252525, -0.000019638571757241152},{0},{0},{0},{1}},{{2459.77759, 198.257996, 604.978455, -0.159527004, -0.01830424, 0.98702383, -0.000466867408, 0.999829352, 0.0184662603, -0.987193465, 0.00248505804, -0.159508333},{0.0007432822021655738, -0.000042592906538629904, 0.0012696092016994953},{-0.00026868420536629856, 0.000006291056251939153, 0.0014513015048578382},{-0.00014934303180780262, 0.000020005811165901832, -0.000037405221519293264},{0.0001497835764894262, -0.00001053972573572537, -0.00004815541979041882},{0},{0},{0},{1}},{{2459.77759, 198.25795, 604.978455, -0.159527019, -0.0182943158, 0.987024009, -0.000463197503, 0.999829531, 0.0184567999, -0.987193465, 0.00248717121, -0.159508303},{0.0007316175033338368, 0.00004754346809932031, 0.0012218940537422895},{-0.0002813664614222944, 0.000006789307008148171, 0.0013922597281634808},{-0.0001753414107952267, 0.000014438238395086955, -0.00007169636228354648},{0.0001828882668633014, -0.000013718092304770835, -0.00011177199485246092},{0},{0},{0},{1}},{{2459.77759, 198.25795, 604.978455, -0.159526765, -0.0182848815, 0.987024248, -0.000461590447, 0.99982971, 0.0184475034, -0.987193525, 0.00248726946, -0.159508035},{0.0006951351533643901, 0.000040436651033814996, 0.001261611469089985},{-0.00025920572807081044, -0.0000015697260096203536, 0.0014189007924869657},{-0.0001588269224157557, 0.00001532334863441065, -0.00004144355989410542},{0.00014152112998999655, -0.000013741511793341488, -0.00006718532677041367},{0},{0},{0},{1}},{{2459.77759, 198.257919, 604.978455, -0.159526795, -0.0182770751, 0.987024367, -0.000462299766, 0.999829888, 0.018439481, -0.987193465, 0.00248528994, -0.159508094},{0.000675410614348948, 0.00003924727934645489, 0.0013369577936828136},{-0.0003095345455221832, -0.000005103002422401914, 0.0014707676600664854},{-0.00019386981148272753, 0.00001617061388969887, 0.000014464106243394781},{0.00012469402281567454, -0.00001569096275488846, -0.000023935277567943558},{0},{0},{0},{1}},{{2459.77637, 198.257736, 604.978821, -0.159553036, -0.0181626827, 0.987022281, -0.000481204508, 0.999832034, 0.0183206163, -0.987189233, 0.00244815019, -0.159534976},{0.02050209604203701, 0.00352289155125618, 0.07656253129243851},{0.012827223166823387, -0.002199795562773943, 0.0828346461057663},{0.006355312652885914, 0.0010790338274091482, 0.07560651004314423},{0.017994629219174385, 0.0013099148636683822, 0.07907824963331223},{0},{0.17396142706274986},{0},{1}},{{2459.75073, 198.257797, 604.983398, -0.159613639, -0.0171162449, 0.987031162, -0.000443777913, 0.99985081, 0.0172667876, -0.987179458, 0.00231799227, -0.159597427},{0.1280280500650406, 0.024653756991028786, 0.6363593935966492},{0.08768439292907715, -0.02253269962966442, 0.6475457549095154},{0.08672509342432022, 0.0017864444525912404, 0.6331357359886169},{0.11843358725309372, 0.0013380491873249412, 0.6329306364059448},{0},{0.6596275381743908},{0},{1}},{{2459.65967, 198.260284, 604.998535, -0.159663379, -0.0153946606, 0.987051487, -0.000416568859, 0.99987936, 0.015527349, -0.987171412, 0.00206797407, -0.159650534},{0.31270018219947815, 0.06319092214107513, 1.7346137762069702},{0.25571882724761963, -0.06139512360095978, 1.746177315711975},{0.2654985785484314, 0.005104144103825092, 1.7203903198242188},{0.2910703122615814, -0.0018924917094409466, 1.7199852466583252},{0},{1},{0},{1}},{{2459.40649, 198.26413, 605.039856, -0.159674019, -0.01409938, 0.98706913, -0.000412456866, 0.999898851, 0.0142159192, -0.987169683, 0.0018627895, -0.159663677},{0.5597090721130371, 0.11893344670534134, 3.416698455810547},{0.5442913174629211, -0.11574755609035492, 3.416745185852051},{0.5461034774780273, 0.010666759684681892, 3.386770009994507},{0.5484078526496887, -0.007487365510314703, 3.3877246379852295},{0},{1},{0},{1}},{{2459.05957, 198.263458, 605.095947, -0.159675494, -0.0141733531, 0.987067819, -0.000458745664, 0.999897897, 0.0142833712, -0.987169445, 0.00182789122, -0.159665689},{0.7877716422080994, 0.170869380235672, 4.882593154907227},{0.7938531637191772, -0.16651219129562378, 4.882963180541992},{0.7804256081581116, 0.016127828508615494, 4.845002174377441},{0.7869542837142944, -0.010471011511981487, 4.847644329071045},{0},{1},{0},{1}},{{2458.62085, 198.26265, 605.16687, -0.159666613, -0.0142682977, 0.987067878, -0.000500793161, 0.999896586, 0.0143727325, -0.987170875, 0.00180052861, -0.15965724},{1.0111547708511353, 0.22175560891628265, 6.257547855377197},{1.0112179517745972, -0.2161344289779663, 6.256935119628906},{1.0031019449234009, 0.020921001210808754, 6.209784507751465},{1.0052382946014404, -0.014401454478502274, 6.211706161499023},{0},{1},{0},{1}},{{2457.92383, 198.262207, 605.279663, -0.159674779, -0.0142460177, 0.987066865, -0.000466891943, 0.999896824, 0.0143556613, -0.987169564, 0.00183138356, -0.159664959},{1.289752721786499, 0.2821696996688843, 7.960566520690918},{1.2868239879608154, -0.2749882936477661, 7.960995674133301},{1.2755526304244995, 0.027552112936973572, 7.902080059051514},{1.2816027402877808, -0.018942713737487793, 7.905135631561279},{0},{1},{0},{1}},{{2457.05542, 198.261673, 605.420288, -0.159688473, -0.0140842227, 0.987066984, -0.000411229936, 0.999899089, 0.0142007917, -0.987167358, 0.00186179124, -0.159678146},{1.5828502178192139, 0.344914048910141, 9.764413833618164},{1.5776039361953735, -0.3366031050682068, 9.765806198120117},{1.5642551183700562, 0.0360368974506855, 9.694087028503418},{1.5722137689590454, -0.025818537920713425, 9.698183059692383},{0},{1},{0},{1}},{{2456.00537, 198.261398, 605.590149, -0.159696892, -0.0138631724, 0.987068772, -0.000495003653, 0.999902368, 0.0139633324, -0.987165987, 0.00174129801, -0.15968816},{1.8941781520843506, 0.41053178906440735, 11.677107810974121},{1.8837637901306152, -0.39968061447143555, 11.678858757019043},{1.870963454246521, 0.046203434467315674, 11.594097137451172},{1.8799941539764404, -0.033338043838739395, 11.598377227783203},{0},{1},{0},{1}},{{2454.62451, 198.269241, 605.813232, -0.159711108, -0.013009402, 0.987078071, -0.00053060113, 0.999914169, 0.0130927255, -0.987163663, 0.00156730902, -0.159704298},{2.2599337100982666, 0.492026686668396, 13.87522029876709},{2.2316627502441406, -0.4785713851451874, 13.88112735748291},{2.230344772338867, 0.05610913038253784, 13.83375072479248},{2.2462878227233887, -0.03949188441038132, 13.839219093322754},{0},{1},{0},{1}},{{2453.30664, 198.275986, 606.02655, -0.159720182, -0.0119503653, 0.987089992, -0.000551229343, 0.99992764, 0.0120165925, -0.987162173, 0.00137517939, -0.159715205},{2.5784213542938232, 0.5494239330291748, 15.814704895019531},{2.5425820350646973, -0.5342282652854919, 15.821263313293457},{2.5511474609375, 0.06882113218307495, 15.805129051208496},{2.564276695251465, -0.053157415241003036, 15.803938865661621},{0},{1},{0},{1}},{{2451.80469, 198.283478, 606.269348, -0.159644946, -0.0111162383, 0.987111926, -0.000262172485, 0.999937057, 0.0112182656, -0.987174451, 0.00153214589, -0.159637809},{2.836676836013794, 0.27696430683135986, 17.968263626098633},{2.8154995441436768, -0.876419723033905, 17.945695877075195},{2.9036428928375244, 0.07962945848703384, 17.945749282836914},{2.906665086746216, -0.07878018915653229, 17.916213989257812},{1},{1},{0},{1}},{{2449.99878, 198.296768, 606.539673, -0.155249372, -0.0102322642, 0.987822294, 0.0036431374, 0.9999336, 0.0109302858, -0.987868607, 0.00529569248, -0.155201793},{2.249797821044922, -0.16166892647743225, 20.832950592041016},{2.22792649269104, -1.3722362518310547, 20.302616119384766},{3.3140852451324463, -0.006963015999644995, 20.528589248657227},{3.1424365043640137, -0.27601131796836853, 20.015653610229492},{1},{1},{0},{1}},{{2447.71143, 198.309509, 606.814026, -0.14067778, -0.00882139895, 0.990016162, 0.00498610036, 0.999941289, 0.00961834285, -0.990042865, 0.00628940715, -0.140625536},{1.9686449766159058, 1.0117546319961548, 24.171485900878906},{1.9434133768081665, -0.40572479367256165, 23.334428787231445},{3.2986276149749756, -0.20049704611301422, 24.24837303161621},{3.3334193229675293, -0.3667738735675812, 22.999502182006836},{0},{1},{0},{1}},{{2445.4729, 198.307953, 607.065186, -0.130733296, -0.00629896298, 0.99139756, -3.94135714e-05, 0.999979854, 0.00634829421, -0.991417587, 0.000790858932, -0.130730912},{2.6170763969421387, 0.911090612411499, 26.89243507385254},{2.650280714035034, -0.516076385974884, 26.381717681884766},{3.513132095336914, 0.06713229417800903, 26.747268676757812},{3.446166515350342, -0.323139488697052, 26.12720489501953},{0},{1},{0},{1}},{{2442.66211, 198.309906, 607.387695, -0.123743385, -0.00449813763, 0.992304027, -0.00181766134, 0.999989092, 0.00430630567, -0.99231261, -0.00127079594, -0.12375021},{3.226750135421753, 0.8669887781143188, 30.229915618896484},{3.300356149673462, -0.5921707153320312, 29.934669494628906},{3.7609384059906006, 0.21070076525211334, 30.145681381225586},{3.737630605697632, -0.26953834295272827, 29.85040283203125},{0},{1},{0},{1}},{{2439.48584, 198.312698, 607.758911, -0.119815342, -0.00411754707, 0.992787659, -0.000901174033, 0.999991417, 0.00403866544, -0.992795765, -0.00041078034, -0.119818032},{3.779589891433716, 0.8787552118301392, 33.90434646606445},{3.859090805053711, -0.7285492420196533, 33.73572540283203},{4.089828014373779, 0.26366981863975525, 33.85149002075195},{4.080865859985352, -0.2900819778442383, 33.681400299072266},{0},{1},{0},{1}},{{2436.47949, 198.314255, 608.109436, -0.117838413, -0.00380860502, 0.993025482, -0.000446250633, 0.999992728, 0.00378237199, -0.993032694, 2.57045417e-06, -0.117839254},{4.237818717956543, 0.9150754809379578, 37.24150848388672},{4.2953267097473145, -0.8285202980041504, 37.1456298828125},{4.416471004486084, 0.3093850910663605, 37.20185470581055},{4.412039756774902, -0.3175237774848938, 37.10702896118164},{0},{1},{0},{1}},{{2432.97632, 198.315994, 608.517822, -0.116735071, -0.00342805427, 0.993157148, -0.000317934522, 0.999994099, 0.00341428351, -0.993163049, 8.28076736e-05, -0.116735473},{4.707803726196289, 0.9646251201629639, 40.923709869384766},{4.751497268676758, -0.9077460169792175, 40.870304107666016},{4.804515361785889, 0.3561340272426605, 40.893917083740234},{4.807613849639893, -0.3485434651374817, 40.839378356933594},{0},{1},{0},{1}},{{2429.36011, 198.317093, 608.938843, -0.116163328, -0.00323025975, 0.993224859, -0.000329330214, 0.999994755, 0.00321376044, -0.993230045, 4.6222136e-05, -0.116163783},{5.129487991333008, 1.0234720706939697, 44.385093688964844},{5.171029567718506, -0.9809321761131287, 44.357330322265625},{5.187236785888672, 0.39792367815971375, 44.3592643737793},{5.18704080581665, -0.3764771521091461, 44.335147857666016},{0},{1},{0},{1}},{{2425.69238, 198.317215, 609.365906, -0.115891717, -0.00332960533, 0.993256271, -0.0003159591, 0.999994457, 0.00331532746, -0.993261814, 7.0390648e-05, -0.115892127},{5.507321834564209, 1.0979002714157104, 47.53468322753906},{5.543381214141846, -1.057672142982483, 47.518428802490234},{5.544249534606934, 0.42762431502342224, 47.513328552246094},{5.544912815093994, -0.39915701746940613, 47.500240325927734},{0},{1},{0},{1}},{{2420.50439, 198.317307, 609.96991, -0.115735367, -0.00357796461, 0.993273616, -0.000443159865, 0.999993622, 0.0035505346, -0.993279994, -2.92565692e-05, -0.115736216},{5.969253063201904, 1.2027003765106201, 51.460227966308594},{6.007441520690918, -1.1555143594741821, 51.451656341552734},{5.993550777435303, 0.46029648184776306, 51.44208526611328},{5.9920573234558105, -0.4197041094303131, 51.436893463134766},{0},{1},{0},{1}},{{2415.19678, 198.317108, 610.588074, -0.115696952, -0.00410556328, 0.99327606, -0.000490155537, 0.999991596, 0.00407622708, -0.993284464, -1.52527236e-05, -0.115697987},{6.349479675292969, 1.3083115816116333, 54.76082229614258},{6.400344371795654, -1.2619853019714355, 54.75569534301758},{6.3913469314575195, 0.502551794052124, 54.70994567871094},{6.3468546867370605, -0.4194739758968353, 54.729644775390625},{0},{1},{0},{1}},{{2411.06958, 198.314972, 611.06842, -0.115721337, -0.00780110573, 0.993251085, -0.000647857727, 0.999969542, 0.0077783931, -0.993281484, 0.000256640633, -0.115722865},{6.467586994171143, 1.5542348623275757, 55.925662994384766},{6.582062721252441, -1.4916622638702393, 55.92558288574219},{6.514011859893799, 0.33192718029022217, 55.90269088745117},{6.506433486938477, -0.2700596749782562, 55.914390563964844},{0},{1},{0},{2}},{{2405.37622, 198.307053, 611.731812, -0.115678929, -0.00823245198, 0.993252516, -0.000398434146, 0.999965966, 0.00824169256, -0.99328655, 0.000557644409, -0.115678273},{6.782578945159912, 1.7408826351165771, 58.24119186401367},{6.787709712982178, -1.6978130340576172, 58.2451171875},{6.770321369171143, 0.4006456434726715, 58.20995330810547},{6.789299488067627, -0.3458695709705353, 58.226173400878906},{0},{1},{0},{2}},{{2400.95288, 198.309921, 612.246826, -0.115661018, -0.00768835144, 0.993259013, -0.000362057675, 0.999970317, 0.00769814011, -0.993288696, 0.000530757708, -0.115660369},{6.991398811340332, 1.7339611053466797, 60.01523208618164},{6.981590270996094, -1.6881458759307861, 60.01416778564453},{6.982656478881836, 0.40903639793395996, 59.98665237426758},{6.987882137298584, -0.357401967048645, 59.998435974121094},{0},{1},{0},{2}},{{2395.15967, 198.312332, 612.921509, -0.115654878, -0.00727620907, 0.993262827, -0.000382391503, 0.999973416, 0.00728084287, -0.993289411, 0.000462249736, -0.115654588},{7.242092132568359, 1.7452642917633057, 62.26915740966797},{7.258841037750244, -1.6946600675582886, 62.26691818237305},{7.246405601501465, 0.4188706874847412, 62.247406005859375},{7.2507171630859375, -0.3663720488548279, 62.25478744506836},{0},{1},{0},{2}},{{2389.15234, 198.312149, 613.620911, -0.115663446, -0.00750406785, 0.993260086, -0.000420776545, 0.999971747, 0.00750577543, -0.993288398, 0.000450203341, -0.115663342},{7.498970985412598, 1.8249797821044922, 64.5062026977539},{7.522983074188232, -1.7715058326721191, 64.5024642944336},{7.507763862609863, 0.4253777861595154, 64.48483276367188},{7.509764194488525, -0.36962637305259705, 64.49180603027344},{0},{1},{0},{2}},{{2382.9353, 198.312256, 614.344849, -0.115672804, -0.00766622648, 0.993257761, -0.000463402044, 0.999970496, 0.00766407, -0.993287265, 0.000426246785, -0.115672946},{7.759390354156494, 1.8984969854354858, 66.69496154785156},{7.776689529418945, -1.8406493663787842, 66.69403839111328},{7.764002323150635, 0.42945489287376404, 66.67891693115234},{7.766794204711914, -0.36999377608299255, 66.68392181396484},{0},{1},{0},{2}},{{2377.54077, 198.312332, 614.973145, -0.115677997, -0.00783831254, 0.993255854, -0.000458423776, 0.999969184, 0.00783790182, -0.993286669, 0.000451340689, -0.115678027},{7.969509124755859, 1.9605469703674316, 68.49805450439453},{7.989030361175537, -1.902093768119812, 68.4967269897461},{7.974766254425049, 0.4300186038017273, 68.48372650146484},{7.979648113250732, -0.3696484863758087, 68.48677062988281},{0},{1},{0},{2}},{{2370.59814, 198.312134, 615.78186, -0.115691714, -0.00811281335, 0.993252039, -0.000405322819, 0.999966919, 0.00812044926, -0.99328506, 0.000536880922, -0.115691178},{8.226279258728027, 2.045973062515259, 70.69430541992188},{8.246599197387695, -1.9867095947265625, 70.69373321533203},{8.231207847595215, 0.427731990814209, 70.68222045898438},{8.23410701751709, -0.36943358182907104, 70.68488311767578},{0},{1},{0},{2}},{{2364.88843, 198.311859, 616.447021, -0.115703098, -0.00837108959, 0.993248582, -0.000408837688, 0.999964774, 0.00838006847, -0.993283749, 0.000563522452, -0.115702443},{8.424120903015137, 2.118032693862915, 72.40159606933594},{8.444222450256348, -2.058420419692993, 72.4000244140625},{8.431081771850586, 0.42565011978149414, 72.38955688476562},{8.433277130126953, -0.36628010869026184, 72.39105224609375},{0},{1},{0},{2}},{{2358.3042, 198.311554, 617.214355, -0.115707509, -0.00864228699, 0.993245721, -0.000424745464, 0.999962509, 0.00865124911, -0.993283212, 0.000579137821, -0.115706839},{8.645398139953613, 2.196565866470337, 74.27545928955078},{8.663595199584961, -2.135504961013794, 74.27518463134766},{8.649025917053223, 0.4239756762981415, 74.26399993896484},{8.652581214904785, -0.36159205436706543, 74.2678451538086},{0},{1},{0},{2}},{{2351.5542, 198.31131, 618.000732, -0.115717635, -0.0089151226, 0.993242145, -0.000437334849, 0.999960065, 0.00892447028, -0.99328208, 0.000598339131, -0.115716912},{8.855914115905762, 2.2745156288146973, 76.0826416015625},{8.874106407165527, -2.2118449211120605, 76.08207702636719},{8.861763000488281, 0.42144984006881714, 76.06949615478516},{8.862457275390625, -0.35586968064308167, 76.07306671142578},{0},{1},{0},{2}},{{2345.03394, 198.311172, 618.760803, -0.115727358, -0.00917309243, 0.993238688, -0.000428543863, 0.99995774, 0.00918521453, -0.993280947, 0.000637334306, -0.115726396},{9.04967975616455, 2.3464608192443848, 77.74149322509766},{9.067792892456055, -2.282615900039673, 77.74097442626953},{9.054730415344238, 0.4143637418746948, 77.72918701171875},{9.05813980102539, -0.34882569313049316, 77.73382568359375},{0},{1},{0},{2}},{{2338.37402, 198.310913, 619.536804, -0.115734659, -0.00941617787, 0.993235528, -0.000411420129, 0.999955416, 0.00943194516, -0.993280053, 0.000682965794, -0.115733378},{9.236519813537598, 2.4179463386535645, 79.33855438232422},{9.253756523132324, -2.353562831878662, 79.3360824584961},{9.24237060546875, 0.4085368514060974, 79.327392578125},{9.24450969696045, -0.3438148498535156, 79.3268814086914},{0},{1},{0},{2}},{{2331.5813, 198.310715, 620.328369, -0.1157436, -0.00968290307, 0.993231952, -0.000405508617, 0.999952853, 0.00970117003, -0.99327904, 0.000720084237, -0.115742072},{9.419865608215332, 2.4881651401519775, 80.88355255126953},{9.435015678405762, -2.42299485206604, 80.88238525390625},{9.422186851501465, 0.4001610279083252, 80.87271881103516},{9.425455093383789, -0.33467236161231995, 80.873779296875},{0},{1},{0},{2}},{{2324.24951, 198.310425, 621.182861, -0.115754455, -0.00995170046, 0.993228018, -0.000414145994, 0.99995023, 0.00997078791, -0.993277788, 0.000742821721, -0.115752809},{9.602149963378906, 2.5642974376678467, 82.4500732421875},{9.616850852966309, -2.4966042041778564, 82.4498519897461},{9.606254577636719, 0.3929104208946228, 82.44033813476562},{9.608551979064941, -0.3263944983482361, 82.43729400634766},{0},{1},{0},{2}},{{2316.3606, 198.31015, 622.102295, -0.115757897, -0.010258765, 0.993224502, -0.000414422335, 0.999947071, 0.0102799004, -0.993277371, 0.000778365298, -0.11575602},{9.787823677062988, 2.6431992053985596, 84.03483581542969},{9.801815032958984, -2.573413848876953, 84.03327941894531},{9.79158878326416, 0.3825080692768097, 84.02349090576172},{9.792698860168457, -0.31446364521980286, 84.02157592773438},{0},{1},{0},{2}},{{2307.89771, 198.309814, 623.088623, -0.115774058, -0.0105694178, 0.993219316, -0.000425628212, 0.999943793, 0.0105913645, -0.993275464, 0.000803462986, -0.115772054},{9.978716850280762, 2.7248916625976562, 85.63938903808594},{9.991125106811523, -2.6540446281433105, 85.64024353027344},{9.978035926818848, 0.3722892999649048, 85.62881469726562},{9.982894897460938, -0.30055829882621765, 85.63013458251953},{0},{1},{0},{2}},{{2300.58203, 198.310333, 623.94043, -0.115559623, -0.0107406173, 0.993242502, 5.4473192e-05, 0.999941468, 0.010819396, -0.993300557, 0.00130439037, -0.115552269},{9.870781898498535, 2.55082106590271, 86.9830093383789},{9.103789329528809, -2.9649438858032227, 89.60476684570312},{10.150911331176758, 0.3290593922138214, 86.94976806640625},{10.133773803710938, -0.3205775320529938, 86.85722351074219},{1},{1},{0},{2}},{{2292.28003, 198.324493, 624.840881, -0.106389537, -0.00996061414, 0.994274616, 0.0108051542, 0.999879181, 0.0111729354, -0.994265795, 0.0119319744, -0.106269062},{6.5866169929504395, 1.7344969511032104, 88.88591766357422},{7.633030414581299, -3.3616514205932617, 88.64508056640625},{9.55720329284668, -0.38961300253868103, 88.7384262084961},{9.6286039352417, -0.8271890878677368, 87.79715728759766},{1},{1},{0},{2}},{{2283.45776, 198.303741, 625.594971, -0.0855427757, -0.0151612386, 0.996219158, 0.0159778688, 0.999734759, 0.0165867209, -0.996206403, 0.0173363332, -0.0852778405},{2.7891929149627686, 3.0077736377716064, 89.41592407226562},{4.123546123504639, -3.9671010971069336, 93.3285903930664},{7.749018669128418, -0.7028772830963135, 89.77494049072266},{7.727956771850586, -1.1347625255584717, 88.61253356933594},{0},{1},{0},{3}},{{2274.4939, 198.312073, 626.167603, -0.0649202466, -0.0152454646, 0.997774005, 0.0146708554, 0.999760628, 0.0162303802, -0.997782588, 0.0156918783, -0.0646810383},{3.7052853107452393, 3.072744607925415, 91.84777069091797},{4.374372959136963, -3.889117956161499, 91.55797576904297},{5.984516143798828, -0.7888845205307007, 91.3507308959961},{5.617811679840088, -1.0612939596176147, 91.51154327392578},{0},{1},{0},{3}},{{2265.82935, 198.314529, 626.59668, -0.0517786965, -0.0110063823, 0.99859792, 0.00450144568, 0.999926507, 0.0112544317, -0.998648465, 0.00507787429, -0.0517253503},{5.2448344230651855, 2.750450849533081, 95.2478256225586},{4.19563627243042, -3.0689611434936523, 92.1578369140625},{4.624728679656982, -0.0393047109246254, 92.46207427978516},{4.820754528045654, -0.5369681715965271, 92.1231460571289},{0},{1},{0},{3}},{{2256.55811, 198.302139, 627.020752, -0.0460728705, -0.0121558169, 0.998864114, 0.00087567867, 0.999925077, 0.0122091193, -0.998937726, 0.00143719313, -0.046058774},{3.27744460105896, 2.900408983230591, 93.87928771972656},{2.6934335231781006, -4.991861820220947, 100.02961730957031},{4.384875774383545, 0.26874640583992004, 93.90589141845703},{4.5485453605651855, -0.35986462235450745, 93.69527435302734},{1},{1},{0},{3}},{{2246.20312, 198.300827, 627.356873, -0.0295331031, -0.0137929861, 0.999468625, 0.0162790082, 0.999765515, 0.0142781083, -0.999431252, 0.0166920349, -0.0293016434},{-1.5136659145355225, 1.5865075588226318, 101.6932601928711},{-0.6195566654205322, -5.241241455078125, 95.01836395263672},{2.806044578552246, -0.6820046305656433, 96.47251892089844},{3.030602216720581, -1.3712226152420044, 94.97134399414062},{1},{1},{0},{3}},{{2237.60449, 198.305878, 627.449768, -0.0106895631, -0.0143711707, 0.999839604, 0.0221848488, 0.9996472, 0.0146055901, -0.999696732, 0.022337418, -0.0103669688},{-3.790355920791626, 2.2947194576263428, 103.22190856933594},{-4.214022159576416, -5.001339912414551, 102.59754943847656},{1.1346935033798218, -0.908287525177002, 97.7254867553711},{1.203874945640564, -1.7818628549575806, 95.9191665649414},{0},{1},{0},{3}},{{2229.37891, 198.311111, 627.37323, 0.00568181742, -0.0131825143, 0.999896944, 0.0124724088, 0.999836266, 0.0131108407, -0.999906063, 0.0123966299, 0.00584530504},{-3.309816360473633, 2.8887014389038086, 99.16016387939453},{-2.210573196411133, -3.9196605682373047, 97.32955932617188},{-0.7453688979148865, -0.6881035566329956, 98.83195495605469},{-0.4859946370124817, -1.0663342475891113, 97.5895004272461},{0},{1},{0},{3}},{{2220.55249, 198.311874, 627.201538, 0.0168988425, -0.0103175407, 0.99980396, 0.00177979551, 0.999945462, 0.0102889193, -0.999855638, 0.00160557579, 0.0169162843},{-2.5247385501861572, 3.0778629779815674, 99.26632690429688},{-2.1613945960998535, -3.028559923171997, 99.13278198242188},{-1.7512657642364502, 0.19473904371261597, 99.35706329345703},{-2.1957993507385254, -0.6455786824226379, 100.21442413330078},{0},{1},{0},{3}},{{2211.10132, 198.300354, 627.004761, 0.0199337341, -0.0111176819, 0.999739468, -0.00315902103, 0.999932468, 0.0111828158, -0.999796331, -0.00338111329, 0.0198972672},{-2.268956184387207, 3.4042346477508545, 100.76944732666016},{-1.6164015531539917, -2.7101407051086426, 101.9053726196289},{-1.5572447776794434, 0.7059683203697205, 101.73137664794922},{-1.966990351676941, -0.2759905755519867, 100.42958068847656},{0},{1},{0},{3}},{{2201.01099, 198.300079, 626.802185, 0.0205858946, -0.0130529795, 0.999702871, 0.000225715004, 0.999914825, 0.0130510991, -0.999788046, -4.30206092e-05, 0.0205870867},{-2.088387966156006, 3.5518741607666016, 102.2188720703125},{-1.9230250120162964, -3.5865747928619385, 101.8071060180664},{-1.6374226808547974, 0.429108589887619, 103.15166473388672},{-1.9911696910858154, -0.31857386231422424, 101.85919952392578},{0},{1},{0},{3}},{{2191.29248, 198.289246, 626.606995, 0.0199043155, -0.0149997501, 0.999689341, -0.000326458161, 0.999887288, 0.0150092198, -0.999801815, -0.000625104993, 0.019897176},{-7.481164455413818, 3.38848614692688, 103.76932525634766},{-1.9927902221679688, -3.928609848022461, 103.14908599853516},{-2.2444798946380615, 0.2175392210483551, 103.58680725097656},{-1.986354947090149, -0.2688233256340027, 103.15985870361328},{0},{1},{0},{3}},{{2181.4646, 198.293549, 626.407837, 0.0204167645, -0.0139754349, 0.999693871, -0.0026009127, 0.999898195, 0.0140314102, -0.999788165, -0.00288659241, 0.0203783363},{-2.104090452194214, 4.05621337890625, 104.33230590820312},{-2.194000482559204, -3.643104076385498, 104.79810333251953},{-2.2186450958251953, 0.4018024802207947, 104.75495147705078},{-2.0081164836883545, -0.10036183893680573, 104.70006561279297},{0},{1},{0},{3}},{{2170.45996, 198.295273, 626.188293, 0.0204376522, -0.0141133908, 0.999691486, 0.000374956377, 0.999900401, 0.0141086746, -0.999791086, 8.64925241e-05, 0.0204409081},{-0.7091159224510193, 3.9131665229797363, 108.38117218017578},{-2.083862781524658, -3.8917086124420166, 106.17359161376953},{-2.225632667541504, 0.3658021092414856, 105.76712799072266},{-2.1541526317596436, -0.32973527908325195, 105.87812042236328},{0},{1},{0},{3}},{{2160.91309, 198.302734, 626.001343, 0.0197234638, -0.0149341235, 0.99969393, -0.00153855339, 0.999886811, 0.0149673596, -0.999804318, -0.00183329068, 0.0196982529},{-2.0353596210479736, 3.972386598587036, 106.92023468017578},{-2.1241939067840576, -3.7071712017059326, 107.29203033447266},{-2.2247416973114014, 0.09397387504577637, 107.19062042236328},{-2.553189754486084, -0.05799185484647751, 108.08914947509766},{0},{1},{0},{3}},{{2150.72021, 198.289352, 625.802368, 0.0196619555, -0.0145651661, 0.999700606, -0.00108527066, 0.99989301, 0.0145893143, -0.999806106, -0.0013718002, 0.0196440443},{-0.7073993682861328, 4.209589004516602, 110.70435333251953},{-2.1717796325683594, -4.002023220062256, 108.57249450683594},{-2.2120330333709717, 0.4538809359073639, 108.22824096679688},{-2.6142923831939697, -0.41108596324920654, 109.33781433105469},{0},{1},{0},{3}},{{2142.04468, 198.285797, 625.634827, 0.0194328111, -0.0153922597, 0.999692678, -9.7712109e-05, 0.999881446, 0.0153970663, -0.999811172, -0.000396890362, 0.0194290038},{-2.033717155456543, 4.318214416503906, 109.33242797851562},{-1.8626224994659424, -3.9606194496154785, 110.92401885986328},{-2.3412060737609863, 0.23754602670669556, 109.74569702148438},{-2.0202088356018066, -0.3919200599193573, 109.18872833251953},{0},{1},{0},{3}},{{2132.73804, 198.28804, 625.453308, 0.0192848779, -0.0156356264, 0.999691784, 1.32191462e-05, 0.999877691, 0.0156382807, -0.999814034, -0.000288367242, 0.0192827247},{-2.0207905769348145, 4.365016460418701, 110.74065399169922},{-3.6963138580322266, -4.407987117767334, 112.708740234375},{-1.6831762790679932, 0.4719827473163605, 111.4666976928711},{-2.0601959228515625, -0.298554003238678, 110.36897277832031},{0},{1},{0},{3}},{{2122.22876, 198.287033, 625.251587, 0.0191447455, -0.0153767485, 0.99969846, -0.000431676133, 0.999881506, 0.0153878303, -0.999816656, -0.000726142083, 0.0191358384},{-2.0321004390716553, 4.403627872467041, 111.60587310791016},{-1.888124704360962, -3.9957447052001953, 113.2270278930664},{-2.353640079498291, 0.22797012329101562, 112.0204086303711},{-2.0328447818756104, -0.3499486744403839, 111.46094512939453},{0},{1},{0},{3}},{{2112.17407, 198.294235, 625.041138, 0.0216852147, -0.0152219683, 0.999648988, 0.00399213936, 0.999877453, 0.0151388468, -0.999756873, 0.00366244884, 0.0217433255},{-3.665743350982666, 3.6384975910186768, 113.16879272460938},{-4.90877103805542, -4.877012252807617, 114.67129516601562},{-1.8528327941894531, 0.20588135719299316, 113.91293334960938},{-2.2640738487243652, -0.5880222320556641, 112.41436004638672},{1},{1},{0},{3}},{{2102.0332, 198.304565, 624.729309, 0.0318982489, -0.0147693371, 0.999382019, 0.0133647854, 0.999807715, 0.0143490518, -0.999401748, 0.0128988167, 0.0320895053},{-4.4318156242370605, 3.73703932762146, 113.77250671386719},{-4.464419841766357, -4.788491725921631, 114.46690368652344},{-3.6755268573760986, -0.3494809865951538, 113.79460906982422},{-3.5803675651550293, -1.30751371383667, 113.35154724121094},{0},{1},{0},{3}},{{2092.36353, 198.302673, 624.369934, 0.0356790163, -0.0140110273, 0.999265075, 0.00407100702, 0.999895453, 0.0138745103, -0.999355018, 0.00357298623, 0.0357323252},{-4.418222427368164, 3.8568851947784424, 114.78394317626953},{-4.027382850646973, -3.9855782985687256, 116.22477722167969},{-4.24770450592041, 0.007976430468261242, 114.75348663330078},{-4.647858142852783, -0.6349340081214905, 115.54788208007812},{0},{1},{0},{3}},{{2083.18335, 198.291718, 624.020142, 0.0369239636, -0.0141819287, 0.999217451, -0.00303381588, 0.999893069, 0.0143036274, -0.999313474, -0.00355958845, 0.0368769914},{-4.406286716461182, 4.341093063354492, 116.6413345336914},{-4.333230972290039, -4.1162919998168945, 115.47513580322266},{-3.8846521377563477, 0.6278744339942932, 116.57440948486328},{-4.188051223754883, -0.14860257506370544, 115.6264877319336},{0},{1},{0},{3}},{{2071.60278, 198.287933, 623.590393, 0.0372784659, -0.0154166119, 0.999185979, -0.00179136661, 0.999878347, 0.0154941287, -0.999303281, -0.0023675058, 0.0372463129},{-4.300200462341309, 4.711556434631348, 117.16429138183594},{-5.894791603088379, -4.462674140930176, 118.81626892089844},{-4.470186710357666, 0.38598915934562683, 117.1275405883789},{-4.201900959014893, -0.22445343434810638, 116.6212387084961},{0},{1},{0},{3}},{{2060.49658, 198.289764, 623.182312, 0.0369816273, -0.0158503987, 0.999190211, -9.71558547e-05, 0.999874115, 0.0158648454, -0.999315917, -0.000683784951, 0.0369754322},{-4.244134426116943, 4.66065788269043, 118.18495178222656},{-5.932600975036621, -4.6971354484558105, 119.88532257080078},{-4.52202844619751, 0.24252022802829742, 118.18956756591797},{-4.2206292152404785, -0.26240256428718567, 117.72642517089844},{0},{1},{0},{3}},{{2048.7002, 198.290619, 622.752319, 0.0363066569, -0.0151590882, 0.999225736, -0.000497116067, 0.999884546, 0.0151871452, -0.999340594, -0.00104812568, 0.0362949297},{-4.261754989624023, 4.624950408935547, 119.29192352294922},{-5.912289142608643, -4.603943824768066, 120.97042846679688},{-4.388731956481934, 0.3832147717475891, 118.9222640991211},{-4.201213359832764, -0.3003659248352051, 118.78604125976562},{0},{1},{0},{3}},{{2037.39575, 198.29277, 622.340393, 0.0365474932, -0.014766519, 0.999222815, 0.000157435963, 0.999890924, 0.0147706335, -0.999331892, -0.000382516009, 0.0365458317},{-4.808371543884277, 4.17391300201416, 121.81526947021484},{-4.405930519104004, -4.5172624588012695, 119.9041748046875},{-4.475497245788574, 0.3907696604728699, 119.79496002197266},{-4.229389667510986, -0.22946076095104218, 120.31745910644531},{0},{1},{0},{3}},{{2026.59827, 198.291443, 621.949097, 0.0363529213, -0.0143460343, 0.999236047, -0.000304543064, 0.999896765, 0.0143665997, -0.999338984, -0.000826578296, 0.0363448001},{-4.3136749267578125, 4.586625099182129, 120.72508239746094},{-4.554481029510498, -4.1671247482299805, 122.14271545410156},{-4.499752044677734, 0.4480970799922943, 120.83230590820312},{-4.905118465423584, -0.4290589690208435, 121.70340728759766},{0},{1},{0},{3}},{{2015.7179, 198.2901, 621.557007, 0.0360315181, -0.0142488899, 0.999249041, -0.0013760844, 0.999896705, 0.0143077448, -0.999349713, -0.00189058075, 0.0360081866},{-3.0660195350646973, 4.756847381591797, 123.7557373046875},{-4.422237873077393, -4.446547985076904, 122.13288879394531},{-4.488543510437012, 0.5672566890716553, 121.64682006835938},{-4.327859878540039, -0.3515385389328003, 121.68815612792969},{0},{1},{0},{3}},{{2005.97839, 198.296814, 621.208374, 0.0359111279, -0.0144619718, 0.999250352, -0.000179047216, 0.999895155, 0.0144777391, -0.999354959, -0.000698824937, 0.0359047726},{-4.5947418212890625, 4.383883953094482, 124.00094604492188},{-4.406784534454346, -4.477989196777344, 122.62255096435547},{-4.467397212982178, 0.4458328187465668, 122.39613342285156},{-4.32865571975708, -0.282596230506897, 122.4642333984375},{0},{1},{0},{3}},{{1994.33215, 198.295227, 620.79303, 0.0358170159, -0.0142567009, 0.99925667, 5.4807675e-05, 0.999898255, 0.0142638898, -0.999358356, -0.000456123031, 0.0358141512},{-4.34