return {{{2459.7666, 198.265015, 604.980225, -0.159397781, -0.0187793002, 0.987035811, 0.00156631647, 0.999812961, 0.0192753449, -0.987213194, 0.00461845752, -0.159338549},{-0.007268926128745079, 0.0019544758833944798, -0.0017395868198946118},{-0.016186177730560303, 0.0026719605084508657, -0.008893882855772972},{-0.007652109954506159, -0.001532805967144668, -0.0047209300100803375},{-0.0047123245894908905, -0.0014689455274492502, -0.01095651462674141},{0},{0},{0},{1}},{{2459.7666, 198.262863, 604.977905, -0.159357175, -0.0189130213, 0.987039804, -0.000276938634, 0.999817312, 0.0191131439, -0.987220943, 0.00277246721, -0.159333304},{-0.01209237426519394, 0.0014299573376774788, 0.008610202930867672},{-0.012698734179139137, 0.0013322853483259678, 0.0012014844687655568},{-0.010181966237723827, -0.0005036002257838845, 0.0040742214769124985},{-0.01032697781920433, -0.0006521262694150209, 0.002327883383259177},{0},{0},{0},{1}},{{2459.7666, 198.262024, 604.977173, -0.159355119, -0.0191686079, 0.987035215, -0.000899408536, 0.999813855, 0.0192715675, -0.987220943, 0.00218327506, -0.159342706},{0.001590550527907908, 0.00038517641951330006, 0.002569975797086954},{0.004132467787712812, 0.00020477554062381387, 0.003706434741616249},{0.0029670121148228645, 0.00018622959032654762, 0.0017373875016346574},{0.0015047314809635282, 0.00005339259951142594, 0.0023684981279075146},{0},{0},{0},{1}},{{2459.7666, 198.262161, 604.977478, -0.159363315, -0.0191624053, 0.987034023, -0.000544681039, 0.999813139, 0.0193225592, -0.98721987, 0.00254168827, -0.159343973},{0.001963892485946417, 0.0003680493391584605, 0.0005748425610363483},{0.0014472772600129247, 0.000312703923555091, 0.0013468160759657621},{0.0013355101691558957, 0.00001149571926362114, -0.00034187964047305286},{0.001739390310831368, -0.000015964118574629538, -0.0005120551213622093},{0},{0},{0},{1}},{{2459.7666, 198.262238, 604.977478, -0.159362242, -0.0191306937, 0.987034798, -0.000480234041, 0.999813616, 0.0193008352, -0.987220049, 0.00260181678, -0.159341723},{0.0006376291275955737, 0.00034205825068056583, 0.0011209279764443636},{-0.000931901449803263, 0.00038204449811019003, 0.0010811855318024755},{-0.00007403595373034477, -0.00003541730984579772, -0.00027748048887588084},{-0.00022129387070890516, -0.0000639873615000397, -0.00040578190237283707},{0},{0},{0},{1}},{{2459.7666, 198.262253, 604.977478, -0.159362972, -0.0191260502, 0.987034798, -0.000483833137, 0.999813735, 0.0192955546, -0.98721993, 0.00259743654, -0.159342527},{0.0007573728216812015, 0.00028048933017998934, 0.0014879269292578101},{-0.00010576345084700733, 0.00023308803793042898, 0.0017183531308546662},{0.00009778928506420925, 0.00004563912807498127, 0.00013622190454043448},{-0.00003001042023242917, 0.000005709406195819611, 0.0002923335996456444},{0},{0},{0},{1}},{{2459.76416, 198.262039, 604.977966, -0.159401044, -0.0189733021, 0.987031579, -0.000528897799, 0.999816775, 0.0191336535, -0.98721379, 0.00252788537, -0.159381881},{0.0368187390267849, 0.006660657934844494, 0.13336363434791565},{0.023992210626602173, -0.0038786986842751503, 0.14688749611377716},{0.01065688207745552, 0.0023944927379488945, 0.13274748623371124},{0.03112795762717724, 0.0028117734473198652, 0.1413486897945404},{0},{0.21942725032567978},{0},{1}},{{2459.71313, 198.263123, 604.986755, -0.159461096, -0.0174362753, 0.987050235, -0.000475908542, 0.999845266, 0.0175854154, -0.987204075, 0.00233444385, -0.159444705},{0.18509356677532196, 0.03710392862558365, 0.9742240309715271},{0.1395978033542633, -0.03488855063915253, 0.9860178828239441},{0.1432817429304123, 0.002977280179038644, 0.9636651873588562},{0.168317049741745, 0.0003353288338985294, 0.9650076031684875},{0},{0.7783861141651869},{0},{1}},{{2459.55518, 198.266449, 605.012451, -0.159500569, -0.0155918412, 0.987074673, -0.000448732288, 0.99987632, 0.0157215446, -0.987197757, 0.00206466322, -0.159487844},{0.4161054491996765, 0.0868665874004364, 2.439638137817383},{0.3723616302013397, -0.08466153591871262, 2.445580005645752},{0.3818148076534271, 0.007463481277227402, 2.4092519283294678},{0.39649075269699097, -0.004941730294376612, 2.4077484607696533},{0},{1},{0},{1}},{{2459.29053, 198.268463, 605.055237, -0.159506008, -0.0150372684, 0.987082422, -0.000482872652, 0.999885023, 0.015154276, -0.987196863, 0.00194056297, -0.159494936},{0.627179741859436, 0.13551999628543854, 3.876115083694458},{0.6228499412536621, -0.13201314210891724, 3.8758583068847656},{0.617097795009613, 0.012783318758010864, 3.8278346061706543},{0.6198051571846008, -0.008790061809122562, 3.82897686958313},{0},{1},{0},{1}},{{2458.85254, 198.267441, 605.125916, -0.159505531, -0.0151754366, 0.987080395, -0.000521253154, 0.999882996, 0.0152880335, -0.987196922, 0.0019240072, -0.159494773},{0.8864185214042664, 0.19555455446243286, 5.500060081481934},{0.8891609907150269, -0.1907169222831726, 5.49941349029541},{0.8764849305152893, 0.018976645544171333, 5.434650421142578},{0.8798121809959412, -0.012574611231684685, 5.437254905700684},{0},{1},{0},{1}},{{2458.33325, 198.266953, 605.2099, -0.159504697, -0.0152001502, 0.987080157, -0.000529886223, 0.999882638, 0.0153116714, -0.987197042, 0.00191924337, -0.159494042},{1.1250485181808472, 0.24704621732234955, 6.951676845550537},{1.1224397420883179, -0.2404157966375351, 6.952338695526123},{1.1077377796173096, 0.024737222120165825, 6.870581150054932},{1.112892985343933, -0.016247913241386414, 6.874660968780518},{0},{1},{0},{1}},{{2457.73389, 198.266708, 605.306702, -0.159506753, -0.0151479216, 0.987080634, -0.000531319587, 0.999883413, 0.0152585376, -0.987196684, 0.00190938439, -0.159496203},{1.3492679595947266, 0.29540926218032837, 8.333075523376465},{1.3458712100982666, -0.2876611053943634, 8.334564208984375},{1.3285104036331177, 0.030373886227607727, 8.237815856933594},{1.3349281549453735, -0.020266512408852577, 8.242363929748535},{0},{1},{0},{1}},{{2456.87817, 198.266235, 605.445068, -0.159517929, -0.0149940392, 0.98708117, -0.000476699526, 0.999885678, 0.015111506, -0.987194896, 0.00194001512, -0.159506857},{1.626825213432312, 0.3551878035068512, 10.050914764404297},{1.6217105388641357, -0.3462662398815155, 10.051774978637695},{1.6022611856460571, 0.03856806829571724, 9.937631607055664},{1.6099026203155518, -0.02710213139653206, 9.942688941955566},{0},{1},{0},{1}},{{2455.97241, 198.26619, 605.59137, -0.159525096, -0.0147527354, 0.987083614, -0.000512643426, 0.999889433, 0.0148612782, -0.987193763, 0.00186472503, -0.159515023},{1.8944647312164307, 0.41073930263519287, 11.694685935974121},{1.8841131925582886, -0.4000001549720764, 11.695661544799805},{1.8643996715545654, 0.04756062105298042, 11.563275337219238},{1.8728811740875244, -0.033975034952163696, 11.568833351135254},{0},{1},{0},{1}},{{2454.72656, 198.273346, 605.792419, -0.159538418, -0.0140523445, 0.98709172, -0.000575327605, 0.999899864, 0.0141416956, -0.987191558, 0.00168824277, -0.15953052},{2.2242772579193115, 0.48555251955986023, 13.677757263183594},{2.1981406211853027, -0.4717056453227997, 13.683292388916016},{2.1854522228240967, 0.056119076907634735, 13.575790405273438},{2.203101396560669, -0.03826572746038437, 13.583148956298828},{0},{1},{0},{1}},{{2453.27197, 198.280319, 606.027344, -0.159547314, -0.0128181921, 0.987107038, -0.000577618484, 0.999916732, 0.0128911724, -0.987190127, 0.0014865807, -0.159541443},{2.5761826038360596, 0.5508474111557007, 15.823843955993652},{2.5402674674987793, -0.5342260599136353, 15.830792427062988},{2.5390396118164062, 0.07025545835494995, 15.752334594726562},{2.5536396503448486, -0.049200817942619324, 15.763021469116211},{0},{1},{0},{1}},{{2451.94531, 198.285049, 606.241699, -0.159549728, -0.0118857892, 0.987118363, -0.000584989786, 0.999928474, 0.0119454823, -0.98718971, 0.00132844434, -0.159545273},{2.8773348331451416, 0.6030093431472778, 17.70378303527832},{2.846573829650879, -0.5845596790313721, 17.71013832092285},{2.8456900119781494, 0.08342485874891281, 17.655481338500977},{2.863027334213257, -0.0592561736702919, 17.668155670166016},{0},{1},{0},{1}},{{2450.06274, 198.291901, 606.545776, -0.159611672, -0.0112730674, 0.987115502, -0.000270522753, 0.999935269, 0.011375729, -0.987179816, 0.00154866197, -0.159604385},{3.294412851333618, 0.6716740131378174, 20.24921417236328},{3.273099899291992, -0.6514978408813477, 20.287960052490234},{3.2792181968688965, 0.12881366908550262, 20.128610610961914},{3.220396041870117, -0.12708808481693268, 20.090974807739258},{0},{1},{0},{1}},{{2448.01855, 198.29541, 606.87738, -0.159655601, -0.0102317706, 0.987119734, 0.000221677401, 0.999945879, 0.0104005709, -0.987172723, 0.00187933154, -0.159644693},{3.7475132942199707, 0.7409976720809937, 23.081600189208984},{3.720431089401245, -0.7353929877281189, 23.08556365966797},{3.702282190322876, 0.1417103409767151, 22.992918014526367},{3.73054575920105, -0.1536872684955597, 22.94782829284668},{0},{1},{0},{1}},{{2445.16602, 198.298782, 607.338806, -0.159681305, -0.00916462019, 0.987126052, 6.59243742e-05, 0.999956787, 0.00929440651, -0.98716861, 0.00154921866, -0.159673795},{4.35338830947876, 0.8332205414772034, 26.82179832458496},{4.3268046379089355, -0.8228203058242798, 26.827516555786133},{4.321437358856201, 0.18290571868419647, 26.744178771972656},{4.321978569030762, -0.19096936285495758, 26.70423126220703},{0},{1},{0},{1}},{{2442.31836, 198.301224, 607.799316, -0.159709468, -0.00843587983, 0.987128019, -1.94778986e-05, 0.999963522, 0.00854241941, -0.98716408, 0.001345078, -0.159703791},{4.924426078796387, 0.9204860329627991, 30.36727523803711},{4.90242862701416, -0.9065765738487244, 30.37266731262207},{4.895118236541748, 0.21734361350536346, 30.301918029785156},{4.901307582855225, -0.22347477078437805, 30.2565860748291},{0},{1},{0},{1}},{{2439.44165, 198.301437, 608.264038, -0.159888566, -0.00756793609, 0.987106085, -0.000594897196, 0.999971151, 0.00757021084, -0.987134874, 0.000623163418, -0.159888446},{5.482250690460205, 1.0039762258529663, 33.77843475341797},{5.460470199584961, -0.9766880869865417, 33.769996643066406},{5.412622451782227, 0.27871060371398926, 33.71826934814453},{5.499459266662598, -0.22163058817386627, 33.76926040649414},{0},{1},{0},{1}},{{2435.30518, 198.300781, 608.933105, -0.15981929, -0.00644635549, 0.987125218, -0.000974447583, 0.999979198, 0.00637253094, -0.987145782, 5.65515329e-05, -0.159822255},{6.226181983947754, 1.1173913478851318, 38.3925666809082},{6.20855188369751, -1.0634368658065796, 38.39578628540039},{6.2085280418396, 0.37698712944984436, 38.33210372924805},{6.217784881591797, -0.30556049942970276, 38.37339401245117},{0},{1},{0},{1}},{{2431.6897, 198.302536, 609.518738, -0.159797698, -0.00618818495, 0.987130404, -0.000759480637, 0.999980807, 0.0061457972, -0.987149477, 0.000232377832, -0.159799337},{6.820101261138916, 1.2074296474456787, 42.12594223022461},{6.812466144561768, -1.1567821502685547, 42.12516403198242},{6.8089375495910645, 0.4069819450378418, 42.070919036865234},{6.818478584289551, -0.34291085600852966, 42.10464096069336},{0},{1},{0},{1}},{{2427.28467, 198.303131, 610.231628, -0.159786299, -0.00624953629, 0.987131834, -0.000710247317, 0.99998045, 0.00621591322, -0.987151384, 0.000292110082, -0.15978761},{7.468306541442871, 1.3236998319625854, 46.133453369140625},{7.4662041664123535, -1.2724199295043945, 46.13396072387695},{7.45744514465332, 0.4398547410964966, 46.08331298828125},{7.466399669647217, -0.37461012601852417, 46.1159553527832},{0},{1},{0},{1}},{{2422.73682, 198.303574, 610.967529, -0.159770042, -0.00641464489, 0.987133443, -0.000831778743, 0.999979436, 0.00636349572, -0.987153888, 0.000195619417, -0.159772098},{8.056168556213379, 1.4371247291564941, 49.77573013305664},{8.052066802978516, -1.376470923423767, 49.774986267089844},{8.047164916992188, 0.4671333134174347, 49.728790283203125},{8.052655220031738, -0.3942524194717407, 49.75706481933594},{0},{1},{0},{1}},{{2417.59302, 198.30365, 611.799805, -0.159739435, -0.00693932408, 0.987134814, -0.00089102448, 0.99997592, 0.00688540703, -0.987158835, 0.000220309768, -0.159741774},{8.620207786560059, 1.5683292150497437, 53.27092361450195},{8.624032020568848, -1.4995951652526855, 53.27079391479492},{8.618054389953613, 0.47779595851898193, 53.230777740478516},{8.617165565490723, -0.39791586995124817, 53.255733489990234},{0},{1},{0},{1}},{{2412.98975, 198.307007, 612.544861, -0.159629077, -0.00934490841, 0.987132847, -0.000197017449, 0.999955475, 0.00943443645, -0.987177074, 0.00131152803, -0.159623802},{8.845464706420898, 1.7209886312484741, 54.95134735107422},{8.9301118850708, -1.669491171836853, 54.951107025146484},{8.943252563476562, 0.3046097159385681, 55.03588104248047},{8.871596336364746, -0.3051758408546448, 54.93218231201172},{0},{1},{0},{2}},{{2408.52783, 198.307495, 613.267578, -0.159448653, -0.0111710476, 0.98714304, 0.000600018306, 0.999934673, 0.011412723, -0.987206042, 0.002412047, -0.159431532},{9.063997268676758, 1.8698471784591675, 56.77665328979492},{9.282515525817871, -1.8305692672729492, 56.915504455566406},{9.069592475891113, 0.1679179072380066, 56.85519790649414},{9.26362419128418, -0.17604848742485046, 56.83967971801758},{0},{1},{0},{2}},{{2403.33057, 198.29422, 614.106628, -0.159404293, -0.011880097, 0.987141907, -0.000162133438, 0.999927878, 0.0120077925, -0.987213373, 0.00175404502, -0.159394726},{9.324917793273926, 1.9568482637405396, 60.07590103149414},{9.585930824279785, -2.0618040561676025, 58.93641662597656},{9.410116195678711, 0.34372907876968384, 58.86349868774414},{9.576912879943848, -0.26065000891685486, 58.92616271972656},{0},{1},{0},{2}},{{2397.93994, 198.296082, 614.977783, -0.159273386, -0.0121932756, 0.987159193, -0.000479306997, 0.999924541, 0.012273618, -0.987234414, 0.00148170826, -0.159267217},{9.850711822509766, 2.139101266860962, 61.238487243652344},{9.899491310119629, -2.170880079269409, 60.9951171875},{10.669119834899902, 0.3782704770565033, 63.01240158081055},{9.915548324584961, -0.2659913897514343, 61.033748626708984},{0},{1},{0},{2}},{{2392.67163, 198.298004, 615.829163, -0.159084439, -0.0117264315, 0.987195313, -0.000190257895, 0.999929786, 0.0118470388, -0.987264991, 0.00169685774, -0.159075499},{10.172956466674805, 2.1751580238342285, 63.17496871948242},{9.681595802307129, -2.140547752380371, 67.48418426513672},{10.091912269592285, 0.17171548306941986, 63.56407165527344},{10.285387992858887, -0.30142921209335327, 63.003997802734375},{0},{1},{0},{2}},{{2386.90698, 198.299713, 616.75946, -0.158878595, -0.011515962, 0.987230957, -0.000353177573, 0.999932587, 0.0116072875, -0.987298071, 0.0014954817, -0.158871949},{10.444290161132812, 2.262874126434326, 65.24205780029297},{10.654058456420898, -2.155272960662842, 65.74003601074219},{10.453455924987793, 0.3080708086490631, 65.26351165771484},{10.316411018371582, -0.3540460765361786, 67.20514678955078},{0},{1},{0},{2}},{{2381.28955, 198.298706, 617.66394, -0.158955216, -0.011747973, 0.987215877, -0.000227504264, 0.999929607, 0.0118626365, -0.987285793, 0.00166103209, -0.158946693},{10.667386054992676, 2.1247148513793945, 68.35791778564453},{10.887076377868652, -2.2547614574432373, 67.21188354492188},{10.690825462341309, 0.3507099449634552, 67.09058380126953},{11.062572479248047, -0.13109606504440308, 67.5723876953125},{0},{1},{0},{2}},{{2375.50879, 198.296967, 618.59491, -0.159236774, -0.0120091131, 0.987167358, 9.34916388e-05, 0.999925852, 0.0121794026, -0.987240434, 0.00203170092, -0.15922384},{11.111063003540039, 2.409264326095581, 69.11965942382812},{10.547708511352539, -2.394110679626465, 73.24293518066406},{11.020528793334961, 0.18773309886455536, 69.53221893310547},{11.254682540893555, -0.2998477518558502, 69.026611328125},{0},{1},{0},{2}},{{2368.85986, 198.294479, 619.663757, -0.159307659, -0.0126282163, 0.987148225, -0.000425576902, 0.999918997, 0.0127229076, -0.98722887, 0.00160674925, -0.159300134},{11.513145446777344, 2.5530855655670166, 71.7737045288086},{11.45764446258545, -2.5453052520751953, 71.17105102539062},{11.37546157836914, 0.4015406668186188, 71.08965301513672},{11.564209938049316, -0.23587892949581146, 71.3296890258789},{0},{1},{0},{2}},{{2363.47534, 198.294693, 620.530212, -0.159308389, -0.0128296753, 0.987145483, -0.000169917796, 0.999915898, 0.0129682273, -0.98722887, 0.00189821364, -0.159297168},{11.754653930664062, 2.640324831008911, 72.93399810791016},{11.683119773864746, -2.6509957313537598, 72.68987274169922},{12.513517379760742, 0.4237193167209625, 74.45867919921875},{11.797928810119629, -0.270190566778183, 72.7461929321289},{0},{1},{0},{2}},{{2356.48706, 198.29303, 621.648254, -0.158371598, -0.0128596509, 0.987295806, 0.000370845373, 0.999914348, 0.0130834952, -0.987379491, 0.0024381883, -0.158353269},{11.328902244567871, 2.4186794757843018, 74.8375244140625},{11.306077003479004, -3.0614235401153564, 74.70787048339844},{11.94256591796875, 0.30560195446014404, 74.8103256225586},{12.099518775939941, -0.32822903990745544, 74.77482604980469},{1},{1},{0},{2}},{{2349.31909, 198.307602, 622.698059, -0.143960565, -0.00995024946, 0.989533424, 0.0137232533, 0.999833226, 0.0120503232, -0.989488244, 0.015314389, -0.143800005},{10.071019172668457, 1.9182140827178955, 80.7735824584961},{8.736106872558594, -3.4040634632110596, 76.5364990234375},{11.386731147766113, -0.3350074589252472, 77.28739929199219},{11.09786605834961, -1.2320575714111328, 77.76222229003906},{0},{1},{0},{2}},{{2341.96338, 198.312881, 623.591858, -0.122936651, -0.00928214286, 0.992371082, 0.0180252586, 0.999770403, 0.0115843527, -0.9922508, 0.0193118863, -0.122741111},{9.647637367248535, 2.1974291801452637, 82.6706771850586},{7.905505657196045, -3.251577377319336, 78.2747573852539},{9.821714401245117, -0.5186491012573242, 79.28609466552734},{9.501919746398926, -1.4311655759811401, 79.75452423095703},{0},{1},{0},{2}},{{2334.01392, 198.302429, 624.454224, -0.111651897, -0.011695479, 0.99367857, 0.000752613239, 0.999929488, 0.0118536167, -0.993747115, 0.00207133428, -0.111635216},{8.3568115234375, 2.7908618450164795, 80.86914825439453},{8.547263145446777, -2.666949987411499, 80.72941589355469},{8.97824764251709, 0.18899624049663544, 80.88706970214844},{8.651577949523926, -0.5520400404930115, 82.06068420410156},{0},{1},{0},{2}},{{2327.11328, 198.290161, 625.195007, -0.108366363, -0.0132546574, 0.994022667, -0.00578026613, 0.999902606, 0.0127029093, -0.994094193, -0.00436914712, -0.108432427},{10.358798027038574, 3.0436041355133057, 85.14030456542969},{8.816234588623047, -2.7605698108673096, 82.11952209472656},{8.844655990600586, 0.4111119508743286, 82.62286376953125},{9.065277099609375, -0.08261919766664505, 82.21353912353516},{1},{1},{0},{2}},{{2320.50586, 198.293869, 625.895874, -0.104334943, -0.0126265278, 0.994462073, 0.00260220258, 0.9999125, 0.0129687442, -0.994538784, 0.00394088496, -0.104292959},{7.446511268615723, 2.5738096237182617, 83.89395141601562},{7.634657859802246, -3.532069444656372, 83.30865478515625},{8.886184692382812, 0.2266845405101776, 83.82038879394531},{8.956559181213379, -0.5958301424980164, 83.14876556396484},{1},{1},{0},{2}},{{2311.25317, 198.307587, 626.691895, -0.0839269534, -0.0121428659, 0.996397913, 0.0186167583, 0.999732137, 0.0137515953, -0.996298015, 0.0197038297, -0.0836784095},{4.395857810974121, 2.3152332305908203, 87.20384979248047},{4.766295909881592, -3.8374545574188232, 85.0064697265625},{7.201113224029541, -0.8307917714118958, 86.57820892333984},{7.343022346496582, -1.333586573600769, 84.98009490966797},{0},{1},{0},{2}},{{2302.23047, 198.311661, 627.2771, -0.0665159598, -0.0120394435, 0.997712731, 0.00886064488, 0.999880672, 0.0126563292, -0.997745991, 0.00968222599, -0.0664013475},{4.994688034057617, 2.5087087154388428, 88.28588104248047},{5.0966691970825195, -3.328386068344116, 86.8221664428711},{5.736321449279785, -0.2725466191768646, 87.63045501708984},{5.798542022705078, -0.7971159815788269, 86.79072570800781},{0},{1},{0},{2}},{{2294.81689, 198.298706, 627.720764, -0.0625081286, -0.0141532645, 0.997944117, -0.00332287955, 0.999896824, 0.0139728244, -0.998038948, -0.0024426328, -0.0625487119},{5.124789237976074, 3.27803897857666, 87.76647186279297},{5.341497421264648, -2.956988573074341, 87.59488677978516},{5.40830659866333, 0.3132820725440979, 87.75495147705078},{5.501612186431885, -0.05880923941731453, 87.69503021240234},{0},{1},{0},{3}},{{2287.33691, 198.293167, 628.178223, -0.0613025352, -0.0150907161, 0.998005152, -0.00335205672, 0.999883175, 0.0149132125, -0.998113573, -0.00243115216, -0.0613459609},{4.834181308746338, 3.1539688110351562, 90.22238159179688},{5.231945037841797, -3.129326105117798, 89.6744155883789},{5.446264743804932, 0.40802863240242004, 88.7930908203125},{5.54350471496582, -0.00620285514742136, 89.03075408935547},{1},{1},{0},{3}},{{2278.41724, 198.313339, 628.659851, -0.050959602, -0.0122698853, 0.998625338, 0.0124098696, 0.999839544, 0.0129180765, -0.99862361, 0.0130511103, -0.0507991575},{1.8274102210998535, 2.1780741214752197, 93.53658294677734},{2.530221462249756, -3.852214813232422, 90.5048828125},{4.771751880645752, -0.42471036314964294, 90.75006866455078},{4.486230850219727, -1.076053261756897, 90.91826629638672},{1},{1},{0},{3}},{{2269.82446, 198.310883, 628.933289, -0.0320800543, -0.0131443627, 0.999398887, 0.0203526244, 0.999697626, 0.013801598, -0.999278069, 0.0207831468, -0.0318028294},{-2.251091957092285, 1.494837760925293, 98.1942138671875},{-1.1752785444259644, -4.188154220581055, 95.89991760253906},{2.981102228164673, -0.7512927055358887, 92.1123275756836},{3.0637965202331543, -1.5282113552093506, 90.87106323242188},{0},{1},{0},{3}},{{2260.64014, 198.302567, 629.021301, -0.0102308141, -0.014559349, 0.99984169, 0.0180621818, 0.999728143, 0.0147425169, -0.999784529, 0.0182101503, -0.00996505935},{-2.3216912746429443, 2.392756938934326, 98.71566772460938},{-1.6832060813903809, -4.294919490814209, 93.09071350097656},{0.9875427484512329, -0.6273366808891296, 93.65573120117188},{1.0890262126922607, -1.3678468465805054, 92.79905700683594},{0},{1},{0},{3}},{{2250.34985, 198.312103, 628.931213, 0.00691468595, -0.0118940175, 0.999905348, 0.00517621916, 0.999916315, 0.0118583525, -0.999962687, 0.00509373285, 0.00697567314},{-0.41827723383903503, 2.9124512672424316, 97.85808563232422},{-1.3844993114471436, -3.291771650314331, 94.64322662353516},{-0.8132520318031311, -0.0471075102686882, 94.95614624023438},{-0.6655918955802917, -0.6111236214637756, 94.63109588623047},{0},{1},{0},{3}},{{2241.30737, 198.30275, 628.815552, 0.0113655971, -0.0119431196, 0.999864101, -0.00366137945, 0.999921441, 0.011985424, -0.999928713, -0.00379710319, 0.0113209765},{-1.3707597255706787, 3.402618885040283, 96.22750854492188},{-1.1961249113082886, -2.842790126800537, 97.09178161621094},{-1.2283855676651, 0.3600587546825409, 96.60171508789062},{-0.9619775414466858, -0.055704809725284576, 96.49991607666016},{0},{1},{0},{3}},{{2232.12451, 198.289215, 628.704895, 0.0126301134, -0.0136312889, 0.999827325, -0.00100295409, 0.999906421, 0.0136450361, -0.999919713, -0.00117511919, 0.0126152597},{-1.3364005088806152, 3.664421319961548, 97.67107391357422},{-0.8575918674468994, -3.1855356693267822, 99.12467956542969},{-1.3184148073196411, 0.4968533217906952, 97.59491729736328},{-1.0696295499801636, -0.18146158754825592, 98.10401153564453},{0},{1},{0},{3}},{{2223.79321, 198.287369, 628.599426, 0.0128788436, -0.0150715802, 0.999803483, 0.000386181346, 0.999886394, 0.0150678558, -0.999916971, 0.000192048887, 0.0128832003},{-1.6929248571395874, 3.5220701694488525, 100.4084701538086},{-1.2414073944091797, -3.860379695892334, 98.84978485107422},{-1.323464035987854, 0.3712426424026489, 98.96331787109375},{-1.1612759828567505, -0.3761710226535797, 98.81816101074219},{0},{1},{0},{3}},{{2215.86035, 198.291916, 628.495239, 0.012931738, -0.015429697, 0.999797344, -0.00045420602, 0.999880731, 0.0154368589, -0.999916255, -0.000653739378, 0.0129231876},{-1.3410789966583252, 3.882962465286255, 100.41313934326172},{-1.3987061977386475, -3.847965717315674, 99.90424346923828},{-0.8383878469467163, 0.37677067518234253, 101.34580993652344},{-1.730728268623352, -0.2438608705997467, 101.28451538085938},{0},{1},{0},{3}},{{2206.82397, 198.293335, 628.373657, 0.0137122553, -0.0138336373, 0.999810278, 0.000723232981, 0.999904156, 0.013825017, -0.999905705, 0.00053352362, 0.0137209464},{-1.357215404510498, 3.703129529953003, 102.25753784179688},{-1.4715921878814697, -3.7587156295776367, 101.2780990600586},{-1.5004281997680664, 0.4275217056274414, 101.24417114257812},{-1.1981076002120972, -0.18617846071720123, 101.9262924194336},{0},{1},{0},{3}},{{2198.18335, 198.291611, 628.254639, 0.0134619707, -0.0141736064, 0.999808908, -0.000830916397, 0.99989903, 0.0141860712, -0.999909043, -0.00102173013, 0.0134488344},{0.020618990063667297, 3.8941831588745117, 105.22125244140625},{-1.482142686843872, -3.7149147987365723, 102.84317779541016},{-1.4562106132507324, 0.41421592235565186, 102.54600524902344},{-1.8787297010421753, -0.4121038615703583, 103.76211547851562},{0},{1},{0},{3}},{{2189.96167, 198.294464, 628.145264, 0.0133329164, -0.0152470777, 0.999794841, 0.000385445659, 0.999883711, 0.0152432928, -0.99991101, 0.000182129021, 0.0133372433},{-1.247292399406433, 3.9303200244903564, 103.59166717529297},{-3.3816370964050293, -4.299144744873047, 108.72613525390625},{-1.6322331428527832, 0.08311034739017487, 103.99494934082031},{-1.2423412799835205, -0.20762591063976288, 103.65193176269531},{0},{1},{0},{3}},{{2180.60669, 198.290009, 628.017334, 0.0130799152, -0.0150284832, 0.999801517, -0.000929504051, 0.999886453, 0.0150419194, -0.99991405, -0.00112606655, 0.0130644608},{-1.6927779912948608, 3.8641278743743896, 105.22959899902344},{-3.259758472442627, -4.158662796020508, 107.31556701660156},{-0.8990105390548706, 0.49713853001594543, 106.06417083740234},{-1.2659074068069458, -0.24343840777873993, 104.83216094970703},{1},{1},{0},{3}},{{2170.09229, 198.299973, 627.823425, 0.0203572232, -0.0149688767, 0.999680698, 0.00890904479, 0.999850929, 0.0147900041, -0.999753058, 0.00860511698, 0.0204875469},{-2.880993604660034, 3.527731418609619, 107.53262329101562},{-2.753098487854004, -4.476181507110596, 105.93419647216797},{-2.156224012374878, -0.07767105847597122, 106.30538940429688},{-2.02555775642395, -0.8697646260261536, 105.94617462158203},{0},{1},{0},{3}},{{2161.04907, 198.298248, 627.602173, 0.0235652681, -0.0139557542, 0.999624908, 0.00385232316, 0.999896407, 0.0138687296, -0.999714851, 0.0035240578, 0.0236165896},{-3.185960054397583, 3.324954032897949, 109.71617889404297},{-2.7826120853424072, -3.725846290588379, 108.40678405761719},{-2.6817049980163574, 0.1460174024105072, 107.36304473876953},{-2.4777584075927734, -0.5718598961830139, 107.29424285888672},{0},{1},{0},{3}},{{2150.28613, 198.289459, 627.33197, 0.0241208039, -0.0135179237, 0.999617636, -0.0033101968, 0.99990201, 0.013601644, -0.999703586, -0.00363701372, 0.0240736939},{-2.7194535732269287, 4.197432518005371, 108.69395446777344},{-2.3087027072906494, -3.3953566551208496, 110.24526977539062},{-2.7061820030212402, 0.612212598323822, 108.57714080810547},{-2.5433237552642822, -0.2749457061290741, 108.52886962890625},{0},{1},{0},{3}},{{2139.93896, 198.292145, 627.080444, 0.0246949159, -0.0141534591, 0.999594867, -0.000766758225, 0.999899209, 0.0141767114, -0.999694765, -0.00111654028, 0.0246815737},{-2.724994659423828, 4.139977931976318, 110.19766998291016},{-4.045028209686279, -4.043592929840088, 112.29183197021484},{-2.2297215461730957, 0.5746644735336304, 110.95903015136719},{-2.6225364208221436, -0.29732751846313477, 109.845703125},{0},{1},{0},{3}},{{2130.58252, 198.29277, 626.850159, 0.0247579105, -0.0149909789, 0.999581099, 0.00109187863, 0.999887347, 0.0149685284, -0.999692857, 0.000720831682, 0.0247714892},{-2.7916533946990967, 4.1064276695251465, 112.02108001708984},{-2.796218156814575, -4.290714740753174, 110.88617706298828},{-2.8389956951141357, 0.3690875470638275, 110.83248138427734},{-2.6771302223205566, -0.3055080771446228, 111.17433166503906},{0},{1},{0},{3}},{{2121.13696, 198.287079, 626.613281, 0.024837425, -0.0154776666, 0.999571681, -1.60255568e-05, 0.999880135, 0.0154828411, -0.999691486, -0.000400572579, 0.0248341989},{-3.1312100887298584, 4.079028606414795, 113.63980865478516},{-2.8565714359283447, -4.358870983123779, 112.0443344116211},{-2.8997113704681396, 0.41392982006073, 111.89019012451172},{-2.5981733798980713, -0.1630125790834427, 112.47396850585938},{0},{1},{0},{3}},{{2110.47461, 198.287537, 626.347839, 0.0247164629, -0.0155465463, 0.999573588, -0.00063161354, 0.999878645, 0.0155669088, -0.999694288, -0.00101610308, 0.0247036424},{-2.764129400253296, 4.429147243499756, 114.23768615722656},{-2.8779966831207275, -4.434405326843262, 113.10478973388672},{-2.8927857875823975, 0.48008260130882263, 113.0487289428711},{-2.7332255840301514, -0.2291051298379898, 113.4144287109375},{0},{1},{0},{3}},{{2100.27368, 198.288834, 626.094849, 0.0247733723, -0.0154559007, 0.999573588, -0.000126666317, 0.999880433, 0.0154637843, -0.999693096, -0.000509702368, 0.0247684512},{-3.1233794689178467, 4.11384391784668, 115.37825775146484},{-3.1502151489257812, -4.660184383392334, 114.14007568359375},{-2.902693748474121, 0.4497709274291992, 114.15116119384766},{-2.743196964263916, -0.25702986121177673, 114.45066833496094},{1},{1},{0},{3}},{{2089.41699, 198.306107, 625.755066, 0.0343716368, -0.0153663745, 0.999291003, 0.0133461067, 0.999799669, 0.0149151441, -0.99932003, 0.0128239859, 0.0345698334},{-6.5299296379089355, 3.0091381072998047, 115.80009460449219},{-5.822580337524414, -5.507997512817383, 114.60455322265625},{-3.918473243713379, -0.6485795974731445, 116.23426818847656},{-3.621302843093872, -1.1928635835647583, 114.72905731201172},{1},{1},{0},{3}},{{2077.89624, 198.306351, 625.193665, 0.0501279049, -0.0151680103, 0.998627603, 0.0184700061, 0.999727726, 0.0142575847, -0.998571992, 0.0177299567, 0.0503944084},{-8.60953426361084, 3.4976603984832764, 117.08427429199219},{-8.178333282470703, -5.4398393630981445, 115.67051696777344},{-5.851320266723633, -0.6591981649398804, 116.56507110595703},{-5.747193813323975, -1.7296594381332397, 115.77616882324219},{0},{1},{0},{3}},{{2068.60547, 198.314316, 624.612427, 0.0612079091, -0.0139785921, 0.998027146, 0.0112107676, 0.999848485, 0.0133165587, -0.998062074, 0.0103735719, 0.061355345},{-8.15921688079834, 3.5072216987609863, 117.30093383789062},{-7.726938247680664, -4.351517200469971, 118.2438735961914},{-7.316410541534424, -0.5023516416549683, 117.30191802978516},{-7.069044589996338, -0.9603124260902405, 117.24677276611328},{0},{1},{0},{3}},{{2056.88525, 198.298874, 623.827148, 0.0655126423, -0.0129053034, 0.997768283, -0.00217042514, 0.999912143, 0.0130755408, -0.997849405, -0.00302219461, 0.0654788762},{-6.9653401374816895, 4.200139999389648, 120.39376831054688},{-7.879703521728516, -3.8447377681732178, 118.52310943603516},{-7.470130443572998, 0.489642858505249, 119.1535873413086},{-7.705443382263184, -0.24543598294258118, 118.025390625},{0},{1},{0},{3}},{{2046.83496, 198.287781, 623.161316, 0.0659979358, -0.0146639245, 0.997712016, -0.00376071478, 0.999881268, 0.0149445757, -0.997812688, -0.00473842118, 0.0659349561},{-8.008477210998535, 4.645263671875, 120.13368225097656},{-7.822653293609619, -4.338865280151367, 118.98992156982422},{-7.926140785217285, 0.6216344833374023, 119.13075256347656},{-7.762683391571045, -0.11128585040569305, 119.09708404541016},{0},{1},{0},{3}},{{2036.70618, 198.288467, 622.497864, 0.0658621415, -0.0155687137, 0.997707248, -0.000937132689, 0.999876857, 0.0156644322, -0.997828305, -0.00196667714, 0.0658394396},{-7.958573818206787, 4.786136627197266, 120.07075500488281},{-7.566577911376953, -4.120702743530273, 122.11454010009766},{-7.973482608795166, 0.44735822081565857, 119.85313415527344},{-7.815685749053955, -0.28637418150901794, 119.87723541259766},{0},{1},{0},{3}},{{2025.89905, 198.296631, 621.791382, 0.0654196441, -0.0146825928, 0.997749805, 6.07317306e-05, 0.999891818, 0.014710132, -0.997857809, -0.000901736552, 0.0654134601},{-7.804750442504883, 4.415165901184082, 121.39376831054688},{-7.763265132904053, -4.417556285858154, 120.8309555053711},{-7.555788993835449, 0.3855816125869751, 121.86974334716797},{-7.790217876434326, -0.13498984277248383, 121.39669036865234},{-1},{1},{0},{3}},{{2014.39648, 198.286377, 621.075439, 0.0599027909, -0.0133283176, 0.998115242, -0.00748172356, 0.999876797, 0.0138008632, -0.998176157, -0.00829433277, 0.0597956926},{-6.233730792999268, 5.019729137420654, 122.90908813476562},{-5.698117256164551, -3.975640058517456, 122.28944396972656},{-7.558295249938965, 1.1498943567276, 121.28325653076172},{-7.493268966674805, 0.1191718652844429, 122.24604034423828},{0},{1},{0},{3}},{{2002.79578, 198.283707, 620.485291, 0.0497483164, -0.0133946119, 0.998671949, -0.0143197384, 0.999797702, 0.0141230412, -0.998659134, -0.0150033189, 0.0495464467},{-4.506916046142578, 5.333756446838379, 124.74752807617188},{-5.482130527496338, -3.4422662258148193, 123.57523345947266},{-5.7223711013793945, 1.3814077377319336, 123.54259490966797},{-6.682045936584473, 0.5259041786193848, 123.8001937866211},{0},{1},{0},{3}},{{1989.87671, 198.295319, 619.901855, 0.0465569384, -0.014269419, 0.998813689, 0.000717160059, 0.999898195, 0.0142514836, -0.998915374, 5.28038618e-05, 0.0465624332},{-5.56815242767334, 4.605622291564941, 123.85499572753906},{-5.636453628540039, -4.626012802124023, 123.8666000366211},{-5.8057780265808105, 0.41301229596138, 123.82679748535156},{-5.625326156616211, -0.36595672369003296, 123.85751342773438},{0},{1},{0},{3}},{{1976.85608, 198.298615, 619.309448, 0.0455578081, -0.0145886773, 0.998855174, 0.00191935361, 0.999892771, 0.0145162903, -0.998959839, 0.00125582586, 0.0455809273},{-5.657094955444336, 4.389283180236816, 125.3589096069336},{-5.750174045562744, -4.6850666999816895, 124.94773864746094},{-5.81579065322876, 0.19611886143684387, 124.91436004638672},{-5.625804424285889, -0.3722717761993408, 124.99722290039062},{0},{1},{0},{3}},{{1964.36121, 198.296371, 618.735657, 0.0456676409, -0.0144236367, 0.998852551, -0.000717933581, 0.999895036, 0.0144715142, -0.998956442, -0.00137798965, 0.0456524901},{-5.957348823547363, 4.551291465759277, 127.23934173583984},{-5.843414306640625, -4.5103678703308105, 126.1859359741211},{-5.877120018005371, 0.4744580090045929, 125.66515350341797},{-5.642393589019775, -0.1275545358657837, 126.33416748046875},{0},{1},{0},{3}},{{1953.03894, 198.292908, 618.218811, 0.0459921211, -0.0150397718, 0.99882859, 7.54817374e-05, 0.999886692, 0.0150522282, -0.998941779, -0.000616890611, 0.0459880456},{-5.722684383392334, 4.8757524490356445, 126.58890533447266},{-5.868203163146973, -4.846760272979736, 126.51255798339844},{-5.920403957366943, 0.3784913420677185, 126.54216003417969},{-5.699953556060791, -0.20528391003608704, 127.15694427490234},{0},{1},{0},{3}},{{1941.03491, 198.288696, 617.668518, 0.046127487, -0.0160231832, 0.998807073, 0.000524940959, 0.999871612, 0.0160160176, -0.998935401, -0.000214463958, 0.0461299755},{-5.711696147918701, 5.100119113922119, 126.87721252441406},{-7.393326759338379, -5.118136405944824, 128.48387145996094},{-5.940661907196045, 0.3891996145248413, 126.84342956542969},{-5.830589294433594, -0.3640402853488922, 126.97306823730469},{0},{1},{0},{4}},{{1928.97339, 198.294006, 617.114685, 0.045737911, -0.0154979127, 0.998833239, -0.00161235314, 0.999877214, 0.0155879427, -0.99895215, -0.00232343189, 0.0457073078},{-6.0363850593566895, 4.830451011657715, 129.3679962158203},{-5.950191974639893, -4.811342239379883, 127.66055297851562},{-5.8812713623046875, 0.4522601068019867, 127.66503143310547},{-5.738429546356201, -0.13487790524959564, 127.64107513427734},{0},{1},{0},{4}},{{1918.11841, 198.292908, 616.616638, 0.045918934, -0.0152335912, 0.998829007, 0.000235146435, 0.999883831, 0.015238869, -0.998945117, -0.000464881508, 0.0459171832},{-5.7077507972717285, 4.850325107574463, 129.05123901367188},{-7.420425891876221, -4.960998058319092, 130.21817016601562},{-5.418320655822754, 0.47471147775650024, 129.35113525390625},{-6.370588302612305, -0.38807475566864014, 129.22982788085938},{0},{1},{0},{4}},{{1907.19934, 198.298676, 616.113586, 0.0459420159, -0.015104698, 0.998829901, 0.000250078388, 0.999885798, 0.0151091637, -0.998944104, -0.000444359641, 0.0459405482},{-5.893338203430176, 4.779590129852295, 129.6658935546875},{-5.940849781036377, -4.671396255493164, 130.7342071533203},{-6.116044044494629, 0.13652898371219635, 129.69192504882812},{-5.822310447692871, -0.13715550303459167, 129.7359619140625},{0},{1},{0},{4}},{{1895.56628, 198.296844, 615.576355, 0.045945432, -0.0149161657, 0.998832583, -0.000377888035, 0.999888182, 0.0149493115, -0.998943865, -0.00106429949, 0.0459346585},{-5.9047393798828125, 4.921008110046387, 130.07040405273438},{-6.112126350402832, -4.751377105712891, 130.4093017578125},{-6.077605724334717, 0.32607272267341614, 130.0118865966797},{-5.9245805740356445, -0.2243221551179886, 130.05984497070312},{0},{1},{0},{4}},{{1882.5509, 198.29599, 614.974365, 0.046021495, -0.0147681581, 0.998831272, -0.000123454054, 0.999890625, 0.0147895087, -0.998940468, -0.000803945062, 0.0460146368},{-6.226723670959473, 4.7564873695373535, 132.7045135498047},{-6.1281867027282715, -4.934505939483643, 130.92153930664062},{-6.056772708892822, 0.46698081493377686, 130.93922424316406},{-5.958631992340088, -0.3328629434108734, 130.92648315429688},{0},{1},{0},{4}},{{1868.12427, 198.29393, 614.306213, 0.046059493, -0.0147873722, 0.998829246, -0.000621513871, 0.999889791, 0.0148317339, -0.998938501, -0.00130392844, 0.0460452251},{-6.0020012855529785, 5.090189456939697, 131.97303771972656},{-6.18746280670166, -4.93569803237915, 132.09719848632812},{-6.165097713470459, 0.4439146816730499, 131.97291564941406},{-6.038935661315918, -0.29744869470596313, 132.02838134765625},{0},{1},{0},{4}},{{1854.91028, 198.296967, 613.697754, 0.0458534136, -0.0149365962, 0.998836517, -0.000889997929, 0.999887228, 0.0149931647, -0.998947799, -0.00157645019, 0.0458349474},{-5.66848087310791, 5.185532093048096, 133.12582397460938},{-5.6049957275390625, -4.609136581420898, 134.65786743164062},{-6.295560836791992, 0.2590959668159485, 133.3516387939453},{-6.010426044464111, -0.09771055728197098, 133.53196716308594},{-1},{1},{0},{4}},{{1842.26196, 198.274384, 613.183777, 0.0377772339, -0.0143823763, 0.999182701, -0.0125328284, 0.999810934, 0.0148652634, -0.999207616, -0.0130841536, 0.0375898406},{-2.9018354415893555, 6.221757888793945, 134.24313354492188},{-2.499190330505371, -4.437557697296143, 133.85130310058594},{-5.18796443939209, 1.542848825454712, 133.46202087402344},{-5.170711517333984, 0.3386498987674713, 134.1218719482422},{0},{1},{0},{4}},{{1829.52856, 198.283066, 612.809143, 0.0286469366, -0.0152300289, 0.999473572, -0.0131620448, 0.999791503, 0.0156121235, -0.999502957, -0.0136023555, 0.0284405053},{-2.322230577468872, 5.669034004211426, 135.84439086914062},{-2.3035900592803955, -4.037336826324463, 138.00668334960938},{-3.813103675842285, 1.3024804592132568, 134.4588165283203},{-3.8484041690826416, 0.7048505544662476, 134.88430786132812},{0},{1},{0},{4}},{{1818.06433, 198.307098, 612.564087, 0.0219008718, -0.0126385707, 0.999680281, -0.00612751115, 0.999899626, 0.0127755851, -0.999741375, -0.00640534842, 0.0218212306},{-1.4126651287078857, 4.7707366943359375, 137.54144287109375},{-2.6028311252593994, -3.826965808868408, 136.22897338867188},{-2.598780870437622, 0.6741686463356018, 136.37542724609375},{-3.4003689289093018, 0.352007120847702, 136.6251678466797},{0},{1},{0},{4}},{{1805.85925, 198.302536, 612.332947, 0.0197027791, -0.012436497, 0.999728501, 0.000855315011, 0.999922454, 0.0124220531, -0.99980551, 0.000610333867, 0.0197118893},{-2.59712290763855, 4.532894134521484, 136.7098388671875},{-2.5555403232574463, -4.636004447937012, 136.39479064941406},{-2.8631680011749268, 0.3269975185394287, 137.02210998535156},{-2.5302388668060303, -0.455646276473999, 136.39256286621094},{0},{1},{0},{4}},{{1791.53162, 198.292664, 612.059387, 0.0191472284, -0.0146117155, 0.999