return {{{2458.98218, 197.988983, 604.571594, -0.170496404, -0.0120326607, 0.985284805, -0.000739468029, 0.999926746, 0.0120835127, -0.985358, 0.00133160886, -0.170492813},{0.009917577728629112, -0.00036549734068103135, -0.0010193201014772058},{0.013610266149044037, -0.0003843504819087684, 0.0016917124157771468},{0.007426379714161158, 0.0004706730251200497, -0.0018778229132294655},{0.01187661662697792, 0.00047558487858623266, -0.000747924845200032},{0},{0},{0}},{{2458.98218, 197.98819, 604.572205, -0.170496956, -0.0120768165, 0.985284209, -0.000279233209, 0.999925435, 0.012207957, -0.985358179, 0.00180629559, -0.170487627},{-0.00043395624379627407, -0.00026070309104397893, 0.0012780260294675827},{0.0027953197713941336, -0.00013443827629089355, 0.00028285052394494414},{0.001533336122520268, -0.00017631790251471102, -0.0011765628587454557},{0.0009697108762338758, -0.00004364111373433843, -0.0017931812908500433},{0},{0},{0}},{{2458.98218, 197.987885, 604.572205, -0.170493424, -0.0121882129, 0.985283434, -0.000302814879, 0.999924123, 0.0123169227, -0.985358775, 0.00180159579, -0.17048417},{0.0005084836739115417, -0.000053550833399640396, 0.00294622709043324},{-0.00048541417345404625, -0.00009340946417069063, 0.0029383653309196234},{0.000004785551027453039, 0.000035598204704001546, 0.00029197739786468446},{-0.0008964685257524252, -0.00002639629201439675, 0.0004914709134027362},{0},{0},{0}},{{2458.98218, 197.988235, 604.572205, -0.17049478, -0.0121486932, 0.985283673, -0.000342702086, 0.99992466, 0.0122699169, -0.985358536, 0.00175429811, -0.170486107},{0.0010685176821425557, -0.00011819504288723692, 0.003295270726084709},{-0.001133476966060698, -0.00011267256923019886, 0.0033771295566111803},{-0.0003071218670811504, 0.000012168260582257062, 0.0007999383960850537},{-0.0003105225332546979, -0.00010953992023132741, 0.0005400478839874268},{0},{0},{0}},{{2458.98218, 197.988449, 604.572205, -0.170494407, -0.0120844357, 0.985284567, -0.000364634092, 0.999925494, 0.0122009097, -0.985358596, 0.00172091858, -0.170486107},{0.0006883753812871873, -5.963331091152213e-07, 0.0021231782156974077},{-0.00007848504174035043, -0.000077640033850912, 0.0023480786476284266},{-0.0002770017017610371, 0.000031942086934577674, -0.00025708816247060895},{-0.000028425100026652217, -0.000012327093827479985, -0.0002441583783365786},{0},{0},{0}},{{2458.98218, 197.988327, 604.572205, -0.170494288, -0.0120919477, 0.985284448, -0.000369824003, 0.999925435, 0.0122076347, -0.985358596, 0.00171695021, -0.170486048},{0.00015071945381350815, -0.00006414128438336775, 0.0015124166384339333},{0.0003509409725666046, -0.00006926758214831352, 0.0015664368402212858},{-0.00021080818260088563, -0.000004385234205983579, -0.0008912538178265095},{-0.00014308701793197542, 0.000010554055734246504, -0.0008939699037000537},{0},{0},{0}},{{2458.97241, 197.987717, 604.574036, -0.170563355, -0.0115257772, 0.985279322, -0.00043269762, 0.999932349, 0.0116222836, -0.985346615, 0.00155600766, -0.170556799},{0.07595626264810562, 0.0083704749122262, 0.3958755433559418},{0.06329421699047089, -0.008062226697802544, 0.39951446652412415},{0.05283018574118614, 0.009065123274922371, 0.3693089187145233},{0.07432582229375839, -0.00795415323227644, 0.36865371465682983},{0},{0.5386472940444946},{0}},{{2458.90308, 197.988007, 604.58606, -0.170590937, -0.00935270451, 0.985297561, -0.000454091991, 0.999955595, 0.00941322278, -0.985341847, 0.00115839473, -0.170587614},{0.2731936573982239, 0.03455457463860512, 1.4905353784561157},{0.2455051690340042, -0.034855347126722336, 1.500403881072998},{0.2348455786705017, 0.03423800319433212, 1.429561734199524},{0.25990769267082214, -0.0325469896197319, 1.4296295642852783},{0},{1},{0}},{{2458.75952, 197.990814, 604.611084, -0.170587167, -0.00843892246, 0.985306442, -0.000510896556, 0.999963939, 0.00847600773, -0.985342443, 0.000942508515, -0.170585319},{0.4504869878292084, 0.0632609874010086, 2.5867621898651123},{0.44488057494163513, -0.060312218964099884, 2.5890421867370605},{0.43452003598213196, 0.05993335694074631, 2.5059292316436768},{0.43287354707717896, -0.056423988193273544, 2.515486240386963},{0},{1},{0}},{{2458.53784, 197.991501, 604.649597, -0.17058523, -0.0088330768, 0.985303342, -0.000513972889, 0.999960482, 0.00887549203, -0.985342801, 0.0010076086, -0.170583025},{0.6417753100395203, 0.0907004252076149, 3.7180938720703125},{0.6453503966331482, -0.08729491382837296, 3.7171730995178223},{0.629386842250824, 0.0853629857301712, 3.6266307830810547},{0.6289474964141846, -0.08101348578929901, 3.6375489234924316},{0},{1},{0}},{{2458.23462, 197.991028, 604.702209, -0.170592815, -0.00891880039, 0.985301256, -0.000501301023, 0.999959707, 0.00896469224, -0.985341489, 0.0010353796, -0.170590401},{0.8496511578559875, 0.1206996813416481, 4.903728008270264},{0.8482182025909424, -0.11590521782636642, 4.90425443649292},{0.8286539912223816, 0.1131652295589447, 4.800308704376221},{0.8359760642051697, -0.10725893080234528, 4.814274311065674},{0},{1},{0}},{{2457.87476, 197.990662, 604.764771, -0.170591399, -0.0087885363, 0.985302687, -0.000437987299, 0.99996078, 0.00884345081, -0.985341787, 0.00107706652, -0.170588553},{1.0494848489761353, 0.14872947335243225, 6.054285049438477},{1.0489468574523926, -0.14376239478588104, 6.0541462898254395},{1.026141881942749, 0.14027103781700134, 5.938249111175537},{1.0350698232650757, -0.1334446519613266, 5.955625057220459},{0},{1},{0}},{{2457.33374, 197.990326, 604.858826, -0.170599476, -0.00869215652, 0.985302091, -0.000363892934, 0.999961555, 0.00875847321, -0.985340416, 0.00113564637, -0.170596078},{1.304448127746582, 0.18441778421401978, 7.522472381591797},{1.3026070594787598, -0.17947016656398773, 7.523545742034912},{1.2773957252502441, 0.17471441626548767, 7.389914512634277},{1.2869367599487305, -0.16705040633678436, 7.411910057067871},{0},{1},{0}},{{2456.36548, 197.990234, 605.026794, -0.170605615, -0.00857312977, 0.985302091, -0.000416620955, 0.999962687, 0.00862855371, -0.985339284, 0.00106158224, -0.170602828},{1.675613522529602, 0.23748120665550232, 9.686012268066406},{1.6748058795928955, -0.23055653274059296, 9.686065673828125},{1.6465364694595337, 0.22602051496505737, 9.531785011291504},{1.6569545269012451, -0.21597923338413239, 9.55958080291748},{0},{1},{0}},{{2455.58203, 197.990097, 605.162476, -0.170607105, -0.00853569526, 0.98530215, -0.000483116601, 0.999963105, 0.00857905112, -0.985339046, 0.000987631269, -0.170604929},{1.9337573051452637, 0.27419671416282654, 11.172323226928711},{1.9336265325546265, -0.26506200432777405, 11.173196792602539},{1.901900291442871, 0.26207423210144043, 11.00380802154541},{1.9132288694381714, -0.2489423304796219, 11.037041664123535},{0},{1},{0}},{{2454.68408, 197.993423, 605.318054, -0.170605093, -0.00835959241, 0.985303998, -0.000534246385, 0.999964654, 0.00839147251, -0.985339344, 0.000905232853, -0.170603529},{2.196641206741333, 0.31436580419540405, 12.679265975952148},{2.1932716369628906, -0.3031326234340668, 12.681264877319336},{2.162841558456421, 0.2983038127422333, 12.51931095123291},{2.17756986618042, -0.2820880711078644, 12.557730674743652},{0},{1},{0}},{{2453.73535, 197.998764, 605.482239, -0.170598567, -0.00771017419, 0.985310435, -0.000572592427, 0.999970019, 0.0077257473, -0.985340476, 0.000753820117, -0.170597866},{2.4465367794036865, 0.35033291578292847, 14.101465225219727},{2.4348859786987305, -0.3370521068572998, 14.102582931518555},{2.412498712539673, 0.33379024267196655, 13.96930980682373},{2.4313082695007324, -0.3151582181453705, 14.010819435119629},{0},{1},{0}},{{2452.68188, 198.004868, 605.664673, -0.170599028, -0.00689294888, 0.985316455, -0.000589714677, 0.999976039, 0.00689339871, -0.985340357, 0.000594951562, -0.170599014},{2.700197696685791, 0.38243919610977173, 15.554058074951172},{2.688608169555664, -0.3672488331794739, 15.556721687316895},{2.6716878414154053, 0.3700166344642639, 15.44577693939209},{2.684839963912964, -0.35177066922187805, 15.474515914916992},{0},{1},{0}},{{2451.60254, 198.009933, 605.851746, -0.170603469, -0.00647631614, 0.985318482, -0.000447912753, 0.999978781, 0.0064951214, -0.985339642, 0.000666753505, -0.170602754},{2.9384965896606445, 0.4116118252277374, 16.93596076965332},{2.9333648681640625, -0.3985275626182556, 16.938650131225586},{2.917283058166504, 0.4005223214626312, 16.846954345703125},{2.924485683441162, -0.3871768116950989, 16.855880737304688},{0},{1},{0}},{{2450.25244, 198.013885, 606.085938, -0.170608506, -0.00631919596, 0.985318661, -0.000160969619, 0.999979615, 0.00638534967, -0.985338867, 0.000930788578, -0.170606032},{3.2170536518096924, 0.4466416537761688, 18.56296730041504},{3.216181993484497, -0.4407048225402832, 18.56311798095703},{3.19968581199646, 0.43501850962638855, 18.480628967285156},{3.2057900428771973, -0.4305689036846161, 18.479408264160156},{0},{1},{0}},{{2448.87231, 198.019608, 606.32489, -0.170589492, -0.00714687351, 0.985316277, -0.000224407951, 0.999973953, 0.00721433945, -0.985342145, 0.00100957765, -0.170586661},{3.464646577835083, 0.48522472381591797, 20.061893463134766},{3.46239972114563, -0.47568604350090027, 20.055946350097656},{3.454576253890991, 0.48096412420272827, 19.826826095581055},{3.4199817180633545, -0.4704909026622772, 19.871566772460938},{0},{1},{0}},{{2447.37891, 198.026886, 606.583435, -0.17060101, -0.00810778607, 0.985306859, -0.000354926859, 0.999966562, 0.0081669623, -0.985340118, 0.00104358024, -0.170598194},{3.752241849899292, 0.5252854228019714, 21.667407989501953},{3.7478182315826416, -0.512243390083313, 21.667280197143555},{3.708709955215454, 0.5024113059043884, 21.443035125732422},{3.722148895263672, -0.48402079939842224, 21.489194869995117},{0},{1},{0}},{{2445.77026, 198.024765, 606.863037, -0.17055212, -0.00668132072, 0.985325992, 0.000299054576, 0.999976635, 0.00683242781, -0.985348582, 0.00145995128, -0.170546144},{4.049660682678223, 0.551033079624176, 23.281524658203125},{4.048001766204834, -0.5605468153953552, 23.2928466796875},{4.002630710601807, 0.5307602286338806, 23.192705154418945},{4.035399913787842, -0.548287034034729, 23.118520736694336},{0},{1},{0}},{{2443.92334, 198.024338, 607.18396, -0.170574471, -0.00570893707, 0.985328257, 0.00100788369, 0.999981701, 0.00596831739, -0.985344291, 0.00201113895, -0.17056559},{4.338902473449707, 0.5767099857330322, 25.04285430908203},{4.3361406326293945, -0.6157308220863342, 25.043521881103516},{4.319822311401367, 0.5696820616722107, 24.954111099243164},{4.311011791229248, -0.6215671896934509, 24.87540054321289},{0},{1},{0}},{{2442.06738, 198.027283, 607.505371, -0.170583323, -0.00600217516, 0.985324979, 0.000912963471, 0.999980032, 0.00624950323, -0.98534286, 0.00196562684, -0.170574442},{4.624342441558838, 0.6159870028495789, 26.73101806640625},{4.622067451477051, -0.6547151803970337, 26.72928810119629},{4.6085686683654785, 0.6029641628265381, 26.63884735107422},{4.595622539520264, -0.6542273759841919, 26.567262649536133},{0},{1},{0}},{{2440.08789, 198.028702, 607.8479, -0.170587376, -0.00607456313, 0.985323846, 0.000698753109, 0.999979973, 0.00628589327, -0.985342324, 0.0017607921, -0.170579717},{4.92592191696167, 0.6598917841911316, 28.456226348876953},{4.923746109008789, -0.6908044815063477, 28.45806121826172},{4.9028425216674805, 0.6449454426765442, 28.363956451416016},{4.902034759521484, -0.6876761317253113, 28.29620361328125},{0},{1},{0}},{{2438.12646, 198.029053, 608.187622, -0.170590892, -0.00587459747, 0.985324442, 0.000566859962, 0.999981463, 0.00606012531, -0.985341787, 0.00159234321, -0.17058441},{5.2131476402282715, 0.7001215219497681, 30.11530113220215},{5.209890365600586, -0.7265172004699707, 30.11602210998535},{5.1890950202941895, 0.6894620656967163, 30.02021598815918},{5.1905927658081055, -0.7273557782173157, 29.955814361572266},{0},{1},{0}},{{2436.05103, 198.029541, 608.546753, -0.170589074, -0.00570656639, 0.985325754, 0.000463146745, 0.999982655, 0.00587163679, -0.985342145, 0.00145798747, -0.170583472},{5.50720739364624, 0.7405882477760315, 31.81585121154785},{5.5035319328308105, -0.7628942728042603, 31.814790725708008},{5.484912872314453, 0.7340178489685059, 31.71808624267578},{5.484929084777832, -0.7680661082267761, 31.655607223510742},{0},{1},{0}},{{2433.37476, 198.030518, 609.010315, -0.170593262, -0.0055528027, 0.985325873, 0.00041379701, 0.999983609, 0.00570704881, -0.98534143, 0.001381309, -0.170588166},{5.875662326812744, 0.788907527923584, 33.93545150756836},{5.8717451095581055, -0.8099406957626343, 33.93621826171875},{5.852453708648682, 0.7863925695419312, 33.83502197265625},{5.852447509765625, -0.8187687993049622, 33.776206970214844},{0},{1},{0}},{{2431.03979, 198.031128, 609.414795, -0.170593128, -0.00546440808, 0.985326409, 0.0003956531, 0.999984145, 0.00561419781, -0.985341489, 0.00134759094, -0.170588255},{6.184737205505371, 0.8299801349639893, 35.72052764892578},{6.181109428405762, -0.8507413864135742, 35.72073745727539},{6.159907341003418, 0.829794704914093, 35.6164665222168},{6.162240028381348, -0.8614355325698853, 35.561092376708984},{0},{1},{0}},{{2428.76245, 198.031509, 609.809204, -0.170585215, -0.00534227118, 0.985328436, 0.000364700187, 0.99998492, 0.00548487483, -0.98534286, 0.00129498797, -0.170580685},{6.476684093475342, 0.8682948350906372, 37.41195297241211},{6.47226619720459, -0.8883790969848633, 37.41041564941406},{6.452157020568848, 0.8720670342445374, 37.307029724121094},{6.454444885253906, -0.9035404324531555, 37.25053787231445},{0},{1},{0}},{{2426.56641, 198.03186, 610.189514, -0.170584723, -0.00528848078, 0.985328794, 0.000330893206, 0.999985218, 0.00542443059, -0.985342979, 0.00125136354, -0.170580447},{6.747762203216553, 0.9048603177070618, 38.97739791870117},{6.7432355880737305, -0.9236127734184265, 38.975555419921875},{6.723629474639893, 0.9108032584190369, 38.87136459350586},{6.7252583503723145, -0.9410807490348816, 38.816043853759766},{0},{1},{0}},{{2423.10107, 198.03241, 610.789734, -0.170585215, -0.00519504026, 0.985329211, 0.00031884911, 0.999985754, 0.00532751577, -0.98534286, 0.00122296682, -0.170581132},{7.163778305053711, 0.9589430689811707, 41.37020492553711},{7.158964157104492, -0.9782053232192993, 41.37177276611328},{7.137147903442383, 0.9690037369728088, 41.262908935546875},{7.140254020690918, -0.9992329478263855, 41.209049224853516},{0},{1},{0}},{{2419.84424, 198.032852, 611.35376, -0.1705807, -0.00505404314, 0.98533076, 0.000310076866, 0.999986529, 0.00518289767, -0.985343635, 0.0011896306, -0.170576826},{7.5403361320495605, 1.007851481437683, 43.55092239379883},{7.534390449523926, -1.027430772781372, 43.55046463012695},{7.513757705688477, 1.0227314233779907, 43.4396858215332},{7.517337322235107, -1.054142713546753, 43.3845329284668},{0},{1},{0}},{{2416.41821, 198.033264, 611.94696, -0.170581758, -0.00491344882, 0.985331297, 0.000293811201, 0.999987245, 0.00503739761, -0.985343456, 0.00114878954, -0.170578152},{7.925869464874268, 1.0569756031036377, 45.77041244506836},{7.919569969177246, -1.0766605138778687, 45.77195358276367},{7.897132873535156, 1.078259825706482, 45.65766143798828},{7.900933265686035, -1.1093300580978394, 45.60332107543945},{0},{1},{0}},{{2412.35864, 198.033707, 612.650146, -0.17058143, -0.0047952421, 0.985331893, 0.000287915231, 0.9999879, 0.00491641136, -0.985343516, 0.00112234056, -0.170577988},{8.366144180297852, 1.113132119178772, 48.30739212036133},{8.359522819519043, -1.1333874464035034, 48.3109245300293},{8.336141586303711, 1.1408859491348267, 48.192726135253906},{8.340164184570312, -1.1724536418914795, 48.13978576660156},{0},{1},{0}},{{2408.8064, 198.033966, 613.265137, -0.170574948, -0.00472968211, 0.985333383, 0.00028591312, 0.999988198, 0.00484952191, -0.985344648, 0.00110892672, -0.170571581},{8.736212730407715, 1.1611071825027466, 50.4461555480957},{8.729475975036621, -1.1821658611297607, 50.44999694824219},{8.705460548400879, 1.1931676864624023, 50.3291015625},{8.709220886230469, -1.2256211042404175, 50.274837493896484},{0},{1},{0}},{{2404.33911, 198.035492, 614.037964, -0.170671642, -0.00468737399, 0.985316813, 6.23336455e-05, 0.999988616, 0.00476796832, -0.985327959, 0.000875175407, -0.170669407},{9.178719520568848, 1.2195168733596802, 53.01325988769531},{9.17116641998291, -1.2364652156829834, 53.02301788330078},{9.131689071655273, 1.264310359954834, 52.88859176635742},{9.191990852355957, -1.2530962228775024, 53.036651611328125},{0},{1},{0}},{{2400.96948, 198.033051, 614.621094, -0.170623779, -0.00381916738, 0.985328853, -0.000107838263, 0.999992549, 0.00385733065, -0.985336244, 0.00055189617, -0.170622915},{9.53283405303955, 1.2694166898727417, 55.02309036254883},{9.511590003967285, -1.2630703449249268, 54.973384857177734},{9.49375057220459, 1.3457518815994263, 54.88583755493164},{9.519848823547363, -1.3364914655685425, 54.89175033569336},{0},{1},{0}},{{2397.47534, 198.033386, 615.226196, -0.170640528, -0.00362602482, 0.985326648, 5.05996722e-05, 0.999993205, 0.0036887608, -0.985333323, 0.000679309363, -0.170639187},{9.874469757080078, 1.3035980463027954, 56.996238708496094},{9.863892555236816, -1.3101023435592651, 57.003665924072266},{9.845196723937988, 1.3939586877822876, 56.855716705322266},{9.854039192199707, -1.3978915214538574, 56.87064743041992},{0},{1},{0}},{{2393.00537, 198.034317, 616, -0.170622259, -0.00392894214, 0.985328674, 0.000118345059, 0.999991953, 0.00400790386, -0.985336483, 0.000800446433, -0.170620427},{10.294455528259277, 1.3590660095214844, 59.42924499511719},{10.283538818359375, -1.369083046913147, 59.424739837646484},{10.261282920837402, 1.4392541646957397, 59.28786849975586},{10.27260971069336, -1.4498438835144043, 59.30531311035156},{0},{1},{0}},{{2389.53198, 198.034424, 616.601562, -0.17060785, -0.00402786164, 0.98533076, 8.44192109e-05, 0.999991596, 0.00410240982, -0.985338986, 0.000783084135, -0.170606077},{10.606542587280273, 1.403807282447815, 61.2418212890625},{10.596787452697754, -1.409844160079956, 61.24298095703125},{10.572734832763672, 1.481507420539856, 61.099159240722656},{10.587563514709473, -1.489941954612732, 61.11477279663086},{0},{1},{0}},{{2384.78271, 198.036362, 617.422607, -0.170323163, -0.00684149098, 0.985364497, 0.000237950342, 0.999975562, 0.00698406762, -0.985388219, 0.00142401631, -0.170317382},{10.652618408203125, 1.4630358219146729, 61.93351364135742},{10.772187232971191, -1.4873261451721191, 61.909114837646484},{10.733901977539062, 1.4175679683685303, 61.897315979003906},{10.661296844482422, -1.443400502204895, 61.92048645019531},{0},{0},{0}},{{2380.03003, 198.032516, 618.245178, -0.170489058, -0.0125814816, 0.985279262, -0.000120623859, 0.999918759, 0.0127475476, -0.98535955, 0.00205446919, -0.17047672},{10.650897026062012, 1.6230982542037964, 61.89037322998047},{10.746182441711426, -1.6069140434265137, 61.85200881958008},{10.698936462402344, 1.2831412553787231, 61.858665466308594},{10.711485862731934, -1.278024435043335, 61.842411041259766},{0},{0},{0}},{{2375.28174, 198.02594, 619.066956, -0.170530036, -0.0122701814, 0.985276103, -6.9743015e-05, 0.999922633, 0.012440511, -0.985352457, 0.00205276464, -0.170517698},{10.686685562133789, 1.6504583358764648, 61.81203842163086},{10.715314865112305, -1.6407904624938965, 61.80865478515625},{10.662910461425781, 1.3174760341644287, 61.78900146484375},{10.72786808013916, -1.3094875812530518, 61.789573669433594},{0},{0},{0}},{{2371.13354, 198.030151, 619.785034, -0.170501992, -0.0105200419, 0.985301197, 5.16286309e-05, 0.999942899, 0.0106853051, -0.985357344, 0.00187273556, -0.17049171},{10.677546501159668, 1.5852768421173096, 61.706233978271484},{10.6834135055542, -1.5887997150421143, 61.703208923339844},{10.6561279296875, 1.3413851261138916, 61.669254302978516},{10.688340187072754, -1.3464590311050415, 61.685577392578125},{0},{0},{0}},{{2366.10791, 198.042618, 620.639038, -0.167846128, -0.00949435309, 0.985767484, 0.00342687126, 0.999941945, 0.0102143651, -0.98580724, 0.00509253982, -0.167803854},{9.584041595458984, 0.9185359477996826, 62.044281005859375},{9.354276657104492, -2.2512056827545166, 61.46800994873047},{10.65890884399414, 1.065642237663269, 61.827354431152344},{10.576658248901367, -1.5726245641708374, 61.251163482666016},{1},{0},{0}},{{2361.39429, 198.062119, 621.332764, -0.151462182, -0.00814959686, 0.988429427, 0.0178741869, 0.99977994, 0.0109821362, -0.988301456, 0.0193307512, -0.15128319},{6.960337162017822, 0.30483657121658325, 62.81717300415039},{6.153903961181641, -2.8611254692077637, 61.115020751953125},{9.794167518615723, 0.14210264384746552, 62.34024429321289},{9.563015937805176, -2.4409303665161133, 60.66802978515625},{0},{0},{0}},{{2356.91748, 198.057053, 621.862854, -0.131916195, -0.00597153418, 0.991242886, 0.019066615, 0.999781549, 0.00856038928, -0.991077483, 0.0200289004, -0.131773531},{6.331361770629883, 0.8190804719924927, 64.08634948730469},{5.42225456237793, -2.2307748794555664, 62.82418441772461},{8.365659713745117, 0.18468615412712097, 63.72158432006836},{8.281771659851074, -2.6384518146514893, 62.450782775878906},{0},{1},{0}},{{2352.32935, 198.034546, 622.353027, -0.119853966, -0.0057802638, 0.992774725, 0.00295233424, 0.999976575, 0.00617861981, -0.992787123, 0.00367153483, -0.119834088},{6.920832633972168, 1.4494340419769287, 65.18351745605469},{6.101299285888672, -1.5769981145858765, 64.2951431274414},{7.691643714904785, 1.153166651725769, 64.90699768066406},{7.603489398956299, -1.8796087503433228, 64.03722381591797},{0},{1},{0}},{{2347.63989, 198.027054, 622.842896, -0.112169668, -0.00716213509, 0.993663251, -0.00610879948, 0.999960124, 0.00651792996, -0.993670285, -0.00533897569, -0.112208948},{7.2729172706604, 1.8777319192886353, 66.13472747802734},{6.752718448638916, -1.1776950359344482, 65.83204650878906},{7.4024882316589355, 1.7509500980377197, 65.99017333984375},{7.364107131958008, -1.2768162488937378, 65.64656066894531},{0},{1},{0}},{{2343.17212, 198.027161, 623.330994, -0.110133283, -0.00773147913, 0.993886769, -0.00555959297, 0.999958873, 0.00716265198, -0.993901253, -0.00473675923, -0.110171743},{7.544405460357666, 1.9101144075393677, 67.2544174194336},{7.177740097045898, -1.248475193977356, 67.1129150390625},{7.505448818206787, 1.802756905555725, 67.155517578125},{7.506506443023682, -1.2441562414169312, 66.96477508544922},{0},{1},{0}},{{2338.29248, 198.032547, 623.867249, -0.10864532, -0.00732320407, 0.994053602, 0.000651304086, 0.999972105, 0.00743799051, -0.994080365, 0.00145553402, -0.108637527},{7.669591426849365, 1.6264219284057617, 68.50565338134766},{7.406023979187012, -1.657428503036499, 68.47186279296875},{7.525474548339844, 1.5340837240219116, 68.42244720458984},{7.545544624328613, -1.5954885482788086, 68.34577178955078},{0},{1},{0}},{{2333.31665, 198.033875, 624.410706, -0.108374201, -0.00720037147, 0.99408412, 0.00232893345, 0.999969184, 0.00749689667, -0.994107425, 0.00312762568, -0.108354092},{7.730977535247803, 1.556810975074768, 69.81813049316406},{7.507392406463623, -1.815121054649353, 69.80183410644531},{7.586480140686035, 1.4652044773101807, 69.72943115234375},{7.606281757354736, -1.7359473705291748, 69.69235229492188},{0},{1},{0}},{{2327.90137, 198.033798, 624.995178, -0.107830271, -0.00710598379, 0.994143903, 0.00125536579, 0.999972701, 0.00728381053, -0.99416852, 0.00203342945, -0.10781841},{7.837628364562988, 1.6363446712493896, 71.30450439453125},{7.65019416809082, -1.7894459962844849, 71.27393341064453},{7.694452285766602, 1.5481339693069458, 71.21125030517578},{7.7132720947265625, -1.717698335647583, 71.1583023071289},{0},{1},{0}},{{2322.7207, 198.033493, 625.554565, -0.107727371, -0.00687824283, 0.994156659, 3.4447723e-05, 0.999976039, 0.00692223758, -0.994180501, 0.000779960887, -0.107724547},{7.963759422302246, 1.725740671157837, 72.67176055908203},{7.835740089416504, -1.7339205741882324, 72.67752075195312},{7.845687389373779, 1.6610225439071655, 72.58628845214844},{7.86740779876709, -1.6763136386871338, 72.55591583251953},{0},{1},{0}},{{2317.43994, 198.033325, 626.126709, -0.107706346, -0.00690222904, 0.994158804, -8.47630072e-05, 0.999975979, 0.006933433, -0.994182765, 0.000662506849, -0.107704341},{8.09398078918457, 1.7687281370162964, 74.0541000366211},{8.01332950592041, -1.7567219734191895, 74.06222534179688},{8.00061321258545, 1.7031803131103516, 73.96717834472656},{8.022628784179688, -1.6985142230987549, 73.94010162353516},{0},{1},{0}},{{2311.69385, 198.031509, 626.755981, -0.109088235, -0.0070274109, 0.99400723, -0.00213381927, 0.99997437, 0.00683541922, -0.99402976, -0.00137536798, -0.109100439},{8.279375076293945, 1.9165199995040894, 75.57086944580078},{8.229111671447754, -1.6682391166687012, 75.52632141113281},{8.259467124938965, 1.8506956100463867, 75.4589614868164},{8.308754920959473, -1.6025408506393433, 75.45974731445312},{0},{1},{0}},{{2306.20459, 198.03038, 627.353638, -0.108346105, -0.00634468067, 0.994093001, -0.000347446039, 0.999979794, 0.00634438451, -0.994113147, 0.000341995648, -0.10834612},{8.455360412597656, 1.8648433685302734, 76.92163848876953},{8.425220489501953, -1.8008860349655151, 77.01713562011719},{8.348687171936035, 1.8376818895339966, 76.82144927978516},{8.384974479675293, -1.7646032571792603, 76.93082427978516},{0},{1},{0}},{{2300.61377, 198.032913, 627.9646, -0.108360983, -0.0065930374, 0.994089723, 0.000137012728, 0.999977887, 0.0066470243, -0.994111598, 0.000856481027, -0.108357683},{8.5447359085083, 1.866367220878601, 78.36785888671875},{8.525318145751953, -1.8721623420715332, 78.35474395751953},{8.527687072753906, 1.806734323501587, 78.26353454589844},{8.543736457824707, -1.8253509998321533, 78.27523803710938},{0},{1},{0}},{{2295.68628, 198.033936, 628.501953, -0.108445488, -0.00679696118, 0.994079173, -3.77215729e-05, 0.999976635, 0.00683317007, -0.994102418, 0.000703528232, -0.108443215},{8.679752349853516, 1.8985565900802612, 79.57515716552734},{8.668107032775879, -1.8911221027374268, 79.56864166259766},{8.658493041992188, 1.8300601243972778, 79.47380828857422},{8.683655738830566, -1.8262782096862793, 79.49657440185547},{0},{1},{0}},{{2290.68579, 198.037781, 629.04071, -0.107175663, -0.00683282129, 0.994216621, 0.00137177727, 0.99997443, 0.00702026859, -0.994239151, 0.00211624568, -0.107163548},{9.52987289428711, 1.38618004322052, 90.2606430053711},{7.7641496658325195, -2.33479380607605, 80.53791809082031},{8.450477600097656, 1.9747966527938843, 81.2018051147461},{8.707682609558105, -1.9903088808059692, 80.38510131835938},{1},{1},{0}},{{2284.0459, 198.057251, 629.664368, -0.0939163044, -0.00519981701, 0.995566547, 0.0163803287, 0.999842942, 0.00676738331, -0.995445311, 0.0169432741, -0.0938163772},{5.314313888549805, 0.32142189145088196, 83.22605895996094},{4.0965399742126465, -3.7910945415496826, 83.05549621582031},{8.042149543762207, 0.6385495662689209, 82.93346405029297},{7.996758460998535, -3.127413034439087, 81.65119171142578},{1},{1},{0}},{{2277.28394, 198.071243, 630.105469, -0.0703906938, -0.00380954286, 0.997512221, 0.0263663493, 0.999636233, 0.00567822903, -0.997170985, 0.0267004501, -0.0702646449},{0.6063975691795349, -1.4562029838562012, 95.4633560180664},{-2.7698874473571777, -4.974066257476807, 89.88168334960938},{6.0938801765441895, -0.09884058684110641, 84.7342758178711},{5.997604846954346, -4.014333248138428, 83.0038070678711},{1},{1},{0}},{{2270.40479, 198.071625, 630.335205, -0.0420106985, -0.005195715, 0.999103665, 0.0230585877, 0.99971509, 0.00616847118, -0.998851061, 0.0232970603, -0.0418789238},{-6.072147846221924, 0.3849104344844818, 88.0635757446289},{-9.510589599609375, -4.2260565757751465, 93.22156524658203},{3.7505927085876465, -0.06330202519893646, 86.55774688720703},{3.7215938568115234, -3.9193103313446045, 84.47972869873047},{0},{1},{0}},{{2263.42188, 198.066528, 630.304932, -0.00583918858, -0.00733277993, 0.999956071, 0.0243041068, 0.999676704, 0.00747265341, -0.999687552, 0.0243466739, -0.0056590843},{-7.929210662841797, 0.18936459720134735, 95.3666763305664},{-10.574732780456543, -3.555309295654297, 92.21207427978516},{0.7046276330947876, -0.17891842126846313, 88.15840148925781},{0.7043113112449646, -4.100066184997559, 85.49947357177734},{0},{1},{0}},{{2256.74097, 198.068573, 630.052368, 0.0263638739, -0.00821874104, 0.999618649, 0.0222577397, 0.999723136, 0.00763257639, -0.999404609, 0.0220480263, 0.0265395045},{-6.161261081695557, 0.9175189137458801, 89.3759994506836},{-8.517136573791504, -3.700977087020874, 95.63843536376953},{-2.2893052101135254, -0.06274180859327316, 89.898681640625},{-2.119128942489624, -3.9336159229278564, 87.08633422851562},{0},{1},{0}},{{2249.51025, 198.038437, 629.6474, 0.0458530076, -0.00631668931, 0.998928249, 0.00655288668, 0.999960423, 0.00602242444, -0.998926699, 0.00626971759, 0.0458925813},{-5.617674350738525, 1.6876351833343506, 90.0050277709961},{-6.933626651763916, -2.313380479812622, 88.83100128173828},{-4.419426918029785, 1.4304050207138062, 89.97630310058594},{-4.319140911102295, -2.7852814197540283, 89.42227172851562},{0},{1},{0}},{{2242.57471, 198.014832, 629.245361, 0.0523284413, -0.00611875067, 0.998611212, -0.0100451503, 0.999927402, 0.00665319338, -0.998579383, -0.0103793507, 0.0522631817},{-5.62957239151001, 3.2307612895965576, 93.32740020751953},{-5.93211555480957, -1.35117769241333, 90.85147094726562},{-4.783285140991211, 2.730492115020752, 91.28404235839844},{-4.720344066619873, -1.4964423179626465, 90.92879486083984},{0},{1},{0}},{{2235.08887, 198.024734, 628.799805, 0.0593501255, -0.00704432884, 0.998212397, -0.000392461487, 0.999974847, 0.00708010094, -0.998237133, -0.000811964797, 0.0593458675},{-5.232840538024902, 2.3120462894439697, 92.65032196044922},{-5.6897993087768555, -2.1738877296447754, 92.58135986328125},{-5.443789958953857, 2.214448928833008, 92.55889892578125},{-5.644762992858887, -2.12265682220459, 92.2593765258789},{0},{1},{0}},{{2227.54688, 198.033615, 628.358032, 0.059514001, -0.0106206192, 0.998170972, 0.00182573951, 0.999942899, 0.0105306162, -0.998225808, 0.00119568105, 0.05952999},{-5.503062725067139, 2.218937635421753, 92.40219116210938},{-5.593129634857178, -2.4073469638824463, 92.20924377441406},{-5.440483570098877, 1.846827745437622, 92.41643524169922},{-5.406269550323486, -2.13581919670105, 92.19800567626953},{0},{0},{0}},{{2220.4624, 198.024994, 627.940308, 0.0589088351, -0.0128279207, 0.998180926, 0.00150435884, 0.999917448, 0.012761456, -0.998262227, 0.000749859901, 0.0589232668},{-5.455320835113525, 2.3353023529052734, 92.1835708618164},{-5.5407843589782715, -2.5656754970550537, 92.10330200195312},{-5.46063232421875, 1.8271304368972778, 92.17311096191406},{-5.408416271209717, -2.0751893520355225, 92.10713195800781},{0},{0},{0}},{{2212.948, 198.026474, 627.504333, 0.0564566739, -0.0113291554, 0.998340786, -0.00529359002, 0.999918163, 0.0116464114, -0.998391032, -0.00594232464, 0.0563920848},{-4.591582298278809, 2.9610238075256348, 91.74999237060547},{-4.796677589416504, -1.7405914068222046, 92.44290924072266},{-5.398394584655762, 2.3227996826171875, 91.70238494873047},{-5.329524517059326, -1.4642022848129272, 92.48471069335938},{-1},{0},{0}},{{2205.87671, 198.008926, 627.168396, 0.0474758893, -0.00951989554, 0.99882704, -0.0149037782, 0.999836504, 0.0102379182, -0.998761177, -0.0153723508, 0.0473262481},{-1.0415387153625488, 3.892739772796631, 93.28251647949219},{-1.703640103340149, -0.6981943249702454, 92.243408203125},{-4.525442123413086, 3.220427989959717, 91.23412322998047},{-4.511162757873535, -0.6888845562934875, 92.88946533203125},{-1},{0},{0}},{{2198.37793, 198.003448, 626.934692, 0.0343726613, -0.0109649189, 0.999348938, -0.0153651591, 0.999815822, 0.0114985276, -0.999290943, -0.0157503895, 0.0341978557},{2.7490720748901367, 3.2605950832366943, 95.30516052246094},{1.4634099006652832, -0.7737961411476135, 94.6314468383789},{-3.1716485023498535, 3.270719051361084, 90.97456359863281},{-3.1696360111236572, -0.6151257157325745, 92.24275970458984},{0},{0},{0}},{{2191.31079, 198.00264, 626.834351, 0.0193885565, -0.0111132096, 0.999750257, -0.0113624018, 0.999871194, 0.0113349091, -0.999747455, -0.0115793319, 0.0192597862},{2.125844955444336, 2.740344524383545, 99.67992401123047},{1.1588932275772095, -1.4305614233016968, 100.3414535522461},{-1.8567982912063599, 3.0588467121124268, 91.47596740722656},{-1.7975938320159912, -0.9625053405761719, 92.61405181884766},{0},{1},{0}},{{2184.17017, 198.016968, 626.834839, 0.00465941243, -0.0074855471, 0.999961138, -0.00859300699, 0.999934733, 0.00752539001, -0.999952197, -0.00862773694, 0.00459478516},{1.1058894395828247, 2.778446674346924, 92.72715759277344},{0.8831902146339417, -1.7379828691482544, 93.65213012695312},{-0.49099084734916687, 2.9357526302337646, 92.66543579101562},{-0.41953492164611816, -1.2998456954956055, 93.59442138671875},{0},{1},{0}},{{2176.06494, 198.032837, 626.877075, -0.00177930587, -0.00624585059, 0.9999789, -0.000698103046, 0.999980271, 0.00624461658, -0.999998152, -0.000686977233, -0.00178363104},{0.7139382362365723, 2.257646322250366, 94.07542419433594},{0.6533784866333008, -2.15693998336792, 94.3205337524414},{0.23479147255420685, 2.3086178302764893, 94.03416442871094},{0.2565024495124817, -2.0470681190490723, 94.25377655029297},{0},{1},{0}},{{2168.33521, 198.037354, 626.919556, -0.00400083652, -0.00801452342, 0.999959886, 0.0033420925, 0.999962211, 0.00802791305, -0.99998641, 0.00337407691, -0.00397389987},{0.5230187177658081, 2.046771764755249, 95.15210723876953},{0.4903515875339508, -2.558893918991089, 95.18930053710938},{0.3790523409843445, 1.9008533954620361, 95.08841705322266},{0.3978027403354645, -2.378431797027588, 95.13298034667969},{0},{1},{0}},{{2160.99023, 198.034256, 626.952576, -0.00466373423, -0.00853352249, 0.999952734, 0.00136137509, 0.999962628, 0.00853995606, -0.999988198, 0.00140113884, -0.00465194276},{0.46868303418159485, 2.2295725345611572, 96.06592559814453},{0.4329673647880554, -2.4618256092071533, 96.07438659667969},{0.3950252830982208, 2.023167848587036, 96.00045013427734},{0.4331502914428711, -2.2502710819244385, 96.01716613769531},{0},{1},{0}},{{2153.58179, 198.03688, 626.970947, -0.00237896526, -0.00810853299, 0.999964297, 0.00255650096, 0.99996382, 0.0081146108, -0.99999392, 0.00257571414, -0.00235814974},{-0.7126768231391907, 1.8323168754577637, 97.20843505859375},{-1.1134452819824219, -2.9391517639160156, 96.674072265625},{0.34124016761779785, 1.9090477228164673, 97.13301849365234},{0.3787630796432495, -2.427700996398926, 96.61936950683594},{1},{1},{0}},{{2146.12427, 198.058929, 626.894043, 0.0105917668, -0.00788981281, 0.999912798, 0.0168954004, 0.999827564, 0.00771017279, -0.999801159, 0.0168122631, 0.0107232416},{-3.733304262161255, 0.8316335082054138, 98.39152526855469},{-4.538676738739014, -4.251063823699951, 98.52627563476562},{-0.825113832950592, 0.7102600336074829, 98.36167907714844},{-0.7273247241973877, -3.6532390117645264, 97.07200622558594},{0},{1},{0}},{{2138.61475, 198.066757, 626.635254, 0.030887248, -0.0088288933, 0.999483883, 0.0242209863, 0.999673963, 0.00808206573, -0.999229372, 0.0239588525, 0.0310910214},{-4.862530708312988, 0.48201119899749756, 100.78836059570312},{-5.2372636795043945, -4.078183650970459, 97.84517669677734},{-3.00673770904541, 0.11110421270132065, 99.23802185058594},{-2.9299254417419434, -4.351143836975098, 97.8622055053711},{0},{1},{0}},{{2131.02124, 198.045105, 626.284424, 0.0404296443, -0.0082948301, 0.999147952, 0.00733194873, 0.999941111, 0.00800473336, -0.999155462, 0.00700207334, 0.0404880792},{-4.764273643493652, 1.7384462356567383, 99.6597671508789},{-5.015942096710205, -3.0036866664886475, 99.3685531616211},{-4.358534812927246, 1.4625325202941895, 99.59373474121094},{-4.235806941986084, -2.947845697402954, 99.38597869873047},{0},{1},{0}},{{2123.35107, 198.005936, 625.919189, 0.0439724661, -0.00775225367, 0.999002635, -0.00855755527, 0.999930263, 0.00813612435, -0.998996079, -0.0089067854, 0.0439030603},{-4.530807018280029, 3.203699827194214, 100.48871612548828},{-4.856181621551514, -1.8574247360229492, 100.23902893066406},{-4.4698944091796875, 2.957334518432617, 100.44896697998047},{-4.436436653137207, -1.7573118209838867, 100.20402526855469},{0},{1},{0}},{{2115.61011, 198.020813, 625.567017, 0.0453413576, -0.00853716489, 0.998935044, -0.00571087748, 0.999944925, 0.00880501047, -0.99895525, -0.00610402692, 0.045290105},{-4.392812728881836, 2.998333692550659, 101.27326965332031},{-4.609947204589844, -2.0177009105682373, 101.28107452392578},{-4.518430233001709, 2.7574410438537598, 101.20982360839844},{-4.507015228271484, -1.7847473621368408, 101.21062469482422},{0},{1},{0}},{{2109.75708, 198.035995, 625.310425, 0.0451822579, -0.00825916417, 0.99894464, -0.000292099052, 0.999965668, 0.00828081742, -0.998978734, -0.000665936794, 0.0451782942},{-4.403084754943848, 2.503460168838501, 101.93395233154297},{-4.624588966369629, -2.3921220302581787, 101.97669982910156},{-4.559694290161133, 2.310023307800293, 101.86203002929688},{-4.519726276397705, -2.189098834991455, 101.91227722167969},{0},{1},{0}},{{2101.89111, 198.039597, 624.965698, 0.0443359725, -0.00753510511, 0.998988271, 0.0022304228, 0.99996978, 0.00744352024, -0.999014199, 0.00189815043, 0.0443514399},{-4.523738384246826, 2.2635273933410645, 102.84355163574219},{-4.666882514953613, -2.6152846813201904, 102.85618591308594},{-4.582732200622559, 2.1308155059814453, 102.76229858398438},{-4.53753662109375, -2.482046604156494, 102.80120086669922},{0},{1},{0}},{{2093.46021, 198.034561, 624.587036, 0.0445895903, -0.00777517492, 0.998975158, 0.00125412864, 0.999969363, 0.00772693474, -0.999004602, 0.000908302492, 0.0445979759},{-4.657538414001465, 2.393144369125366, 103.80315399169922},{-4.711950302124023, -2.6091954708099365, 103.79417419433594},{-4.669167995452881, 2.2314188480377197, 103.7354507446289},{-4.634970664978027, -2.4585649967193604, 103.7383041381836},{0},{1},{0}},{{2084.95093, 198.031418, 624.203186, 0.0447483137, -0.00824058056, 0.99896431, -0.000100280056, 0.999965906, 0.00825333502, -0.998998284, -0.000469499035, 0.0447459631},{-4.6989288330078125, 2.563826560974121, 104.7669448852539},{-4.7439985275268555, -2.5456554889678955, 104.75343322753906},{-4.711984157562256, 2.3564860820770264, 104.68247985839844},{-4.675856113433838, -2.3494768142700195, 104.6899185180664},{0},{1},{0}},{{2076.87085, 198.031616, 623.840027, 0.0447691157, -0.00824038312, 0.998963356, -0.000130144617, 0.999965906, 0.0082544852, -0.998997331, -0.000499555725, 0.0447665155},{-4.728125095367432, 2.590414047241211, 105.65965270996094},{-4.766984939575195, -2.5616981983184814, 105.65776824951172},{-4.750229358673096, 2.3816380500793457, 105.57644653320312},{-4.710474967956543, -2.3603622913360596, 105.59394073486328},{0},{1},{0}},{{2068.72168, 198.031952, 623.473999, 0.0447645485, -0.00814565551, 0.998964369, -5.96649697e-05, 0.999966741, 0.00815650262, -0.998997569, -0.000424725324, 0.0447625704},{-4.76749324798584, 2.5998599529266357, 106.55651092529297},{-4.795350551605225, -2.5833115577697754, 106.5569076538086},{-4.790398597717285, 2.399824380874634, 106.46532440185547},{-4.751445770263672, -2.38936185836792, 106.49108123779297},{0},{1},{0}},{{2058.43555, 198.035431, 623.005249, 0.0452148765, -0.00727396738, 0.998950779, 0.000681094592, 0.999973476, 0.00725058606, -0.998977065, 0.00035254567, 0.0452186316},{-4.8938889503479, 2.4709441661834717, 107.6639175415039},{-4.906110763549805, -2.6444969177246094, 107.81371307373047},{-4.997602462768555, 2.3650240898132324, 107.59036254882812},{-4.904946804046631, -2.4922854900360107, 107.75701904296875},{0},{1},{0}},{{2049.60425, 198.029465, 622.598083, 0.0461261794, -0.00706086261, 0.998910666, 0.00141158979, 0.999974489, 0.00700319977, -0.998934627, 0.00108702132, 0.0461349711},{-4.99066686630249, 2.4646682739257812, 108.62772369384766},{-4.95995569229126, -2.7198433876037598, 110.84095764160156},{-5.120932102203369, 2.404712677001953, 108.55416107177734},{-5.064161777496338, -2.645639657974243, 108.78336334228516},{0},{1},{0}},{{2039.63489, 198.023453, 622.133423, 0.0464014485, -0.00749707222, 0.998894751, -0.00138499343, 0.999970376, 0.00756948208, -0.998