return {{{2458.98047, 197.985855, 604.556641, -0.171104074, -0.0129726185, 0.985167563, -0.00416569225, 0.999913931, 0.0124432994, -0.985244155, -0.00197480572, -0.171143368},{0.04146627336740494, -0.0014902998227626085, 0.0009831369388848543},{0.03762292116880417, -0.002168167382478714, -0.00011749395343940705},{0.04221545159816742, -0.0008729876135475934, 0.001457040780223906},{0.04237436503171921, -0.001271124929189682, -0.007590433117002249},{0},{0},{0},{1}},{{2458.98047, 197.990753, 604.562134, -0.171156615, -0.0121241761, 0.985169232, 7.29278545e-05, 0.999924123, 0.0123184305, -0.985243857, 0.00218022708, -0.171142742},{0.029286082834005356, -0.0009510713280178607, -0.004722326993942261},{0.033859558403491974, -0.0010297192493453622, -0.0025468780659139156},{0.029643235728144646, -0.00003037635724467691, -0.004088519606739283},{0.032541826367378235, 0.00005920918192714453, -0.006477688439190388},{0},{0},{0},{1}},{{2458.98047, 197.989609, 604.562256, -0.171130046, -0.0123194056, 0.985171437, 0.000237900909, 0.999921262, 0.0125451749, -0.985248446, 0.00238122954, -0.17111364},{-0.01690848357975483, -0.0001082006492651999, 0.007357423193752766},{-0.01692040264606476, -0.00018385605653747916, 0.004607140552252531},{-0.015613026916980743, -0.00021435109374579042, 0.0031153506133705378},{-0.01714964210987091, -0.0002297782339155674, 0.0033974486868828535},{0},{0},{0},{1}},{{2458.98047, 197.9879, 604.560364, -0.171110317, -0.0125309275, 0.985172212, -0.00132774387, 0.999921143, 0.0124879172, -0.985251009, 0.000828754972, -0.171113461},{-0.0030568097718060017, -0.00011837216152343899, 0.005021311808377504},{-0.00597719568759203, -0.0003614895686041564, 0.005102323833853006},{-0.005237421952188015, 0.00010552823368925601, 0.002211000071838498},{-0.004755806643515825, -0.00008039116801228374, 0.0025441122706979513},{0},{0},{0},{1}},{{2458.98047, 197.98819, 604.560303, -0.171120018, -0.0124326507, 0.985171735, -0.00129168353, 0.999922335, 0.0123944404, -0.985249341, 0.000848406809, -0.171122789},{0.003580429358407855, -0.00016903437790460885, 0.0021268457639962435},{0.0027385398279875517, -0.00033548660576343536, 0.002109843771904707},{0.0028085126541554928, -0.00005176141712581739, -0.00005550147034227848},{0.0031734821386635303, -0.00011970089690294117, -0.0008181322482414544},{0},{0},{0},{1}},{{2458.97949, 197.988281, 604.56073, -0.171131909, -0.0123180589, 0.985171139, -0.00103652617, 0.999923527, 0.0123224631, -0.985247552, 0.00108761096, -0.171131581},{0.021420156583189964, 0.0016692865174263716, 0.0886365994811058},{0.019090229645371437, -0.0015899169957265258, 0.09122808277606964},{0.0126554686576128, 0.002553962403908372, 0.0776781439781189},{0.01916462369263172, -0.001081128604710102, 0.08028735965490341},{0},{0.22612128406763077},{0},{1}},{{2458.92773, 197.9879, 604.570374, -0.171219692, -0.0101864384, 0.985180199, -0.000804008218, 0.999947667, 0.0101993959, -0.985232532, 0.000954244519, -0.171218932},{0.22557739913463593, 0.029303595423698425, 1.2122184038162231},{0.19848525524139404, -0.02708357945084572, 1.2116279602050781},{0.18559738993644714, 0.027713920921087265, 1.150168538093567},{0.21856887638568878, -0.0259566567838192, 1.148805856704712},{0},{1},{0},{1}},{{2458.73267, 197.991562, 604.604309, -0.171207339, -0.00869786553, 0.98519665, -0.000844690367, 0.999961972, 0.00868143234, -0.985234678, 0.000654138741, -0.171208158},{0.4763336777687073, 0.06766609847545624, 2.744235038757324},{0.4732067286968231, -0.06383989751338959, 2.7429754734039307},{0.46344053745269775, 0.06415828317403793, 2.6554884910583496},{0.45942625403404236, -0.05904684215784073, 2.669247627258301},{0},{1},{0},{1}},{{2458.42432, 197.991776, 604.65802, -0.171213299, -0.00925253052, 0.985190511, -0.000892625889, 0.999956965, 0.0092360843, -0.985233605, 0.000701933808, -0.171214193},{0.7265291213989258, 0.10406074672937393, 4.1897993087768555},{0.7288606762886047, -0.097903311252594, 4.188591957092285},{0.708651602268219, 0.09803695231676102, 4.085023403167725},{0.714116096496582, -0.08923903107643127, 4.105587959289551},{0},{1},{0},{1}},{{2457.92798, 197.991013, 604.744385, -0.171217591, -0.00911701005, 0.985191047, -0.000851338031, 0.999958158, 0.00910571124, -0.98523289, 0.000720327254, -0.171218187},{1.0237278938293457, 0.14652279019355774, 5.879986763000488},{1.0232810974121094, -0.13812623918056488, 5.881147384643555},{0.9978625774383545, 0.13892890512943268, 5.754631996154785},{1.009229063987732, -0.12645669281482697, 5.78427791595459},{0},{1},{0},{1}},{{2457.4021, 197.990631, 604.836121, -0.171222463, -0.00905655231, 0.985190749, -0.000805442338, 0.999958694, 0.0090523269, -0.985232055, 0.000756447378, -0.171222687},{1.2706162929534912, 0.18200264871120453, 7.31053352355957},{1.2703999280929565, -0.17209972441196442, 7.311033725738525},{1.2435111999511719, 0.1729610115289688, 7.167290687561035},{1.2539963722229004, -0.15845537185668945, 7.203309059143066},{0},{1},{0},{1}},{{2456.63428, 197.990646, 604.969727, -0.171226233, -0.00902856328, 0.985190392, -0.000843942631, 0.999958992, 0.00901722908, -0.9852314, 0.000712542096, -0.171226829},{1.5721931457519531, 0.2253469079732895, 9.047731399536133},{1.5716217756271362, -0.21264104545116425, 9.048720359802246},{1.540737509727478, 0.2148357778787613, 8.883934020996094},{1.55360746383667, -0.19628672301769257, 8.928889274597168},{0},{1},{0},{1}},{{2455.802, 197.990494, 605.114685, -0.171231434, -0.00897064991, 0.985189974, -0.000908055867, 0.999959588, 0.00894730911, -0.985230446, 0.000637452933, -0.171232656},{1.8526175022125244, 0.2659967243671417, 10.662251472473145},{1.851926565170288, -0.25022366642951965, 10.662956237792969},{1.8172550201416016, 0.25435671210289, 10.478397369384766},{1.8326224088668823, -0.23145073652267456, 10.531643867492676},{0},{1},{0},{1}},{{2454.47266, 197.994751, 605.345886, -0.171229884, -0.00860651676, 0.985193491, -0.000961046608, 0.999962807, 0.00856850576, -0.985230625, 0.000520367408, -0.171231791},{2.2416741847991943, 0.32463693618774414, 12.888568878173828},{2.236527681350708, -0.30429357290267944, 12.887931823730469},{2.2036051750183105, 0.3088231682777405, 12.707463264465332},{2.2241671085357666, -0.2803071439266205, 12.770467758178711},{0},{1},{0},{1}},{{2453.23438, 198.001617, 605.561035, -0.171228215, -0.0076740575, 0.985201478, -0.000965413754, 0.999970496, 0.00762130925, -0.985230923, 0.00035385607, -0.171230569},{2.556872606277466, 0.36820608377456665, 14.674132347106934},{2.545377254486084, -0.34528648853302, 14.677745819091797},{2.518662452697754, 0.35467952489852905, 14.523456573486328},{2.542111873626709, -0.321610689163208, 14.59699535369873},{0},{1},{0},{1}},{{2451.90674, 198.008728, 605.791992, -0.171235397, -0.00689397426, 0.985206008, -0.000879933301, 0.999976218, 0.00684439018, -0.985229731, 0.000305086316, -0.171237394},{2.8633506298065186, 0.4060855805873871, 16.439453125},{2.8552563190460205, -0.3821512460708618, 16.439250946044922},{2.834786891937256, 0.39628180861473083, 16.310020446777344},{2.849769353866577, -0.36702457070350647, 16.35741424560547},{0},{1},{0},{1}},{{2450.42358, 198.013474, 606.050232, -0.171240807, -0.00661798846, 0.985206962, -0.000605105481, 0.999977946, 0.00661203591, -0.985229015, 0.000536096224, -0.171241045},{3.175291061401367, 0.44534024596214294, 18.249073028564453},{3.174523115158081, -0.4271884560585022, 18.250062942504883},{3.152855634689331, 0.4350067377090454, 18.139060974121094},{3.1645281314849854, -0.413697749376297, 18.16595458984375},{0},{1},{0},{1}},{{2448.68701, 198.020782, 606.352417, -0.171184853, -0.00750915613, 0.985210299, -0.000440071075, 0.999971449, 0.00754519925, -0.98523885, 0.000858061307, -0.171183273},{3.4976308345794678, 0.4918242394924164, 20.13999366760254},{3.494891405105591, -0.4745991826057434, 20.130578994750977},{3.4795382022857666, 0.4811365604400635, 19.906763076782227},{3.4521472454071045, -0.46381884813308716, 19.947933197021484},{0},{1},{0},{1}},{{2446.98169, 198.026596, 606.649109, -0.171204895, -0.00804498699, 0.98520261, -0.000324512337, 0.999967039, 0.0081091579, -0.985235393, 0.00106861722, -0.17120187},{3.811697483062744, 0.5320951342582703, 21.931421279907227},{3.8084335327148438, -0.5197004675865173, 21.930315017700195},{3.765472650527954, 0.5086828470230103, 21.71017074584961},{3.7895455360412598, -0.4916366636753082, 21.7528076171875},{0},{1},{0},{1}},{{2444.8999, 198.023575, 607.012573, -0.171189457, -0.00606566062, 0.985219479, 0.000690081913, 0.999980092, 0.0062764436, -0.985237896, 0.00175434304, -0.171181858},{4.179983615875244, 0.5602384209632874, 23.97508430480957},{4.17680025100708, -0.5837349891662598, 23.97848892211914},{4.146943092346191, 0.5474646687507629, 23.89004135131836},{4.16240930557251, -0.5834232568740845, 23.8066463470459},{0},{1},{0},{1}},{{2442.87695, 198.025848, 607.364502, -0.171183154, -0.00584963569, 0.985221863, 0.0010853142, 0.999980628, 0.0061258385, -0.985238612, 0.00211791578, -0.171173498},{4.491711139678955, 0.5936394929885864, 25.851438522338867},{4.488521575927734, -0.6371607184410095, 25.850948333740234},{4.474950790405273, 0.5835311412811279, 25.759164810180664},{4.460088729858398, -0.640000581741333, 25.685260772705078},{0},{1},{0},{1}},{{2439.75244, 198.028824, 607.906982, -0.171180516, -0.0060493988, 0.985221088, 0.000702876132, 0.999980152, 0.00626214501, -0.985239446, 0.00176444557, -0.171172872},{4.967685222625732, 0.6631576418876648, 28.602859497070312},{4.9647932052612305, -0.6942591667175293, 28.601696014404297},{4.945794105529785, 0.6482986211776733, 28.50971221923828},{4.944289207458496, -0.6920884251594543, 28.43853187561035},{0},{1},{0},{1}},{{2436.75244, 198.029434, 608.428223, -0.171190932, -0.00575602939, 0.985221088, 0.000517050445, 0.999982297, 0.00593211222, -0.985237718, 0.0015249328, -0.171184912},{5.404885768890381, 0.7236130833625793, 31.111244201660156},{5.401773452758789, -0.7478078007698059, 31.112071990966797},{5.381454944610596, 0.7154518961906433, 31.0142765045166},{5.381954193115234, -0.7519272565841675, 30.94858169555664},{0},{1},{0},{1}},{{2433.97583, 198.031342, 608.907227, -0.17063868, -0.00544311665, 0.985318661, 0.00109184301, 0.999983072, 0.00571321277, -0.985333085, 0.00205070851, -0.170629859},{5.425820350646973, 0.24445009231567383, 33.4823112487793},{5.427199840545654, -1.254599690437317, 33.31614303588867},{5.798587322235107, 0.7255850434303284, 33.32295608520508},{5.768749237060547, -0.8512930870056152, 33.08798599243164},{1},{1},{0},{1}},{{2431.0105, 198.046021, 609.361389, -0.160873473, -0.00378704024, 0.986967742, 0.00887737889, 0.999946654, 0.00528383302, -0.986935139, 0.00961171556, -0.160831273},{3.843135356903076, -0.2872059941291809, 36.50093078613281},{3.8979907035827637, -1.8184258937835693, 35.38186264038086},{6.020037651062012, 0.3868657648563385, 36.068359375},{5.8346991539001465, -1.2890843152999878, 34.884765625},{1},{1},{0},{1}},{{2428.03101, 198.055725, 609.708984, -0.141230643, -0.00299233245, 0.989972174, 0.0131029021, 0.999902189, 0.00489162328, -0.989889979, 0.013662356, -0.141177624},{2.801669120788574, 0.6328387260437012, 38.9509162902832},{3.1210336685180664, -1.1072711944580078, 37.55222702026367},{5.4864583015441895, 0.21291764080524445, 38.48855972290039},{5.2859416007995605, -1.5533212423324585, 37.00999069213867},{0},{1},{0},{1}},{{2424.27856, 198.037048, 610.078491, -0.122380666, -0.00434059184, 0.992473722, 0.000354269432, 0.999990165, 0.00441714982, -0.992483199, 0.000892176817, -0.122377925},{3.6291487216949463, 1.082126259803772, 41.19302749633789},{3.843445062637329, -0.8007153868675232, 40.5009651184082},{4.890890121459961, 0.7917429208755493, 40.91714096069336},{4.815207004547119, -1.1335663795471191, 40.18553161621094},{0},{1},{0},{1}},{{2420.66504, 198.026352, 610.464355, -0.116328828, -0.00501068868, 0.993198097, -0.00763617922, 0.999962211, 0.00415042229, -0.993181407, -0.00710142497, -0.116362698},{4.53446102142334, 1.3564198017120361, 44.31585693359375},{4.600186824798584, -0.6457322239875793, 43.09625244140625},{5.044149875640869, 1.2403091192245483, 43.158138275146484},{5.053730487823486, -0.7972029447555542, 42.9751091003418},{0},{1},{0},{1}},{{2417.05249, 198.033569, 610.871887, -0.113024689, -0.00385525753, 0.993584692, -0.000810609723, 0.99999249, 0.00378791033, -0.993591845, -0.000377282006, -0.113026969},{4.900667190551758, 1.1268987655639648, 45.705223083496094},{5.023573398590088, -0.9487185478210449, 45.479557037353516},{5.27480411529541, 1.104234218597412, 45.53338623046875},{5.262053966522217, -1.086897850036621, 45.34649658203125},{0},{1},{0},{1}},{{2412.31543, 198.040695, 611.397583, -0.110957794, -0.00372868683, 0.993818104, 0.00266221771, 0.999988258, 0.00404906785, -0.993821561, 0.00309503567, -0.110946566},{5.220910549163818, 1.0180028676986694, 48.643463134765625},{5.321107864379883, -1.1804006099700928, 48.515655517578125},{5.405267238616943, 1.030580759048462, 48.47455596923828},{5.398894786834717, -1.2823632955551147, 48.375789642333984},{0},{1},{0},{1}},{{2408.01367, 198.037613, 611.867371, -0.110116012, -0.00387462554, 0.993911207, 0.000100749479, 0.999992371, 0.00390949426, -0.993918717, 0.000530633959, -0.110114783},{5.629870414733887, 1.1711255311965942, 52.07613754272461},{5.618255615234375, -1.1495606899261475, 51.133731842041016},{5.617480754852295, 1.2080345153808594, 50.99787902832031},{5.631505966186523, -1.2293806076049805, 51.01158905029297},{0},{1},{0},{1}},{{2402.70215, 198.033981, 612.466858, -0.111471497, -0.00374420756, 0.993760586, -0.00104389223, 0.999992788, 0.00365059404, -0.993767083, -0.000630441762, -0.111474596},{6.1910600662231445, 1.3187141418457031, 56.04158020019531},{6.279140949249268, -1.204846978187561, 56.16752243041992},{6.104572296142578, 1.3561314344406128, 54.195945739746094},{6.116896152496338, -1.2636454105377197, 54.186912536621094},{0},{1},{0},{1}},{{2398.16455, 198.03598, 612.97406, -0.110989846, -0.00375822559, 0.993814409, 0.000537848449, 0.99999249, 0.00384165579, -0.993821383, 0.000960906385, -0.110986993},{6.3050971031188965, 1.2720706462860107, 56.99319839477539},{6.444977283477783, -1.3246147632598877, 57.85090255737305},{6.343404293060303, 1.3449606895446777, 56.81608581542969},{6.353335380554199, -1.4009120464324951, 56.82374954223633},{0},{1},{0},{1}},{{2392.55493, 198.041, 613.589294, -0.109122045, -0.00360704958, 0.994021833, 0.00200982974, 0.999990582, 0.00384934433, -0.994026303, 0.00241786288, -0.109113768},{7.170119762420654, 0.5413174033164978, 69.70845031738281},{5.961712837219238, -1.8404287099838257, 61.03459548950195},{6.665891647338867, 1.2745282649993896, 60.06552505493164},{6.641432285308838, -1.5767401456832886, 59.6143913269043},{1},{1},{0},{1}},{{2387.01685, 198.05304, 614.11499, -0.0971271023, -0.00550374249, 0.995256782, 0.0137167191, 0.99988234, 0.00686793635, -0.995177448, 0.0143187195, -0.0970401838},{3.5274336338043213, 0.5827732086181641, 62.57594299316406},{3.926201343536377, -2.17126727104187, 60.68488311767578},{6.185718059539795, 0.5607770681381226, 61.60622024536133},{6.01410436630249, -2.2501628398895264, 60.502925872802734},{0},{0},{0},{1}},{{2381.06372, 198.042038, 614.527527, -0.0792923495, -0.00809803326, 0.996818483, 0.00933363102, 0.99991715, 0.00886565354, -0.996807694, 0.0100069139, -0.0792101994},{3.6415791511535645, 1.198830008506775, 63.65804672241211},{3.7923686504364014, -1.9778261184692383, 63.08289337158203},{4.832640647888184, 0.7882958650588989, 63.45840835571289},{4.849465370178223, -2.040217399597168, 62.88835144042969},{0},{1},{0},{2}},{{2375.21875, 198.031906, 614.899475, -0.070887804, -0.00540235778, 0.997469664, -0.00647019409, 0.9999668, 0.00495606102, -0.997463286, -0.00610249816, -0.0709204078},{3.969465494155884, 1.8411874771118164, 65.42166137695312},{4.008058547973633, -1.107306718826294, 64.96211242675781},{4.553952217102051, 1.720080018043518, 65.27891540527344},{4.586402416229248, -1.2742531299591064, 64.85264587402344},{0},{1},{0},{2}},{{2369.52124, 198.027039, 615.287598, -0.0689440593, -0.00523499353, 0.997606814, -0.00599838234, 0.999970317, 0.00483285123, -0.997602522, -0.00565083046, -0.0689734146},{4.459200382232666, 1.8952924013137817, 66.95014953613281},{4.523915767669678, -1.161341905593872, 66.75833129882812},{4.739439010620117, 1.8837170600891113, 66.84101104736328},{4.7287163734436035, -1.2682980298995972, 66.65218353271484},{0},{1},{0},{2}},{{2363.01904, 198.039108, 615.73938, -0.0680421144, -0.00654372387, 0.997660995, 0.00275744335, 0.999973416, 0.00674695335, -0.997678638, 0.00321007078, -0.068022266},{4.6319966316223145, 1.4926897287368774, 68.71835327148438},{4.674378395080566, -1.7524151802062988, 68.6573486328125},{4.721188068389893, 1.4206393957138062, 68.61613464355469},{4.731970310211182, -1.7152634859085083, 68.5667495727539},{0},{1},{0},{2}},{{2356.67871, 198.038391, 616.167297, -0.0676909015, -0.0063317921, 0.997686267, 0.00189774355, 0.999977231, 0.00647508958, -0.997704566, 0.00233165734, -0.0676773414},{4.710439205169678, 1.545061469078064, 70.43704223632812},{4.7293171882629395, -1.7650612592697144, 70.41252899169922},{4.727916717529297, 1.4934362173080444, 70.3338623046875},{4.756626129150391, -1.729731798171997, 70.32042694091797},{0},{1},{0},{2}},{{2349.48267, 198.037338, 616.650574, -0.0675080642, -0.00575601729, 0.997702122, -0.000501554983, 0.99998343, 0.00573524181, -0.997718632, -0.000113227434, -0.06750983},{4.874477386474609, 1.6964857578277588, 72.4032211303711},{4.894690036773682, -1.6369115114212036, 72.39519500732422},{4.877396106719971, 1.6932376623153687, 72.29401397705078},{4.895279407501221, -1.6433979272842407, 72.2952651977539},{0},{1},{0},{2}},{{2342.0874, 198.037704, 617.150574, -0.0674140528, -0.00600399682, 0.997707009, -0.00017472016, 0.99998194, 0.00600588135, -0.99772507, 0.000230561258, -0.0674138814},{4.873912811279297, 1.5874419212341309, 74.40290832519531},{4.896206378936768, -1.8329766988754272, 74.36683654785156},{5.0258307456970215, 1.7124654054641724, 74.28414154052734},{5.0427703857421875, -1.7012033462524414, 74.24906921386719},{1},{1},{0},{2}},{{2334.50439, 198.057419, 617.59845, -0.0572040565, -0.00506736524, 0.998349667, 0.0137457186, 0.999888361, 0.00586278597, -0.998267889, 0.0140584083, -0.0571280159},{1.660570740699768, 0.35080960392951965, 77.19628143310547},{2.179795265197754, -3.0866193771362305, 75.78038024902344},{4.705288887023926, 0.7315268516540527, 76.99971771240234},{4.680455207824707, -2.7609992027282715, 75.56843566894531},{1},{1},{0},{2}},{{2325.9895, 198.067429, 617.791138, -0.027059963, -0.00585409673, 0.999616683, 0.019590104, 0.999787688, 0.00638540927, -0.999441862, 0.019755384, -0.0269395355},{-0.1535695195198059, 0.7441258430480957, 79.34127044677734},{0.2039932906627655, -2.955103874206543, 78.0348129272461},{1.998635172843933, 0.2539142370223999, 79.1797866821289},{2.0251247882843018, -3.2813258171081543, 78.08808898925781},{0},{1},{0},{2}},{{2319.90674, 198.028244, 617.83551, -0.0175664611, -0.0059940028, 0.999827743, -0.0043661166, 0.999972939, 0.00591816287, -0.999836147, -0.00426140334, -0.0175921563},{0.38566043972969055, 2.102630376815796, 80.35675048828125},{0.7056686282157898, -1.6756658554077148, 79.97205352783203},{1.1712045669555664, 1.9759588241577148, 80.24858093261719},{1.1967501640319824, -1.7329355478286743, 79.8837890625},{1},{1},{0},{2}},{{2312.13477, 198.027817, 617.907532, -0.0108546233, -0.00597938709, 0.999923229, -0.00596068287, 0.999964714, 0.00591492979, -0.999923348, -0.00589602115, -0.0108898822},{-1.9549776315689087, 2.6292035579681396, 85.30774688720703},{-1.2618682384490967, -1.3105376958847046, 87.53890991210938},{1.0830293893814087, 2.217299699783325, 82.12841033935547},{1.0875296592712402, -1.5625431537628174, 81.55731201171875},{1},{1},{0},{2}},{{2304.19824, 198.054428, 617.88147, 0.00434639538, -0.0073211845, 0.99996376, 0.0148348026, 0.999863625, 0.00725597097, -0.999880493, 0.0148027278, 0.00445441063},{-2.1035993099212646, 1.249685525894165, 84.41454315185547},{-1.7352429628372192, -2.790342330932617, 83.30641174316406},{-0.15815944969654083, 0.7748538851737976, 84.31246948242188},{-0.1037374809384346, -3.028907537460327, 83.20336151123047},{0},{1},{0},{2}},{{2296.48364, 198.039886, 617.741882, 0.0135043534, -0.00627086405, 0.999889135, 0.00545665529, 0.999965906, 0.00619764905, -0.999893904, 0.00537235476, 0.013538111},{-1.9562026262283325, 1.6494501829147339, 85.76862335205078},{-1.8023812770843506, -2.4147706031799316, 85.43657684326172},{-1.3515512943267822, 1.4955817461013794, 85.68205261230469},{-1.2979178428649902, -2.480569839477539, 85.38838195800781},{0},{1},{0},{2}},{{2288.18408, 198.028, 617.582214, 0.0164150354, -0.00568799535, 0.999849081, -0.0066534779, 0.999961078, 0.00579786627, -0.999843121, -0.00674764579, 0.0163765512},{-1.6652591228485107, 2.4869518280029297, 87.43183135986328},{-1.5745689868927002, -1.5648356676101685, 87.38530731201172},{-1.4550973176956177, 2.4542744159698486, 87.32577514648438},{-1.4108288288116455, -1.5512850284576416, 87.73866271972656},{0},{1},{0},{2}},{{2279.70581, 198.024017, 617.466064, 0.012676267, -0.00540939718, 0.99990505, -0.00726577034, 0.999958456, 0.00550179789, -0.999893248, -0.00733482232, 0.0126364371},{0.2029130607843399, 2.9666271209716797, 88.72564697265625},{0.5523249506950378, -1.0808959007263184, 89.56664276123047},{-1.29401695728302, 2.7062556743621826, 88.619873046875},{-1.2435160875320435, -1.4351273775100708, 89.46989440917969},{-1},{1},{0},{2}},{{2270.60278, 198.019302, 617.523682, -0.00498047331, -0.00660723494, 0.999965787, -0.0117288223, 0.999909759, 0.006548448, -0.999918818, -0.0116958059, -0.00505751884},{1.5295530557632446, 2.863369941711426, 90.53617095947266},{1.8551119565963745, -1.3734378814697266, 91.38160705566406},{0.4209795594215393, 3.0788722038269043, 90.6748275756836},{0.4784088730812073, -1.0354174375534058, 91.32527160644531},{0},{1},{0},{2}},{{2262.67285, 198.03511, 617.626831, -0.00915223174, -0.0064128167, 0.999937534, 0.0020034418, 0.999977291, 0.00643140869, -0.999956131, 0.00206217822, -0.00913917553},{1.2084075212478638, 2.058448314666748, 92.22577667236328},{1.4752991199493408, -2.3310558795928955, 92.46202087402344},{0.9153165221214294, 2.070889711380005, 92.18054962158203},{0.9605321288108826, -2.200042963027954, 92.38070678710938},{0},{1},{0},{3}},{{2254.19653, 198.04451, 617.734497, -0.0119549474, -0.00742227724, 0.999900997, 0.00352173182, 0.999965966, 0.00746486522, -0.999922335, 0.00361062516, -0.011928401},{1.189380407333374, 1.8828614950180054, 93.4244613647461},{1.1664100885391235, -2.6014797687530518, 93.62356567382812},{1.0358847379684448, 1.7979333400726318, 93.74736022949219},{0.8468020558357239, -2.3471436500549316, 93.32135009765625},{0},{1},{0},{3}},{{2245.61963, 198.031204, 617.827698, -0.0115215546, -0.00716451975, 0.99990797, 7.74550135e-05, 0.99997431, 0.00716588739, -0.9999336, 0.000160010051, -0.0115207033},{1.0905730724334717, 2.254737377166748, 94.62108612060547},{1.0489282608032227, -2.293097734451294, 94.67671203613281},{1.0203187465667725, 2.150872230529785, 94.5703353881836},{1.0632158517837524, -2.182194471359253, 94.61289978027344},{0},{1},{0},{3}},{{2236.47461, 198.030762, 617.930908, -0.0114078904, -0.00773457438, 0.99990499, -0.000877885905, 0.99996978, 0.00772505952, -0.999934554, -0.000789675862, -0.011414336},{1.1181087493896484, 2.3847804069519043, 95.86079406738281},{1.0851452350616455, -2.241687297821045, 95.8747329711914},{1.0895730257034302, 2.237541913986206, 95.7952651977539},{1.1067439317703247, -2.1011271476745605, 95.8060531616211},{0},{1},{0},{3}},{{2226.74829, 198.034637, 618.043274, -0.0113836173, -0.0079295719, 0.999903738, -1.96304809e-05, 0.999968529, 0.00792986248, -0.99993521, 7.06419232e-05, -0.0113834143},{1.1225955486297607, 2.3381524085998535, 97.1102066040039},{1.1053190231323242, -2.3297579288482666, 97.1106948852539},{1.0902020931243896, 2.1682205200195312, 97.0478515625},{1.1255717277526855, -2.1682236194610596, 97.0366439819336},{0},{1},{0},{3}},{{2217.84351, 198.034439, 618.145325, -0.0113437083, -0.00788711663, 0.999904573, 7.31975888e-05, 0.999968886, 0.00788845494, -0.999935627, 0.000162674929, -0.0113427779},{1.1236906051635742, 2.3554532527923584, 98.17424774169922},{1.11515474319458, -2.3641743659973145, 98.1738052368164},{1.095383644104004, 2.188382863998413, 98.10768127441406},{1.1304035186767578, -2.205981492996216, 98.09381866455078},{0},{1},{0},{3}},{{2208.84204, 198.034393, 618.247925, -0.0113144908, -0.00792450365, 0.999904573, 6.51479859e-05, 0.999968588, 0.00792574789, -0.999935985, 0.000154817564, -0.0113136191},{1.1330431699752808, 2.383671283721924, 99.23091888427734},{1.1241949796676636, -2.391183614730835, 99.22927856445312},{1.1027261018753052, 2.2124509811401367, 99.16083526611328},{1.1396113634109497, -2.2287850379943848, 99.14395904541016},{0},{1},{0},{3}},{{2199.74438, 198.035477, 618.350769, -0.0114288833, -0.00794435386, 0.999903142, -0.000171536551, 0.999968469, 0.00794291217, -0.999934673, -8.07413307e-05, -0.0114298854},{1.1559886932373047, 2.4148476123809814, 100.23991394042969},{0.6155329942703247, -2.350329637527466, 106.57295227050781},{1.3399696350097656, 2.2433314323425293, 100.03662872314453},{1.1530438661575317, -2.2012293338775635, 100.44108581542969},{0},{1},{0},{3}},{{2190.5459, 198.027649, 618.454773, -0.0112118088, -0.00698538031, 0.999912739, 0.00047002075, 0.999975443, 0.00699108886, -0.999937057, 0.000548362499, -0.0112082511},{1.1141102313995361, 2.424769639968872, 101.403076171875},{1.3410921096801758, -2.4769656658172607, 101.3486099243164},{1.1064913272857666, 2.3209049701690674, 101.34638977050781},{1.1690844297409058, -2.394742250442505, 101.3451156616211},{0},{1},{0},{3}},{{2180.25879, 198.027191, 618.571106, -0.0117667485, -0.00751437619, 0.999902546, -0.00146715017, 0.999970794, 0.00749762403, -0.999929667, -0.00137878454, -0.0117774298},{1.6583887338638306, 2.811788320541382, 102.54425048828125},{1.7158135175704956, -2.1504464149475098, 102.77619934082031},{1.1299002170562744, 2.4967339038848877, 102.49053955078125},{1.148403286933899, -2.218644618988037, 102.70564270019531},{-1},{1},{0},{3}},{{2170.32642, 198.006912, 618.798645, -0.0260610506, -0.00755070522, 0.999631822, -0.0192762874, 0.999789357, 0.0070493496, -0.999474466, -0.019085478, -0.0262011103},{4.1323561668396, 3.936187267303467, 103.16709899902344},{4.395465850830078, -0.9574970006942749, 104.36421966552734},{2.4187428951263428, 4.064210891723633, 103.13639831542969},{2.505751132965088, -0.6094318628311157, 104.3602066040039},{0},{1},{0},{3}},{{2161.30151, 198.021881, 619.14502, -0.0343047604, -0.00723118521, 0.999385238, -0.00668561738, 0.999953091, 0.00700580468, -0.999389052, -0.00644117501, -0.0343514979},{4.244229316711426, 3.125039577484131, 104.68476104736328},{4.39719295501709, -1.8972595930099487, 104.93812561035156},{3.792844533920288, 3.09916615486145, 104.67008972167969},{3.845736265182495, -1.7060192823410034, 104.88699340820312},{0},{1},{0},{3}},{{2149.64795, 198.051987, 619.615723, -0.0385514423, -0.0067509017, 0.999233842, 0.00914698746, 0.999932885, 0.00710852444, -0.999214768, 0.00941402279, -0.0384871028},{4.1180100440979, 1.5800824165344238, 106.09178924560547},{4.161165237426758, -3.3853797912597656, 106.25272369384766},{4.045287132263184, 1.6441774368286133, 106.04719543457031},{4.119539260864258, -3.103151559829712, 106.2078628540039},{1},{1},{0},{3}},{{2137.8667, 198.050323, 619.958252, -0.0259346049, -0.00663471036, 0.999641597, 0.0138811441, 0.999879181, 0.00699641788, -0.99956727, 0.0140576186, -0.0258393735},{-0.47384142875671387, 1.2953506708145142, 108.59220886230469},{0.4287641942501068, -4.212762832641602, 106.91680908203125},{3.0217995643615723, 1.1191442012786865, 108.10091400146484},{3.0138819217681885, -3.842972755432129, 106.78238677978516},{1},{1},{0},{3}},{{2127.52148, 198.072937, 619.986511, -0.0016345951, -0.00735628325, 0.999971628, 0.0237565078, 0.999690413, 0.00739304814, -0.999716461, 0.0237679183, -0.00145932939},{-2.4026241302490234, 0.6627114415168762, 109.4413833618164},{-1.6808527708053589, -4.719334602355957, 109.69830322265625},{0.24358563125133514, 0.04546171799302101, 110.09159851074219},{0.31314781308174133, -4.718648910522461, 107.92555236816406},{0},{1},{0},{3}},{{2117.57104, 198.037476, 619.847717, 0.00979013834, -0.0066356454, 0.999930084, 0.00602617161, 0.999960244, 0.00657684449, -0.999933898, 0.00596136181, 0.00982973631},{-2.1875648498535156, 2.0822653770446777, 110.04446411132812},{-2.411689519882202, -3.1496965885162354, 115.92317199707031},{-1.300942063331604, 1.8422843217849731, 109.95691680908203},{-1.2221128940582275, -3.261138439178467, 109.74011993408203},{0},{1},{0},{3}},{{2106.44336, 198.012634, 619.665771, 0.013475283, -0.00742911408, 0.999881625, -0.00930406246, 0.999928176, 0.00755484961, -0.99986589, -0.00940476451, 0.0134051936},{-1.6946078538894653, 3.5534732341766357, 111.10226440429688},{-1.6259949207305908, -1.894554853439331, 110.9783706665039},{-1.488100290298462, 3.358402729034424, 111.0358657836914},{-1.4461244344711304, -1.7735614776611328, 110.93350982666016},{0},{1},{0},{3}},{{2095.18896, 198.0354, 619.515503, 0.014106717, -0.0072651864, 0.999874115, -0.000127292908, 0.999973595, 0.00726770516, -0.99990046, -0.000229800353, 0.0141054196},{-1.4893569946289062, 2.7225842475891113, 112.2451400756836},{-1.4815627336502075, -2.62579345703125, 112.2647476196289},{-1.5131630897521973, 2.584226369857788, 112.17666625976562},{-1.4907959699630737, -2.487175464630127, 112.1844253540039},{0},{1},{0},{3}},{{2084.35864, 198.045761, 619.368347, 0.0139017627, -0.00657909783, 0.999881744, 0.00285904156, 0.999974549, 0.00653995806, -0.999899268, 0.00276778638, 0.0139202187},{-1.5924010276794434, 2.3530542850494385, 113.35838317871094},{-1.57235586643219, -2.874894857406616, 113.36994171142578},{-1.6101990938186646, 2.2819740772247314, 113.28258514404297},{-1.573732614517212, -2.8034045696258545, 113.29717254638672},{0},{1},{0},{3}},{{2072.87305, 198.038071, 619.201416, 0.0143680749, -0.0070194588, 0.999872148, 0.000639580307, 0.999975204, 0.00701099169, -0.999896586, 0.000538764056, 0.0143722091},{-2.1183102130889893, 2.410550832748413, 114.60650634765625},{-2.0438544750213623, -2.9470062255859375, 114.42339324951172},{-1.3862818479537964, 2.4841363430023193, 114.3199234008789},{-1.5971415042877197, -2.683464288711548, 114.33810424804688},{1},{1},{0},{3}},{{2062.39551, 198.049515, 618.970581, 0.0243931469, -0.00753664132, 0.999674022, 0.0127243865, 0.99989289, 0.00722780265, -0.999621451, 0.0125439297, 0.0244864337},{-6.263307094573975, 1.5571463108062744, 116.44710540771484},{-5.732499599456787, -4.299008846282959, 120.47335052490234},{-2.5844242572784424, 1.364569067955017, 116.02244567871094},{-2.4788825511932373, -3.9114840030670166, 114.91205596923828},{1},{1},{0},{3}},{{2052.95386, 198.048599, 618.600708, 0.0388357267, -0.00923038088, 0.999202967, 0.0196766034, 0.999770522, 0.00847085938, -0.999051869, 0.0193319488, 0.0390084349},{-9.09914493560791, 0.9143617153167725, 125.09552764892578},{-7.406240463256836, -4.4451518058776855, 118.423583984375},{-4.534367084503174, 0.6532544493675232, 117.63340759277344},{-4.407964706420898, -4.691701412200928, 115.85052490234375},{0},{1},{0},{3}},{{2040.61926, 198.046646, 617.920593, 0.0537086502, -0.00769873429, 0.99852699, 0.00658326969, 0.999951303, 0.0073556155, -0.998534918, 0.00617851177, 0.0537567139},{-7.760900020599365, 2.18249249458313, 118.19930267333984},{-7.079484939575195, -3.3800458908081055, 117.52873229980469},{-6.506350040435791, 1.8602689504623413, 117.82268524169922},{-6.386915683746338, -3.3914146423339844, 117.73674774169922},{0},{1},{0},{3}},{{2030.99097, 198.027756, 617.338745, 0.0581267402, -0.00548448646, 0.998294175, -0.00367537653, 0.999976933, 0.00570773426, -0.99830246, -0.00400087889, 0.0581052452},{-7.631132125854492, 3.1271324157714844, 118.6318588256836},{-6.9001288414001465, -2.2346692085266113, 120.46492767333984},{-6.9551897048950195, 3.024555206298828, 118.58675384521484},{-6.889084815979004, -2.521172046661377, 118.37345886230469},{0},{1},{0},{3}},{{2018.40906, 198.023499, 616.596252, 0.0584100112, -0.00642994838, 0.998271942, -0.00327012152, 0.999972641, 0.00663224142, -0.99828732, -0.00365185994, 0.0583873875},{-7.223374366760254, 3.221271276473999, 119.7192611694336},{-6.872079849243164, -2.5496482849121094, 119.73721313476562},{-6.964189052581787, 3.1376805305480957, 119.64408874511719},{-6.9349493980407715, -2.4715940952301025, 119.67230224609375},{0},{1},{0},{3}},{{2005.12073, 198.0383, 615.82959, 0.057965681, -0.00751075242, 0.9982903, 0.00126695121, 0.999971449, 0.00744983507, -0.998317778, 0.000832950347, 0.0579735413},{-7.195094108581543, 2.7799770832061768, 120.94295501708984},{-6.979081153869629, -3.0021414756774902, 120.96929168701172},{-7.025344371795654, 2.6081135272979736, 120.8598403930664},{-6.99942684173584, -2.8331377506256104, 120.89788055419922},{0},{1},{0},{3}},{{1992.2843, 198.03717, 615.093018, 0.0562061034, -0.00648417557, 0.998398125, -0.0016179193, 0.999976993, 0.00658551231, -0.998417854, -0.00198547356, 0.0561943203},{-6.140133380889893, 3.385313034057617, 123.97527313232422},{-5.42164945602417, -2.4141600131988525, 122.37157440185547},{-7.023026943206787, 2.9663219451904297, 121.71968078613281},{-7.000357627868652, -2.426382064819336, 122.97598266601562},{-1},{1},{0},{3}},{{1979.29688, 197.988708, 614.527588, 0.0393260606, -0.00745219458, 0.999198616, -0.0233386811, 0.999692559, 0.00837443303, -0.998953819, -0.0236493126, 0.0391400456},{-2.925079584121704, 5.314499855041504, 123.10166931152344},{-1.9869517087936401, -0.31166544556617737, 132.4722900390625},{-5.09291410446167, 5.184912204742432, 123.00652313232422},{-5.023047924041748, -0.4380800724029541, 123.71922302246094},{0},{1},{0},{3}},{{1967.37598, 197.999084, 614.242554, 0.0247114208, -0.00813724007, 0.999661505, -0.0169104729, 0.999820411, 0.00855655689, -0.999551594, -0.0171161927, 0.0245693773},{-2.4586422443389893, 4.846680164337158, 124.2646713256836},{-1.5713788270950317, -1.4251010417938232, 124.73041534423828},{-2.9206039905548096, 4.680787086486816, 124.21524810791016},{-2.8309390544891357, -0.9755204319953918, 124.647705078125},{0},{1},{0},{3}},{{1952.95349, 198.049545, 613.999634, 0.018893145, -0.00631042337, 0.999801576, 0.00776978349, 0.999950826, 0.00616454054, -0.999791324, 0.00765177421, 0.018941246},{-2.5062255859375, 2.18790602684021, 125.60608673095703},{-2.0041308403015137, -3.697700262069702, 125.8121337890625},{-2.357386827468872, 2.175673246383667, 125.52113342285156},{-2.3548460006713867, -3.5904183387756348, 125.73799133300781},{0},{1},{0},{3}},{{1937.79236, 198.043793, 613.724854, 0.0176863484, -0.00645980332, 0.999822736, 0.000489972881, 0.999979079, 0.00645214645, -0.999843478, 0.000375771109, 0.0176891424},{-2.374466896057129, 2.995375394821167, 126.93389892578125},{-2.0190439224243164, -2.8143293857574463, 126.90428161621094},{-2.333432912826538, 2.7483139038085938, 126.85154724121094},{-2.290151834487915, -2.9263803958892822, 126.84600067138672},{-1},{1},{0},{3}},{{1922.47571, 198.005066, 613.505981, 0.0108862435, -0.00810707361, 0.999907851, -0.0121003855, 0.999892831, 0.00823869184, -0.999867499, -0.0121889589, 0.0107869785},{0.9995997548103333, 4.207169532775879, 135.3179931640625},{3.0425617694854736, -2.184924602508545, 129.28515625},{-1.646052598953247, 4.2228875160217285, 127.695068359375},{-1.5694811344146729, -1.6418014764785767, 128.78668212890625},{0},{1},{0},{3}},{{1907.6156, 197.997879, 613.52948, -0.00314524118, -0.00869761035, 0.999957204, -0.0148511166, 0.9998523, 0.00864998531, -0.999884784, -0.0148232747, -0.003273946},{1.1773546934127808, 4.78194522857666, 129.10928344726562},{2.8037354946136475, -1.8341423273086548, 131.42385864257812},{0.4260181486606598, 4.641266345977783, 129.05401611328125},{0.484795480966568, -1.3393192291259766, 129.571044921875},{0},{1},{0},{3}},{{1895.7627, 198.026001, 613.642273, -0.00750617636, -0.00780404173, 0.999941349, 0.000377173565, 0.999969482, 0.00780709228, -0.999971747, 0.000435752852, -0.00750300381},{1.2340686321258545, 3.239422082901001, 130.26454162597656},{1.8547199964523315, -2.8944544792175293, 137.77908325195312},{1.0460282564163208, 3.051514148712158, 130.21420288085938},{0.867855966091156, -2.9557723999023438, 130.1809844970703},{0},{1},{0},{3}},{{1883.1958, 198.033157, 613.763306, -0.00973184034, -0.00696458155, 0.999928415, 0.00195736811, 0.999973714, 0.00698394701, -0.999950707, 0.00202519447, -0.00971795246},{1.2589335441589355, 2.9171102046966553, 131.2344207763672},{1.8418574333190918, -3.4327197074890137, 131.44984436035156},{1.1470911502838135, 2.8232369422912598, 131.18165588378906},{1.2224769592285156, -3.229249954223633, 131.39085388183594},{0},{1},{0},{3}},{{1870.56348, 198.034943, 613.896851, -0.0109146228, -0.00791117828, 0.999909163, -0.00255774008, 0.999965668, 0.00788370613, -0.999937177, -0.00247146003, -0.0109344833},{1.4096100330352783, 3.3788607120513916, 131.8422088623047},{1.5862822532653809, -2.8574585914611816, 131.83843994140625},{1.3871885538101196, 3.1609394550323486, 131.77407836914062},{1.4759904146194458, -2.6294469833374023, 131.8004150390625},{0},{1},{0},{4}},{{1858.50732, 198.025864, 614.03717, -0.0112955403, -0.00796056259, 0.999904513, -0.00057816843, 0.999968171, 0.0079545388, -0.999936044, -0.00048826242, -0.0112997834},{1.5028010606765747, 3.3501992225646973, 132.50155639648438},{1.5768136978149414, -3.190084934234619, 132.49810791015625},{1.5089261531829834, 3.1158220767974854, 132.4446563720703},{1.5472681522369385, -2.968578577041626, 132.4300079345703},{0},{1},{0},{4}},{{1844.47327, 198.039566, 614.200989, -0.0115945991, -0.00765149388, 0.9999035, 0.000777872861, 0.999970376, 0.00766102551, -0.999932468, 0.000866624352, -0.0115883034},{1.6970895528793335, 3.1675925254821777, 133.23812866210938},{1.716660499572754, -3.1473183631896973, 133.27586364746094},{1.5069243907928467, 2.8793134689331055, 133.16778564453125},{1.5471510887145996, -3.0425267219543457, 133.2148895263672},{-1},{1},{0},{4}},{{1832.28308, 198.023346, 614.374939, -0.0157196857, -0.00713534374, 0.999850988, -0.00586577505, 0.999957979, 0.00704388553, -0.999859214, -0.00575417327, -0.01576088},{4.195013999938965, 3.8264074325561523, 139.6013641357422},{4.978912353515625, -1.6940128803253174, 141.05831909179688},{1.8924452066421509, 3.707099199295044, 133.57386779785156},{1.7166377305984497, -2.398373603820801, 133.92218017578125},{-1},{1},{0},{4}},{{1818.72974, 197.986282, 614.735168, -0.0301282965, -0.00911478046, 0.999504507, -0.0216880925, 0.999728978, 0.00846307818, -0.999310732, -0.0214223675, -0.0303178132},{7.970684051513672, 5.838572025299072, 133.98057556152344},{10.369561195373535, -1.221619725227356, 134.14588928222656},{3.8343098163604736, 5.57249116897583, 133.97691345214844},{3.988095998764038, -0.5239338874816895, 135.973876953125},{0},{1},{0},{4}},{{1805.76172, 197.998489, 615.319397, -0.0452034548, -0.0101076225, 0.99892664, -0.017337203, 0.999806166, 0.00933197793, -0.998827338, -0.0168967564, -0.0453699306},{7.993283271789551, 5.167746067047119, 135.1284942626953},{10.060004234313965, -1.7903549671173096, 136.35621643066406},{6.310673236846924, 5.130352020263672, 134.63299560546875},{6.211508274078369, -0.9818265438079834, 135.52464294433594},{0},{1},{0},{4}},{{1792.08752, 198.029175, 616.100281, -0.0549394302, -0.00801775884, 0.998457491, 0.000379427511, 0.999967515, 0.00805076305, -0.998489618, 0.000821146532, -0.0549346022},{6.350955486297607, 2.500417947769165, 143.51634216308594},{6.589883804321289, -3.5732181072235107, 140.95494079589844},{7.65707540512085, 3.170703411102295, 135.82461547851562},{7.7469000816345215, -2.98980450630188, 135.79063415527344},{1},{1},{0},{4}},{{1777.70483, 198.04982, 616.840271, -0.0478243791, -0.00743428804, 0.998828113, 0.0189419035, 0.999785721, 0.00834836345, -0.998676121, 0.0193189606,