return {{{2458.98193, 197.990265, 604.562073, -0.171219409, -0.0134418616, 0.985141218, -0.00323298085, 0.999909222, 0.0130814668, -0.985227644, -0.000945141481, -0.171247318},{0.02090056985616684, -0.001365004456602037, 0.0004385383799672127},{0.018416110426187515, -0.0014775462914258242, 0.006154361180961132},{0.015609272755682468, 0.0007781872991472483, 0.000126672035548836},{0.01828083023428917, 0.0004327034985180944, 0.0017580597195774317},{0},{0},{0},{1}},{{2458.98193, 197.992966, 604.565674, -0.171242803, -0.0128618674, 0.985144913, -0.000430522923, 0.999915659, 0.0129798763, -0.985228777, 0.00179858285, -0.171233892},{0.027234144508838654, -0.001012669876217842, -0.006768535822629929},{0.032680168747901917, -0.0011518497485667467, -0.0003781535488087684},{0.024863438680768013, 0.0008342388900928199, -0.005881720222532749},{0.028059925884008408, 0.0008981411810964346, -0.003534844610840082},{0},{0},{0},{1}},{{2458.98193, 197.993164, 604.566895, -0.171234116, -0.0129008973, 0.985145926, 0.000557993306, 0.999912858, 0.0131912641, -0.985230207, 0.00280849938, -0.171212003},{-0.004642518702894449, -0.00023096388031262904, 0.004129040986299515},{-0.003862629411742091, -0.0002788067504297942, 0.0026460846420377493},{-0.0033253529109060764, -0.0001863402867456898, 0.0012581045739352703},{-0.004765466786921024, -0.00018019208800978959, 0.0008599476423114538},{0},{0},{0},{1}},{{2458.98193, 197.992249, 604.565552, -0.171223328, -0.0130383139, 0.985145986, -0.000362645718, 0.999913216, 0.0131707266, -0.985232174, 0.00189787685, -0.171213195},{-0.005852306727319956, -0.00007129267760319635, 0.006053322926163673},{-0.008909085765480995, -0.00012217795301694423, 0.005239696241915226},{-0.0074787745252251625, -0.000011059684766223654, 0.003022827673703432},{-0.007309675216674805, -0.00020462964312173426, 0.0029434566386044025},{0},{0},{0},{1}},{{2458.98193, 197.992218, 604.56543, -0.171226755, -0.0129683632, 0.985146284, -0.000636295124, 0.999914587, 0.0130521785, -0.985231459, 0.00160803832, -0.171220392},{0.001689054653979838, -0.00021776686480734497, 0.0019222489790990949},{0.001057139365002513, -0.000188983409316279, 0.0030363111291080713},{0.0000018066018583340337, 0.00022925683879293501, -0.00022368250938598067},{0.00033399308449588716, 0.00016761384904384613, 0.0008149169152602553},{0},{0},{0},{1}},{{2458.98193, 197.992035, 604.56543, -0.171225548, -0.0129932007, 0.985146165, -0.000632795796, 0.999914289, 0.0130779939, -0.985231638, 0.0016158903, -0.171219096},{0.00013778608990833163, -0.00011637294664978981, 0.0020608750637620687},{0.0004432786372490227, -0.00018356219516135752, 0.0019466682570055127},{-0.00006627092807320878, -0.000006841859885753365, -0.0002796934568323195},{-0.00006324121204670519, -0.000016015221262932755, -0.0003551797999534756},{0},{0},{0},{1}},{{2458.96777, 197.99144, 604.568237, -0.171299621, -0.0121948114, 0.985143483, -0.000561559515, 0.999924421, 0.0122801354, -0.985218823, 0.00155036594, -0.171293527},{0.10593254119157791, 0.00973149761557579, 0.5242149233818054},{0.09035317599773407, -0.008712123148143291, 0.5331622362136841},{0.07382185757160187, 0.012832374311983585, 0.49050307273864746},{0.10105127096176147, -0.00980497244745493, 0.49357736110687256},{0},{0.765557773411274},{0},{1}},{{2458.87622, 197.992859, 604.584595, -0.171322823, -0.0096963523, 0.985167205, -0.00033531693, 0.999952078, 0.00978355762, -0.985214889, 0.00134580338, -0.17131786},{0.32456955313682556, 0.04213562235236168, 1.7884442806243896},{0.294955849647522, -0.038896139711141586, 1.777133584022522},{0.28808730840682983, 0.040944941341876984, 1.7034156322479248},{0.30680811405181885, -0.03887166827917099, 1.706831693649292},{0},{1},{0},{1}},{{2458.64087, 197.995712, 604.625549, -0.171325549, -0.00948581751, 0.985168815, -0.000444086501, 0.999954283, 0.00955095235, -0.985214353, 0.00119882193, -0.171321929},{0.5605093836784363, 0.07731948047876358, 3.242065191268921},{0.5650229454040527, -0.07699580490589142, 3.2421715259552},{0.5485436320304871, 0.0740692988038063, 3.1422088146209717},{0.5431782007217407, -0.07052496820688248, 3.1529946327209473},{0},{1},{0},{1}},{{2458.35034, 197.995163, 604.676025, -0.171332255, -0.00983005203, 0.985164285, -0.000540778623, 0.999951005, 0.0098835472, -0.985213161, 0.00116061454, -0.17132917},{0.7815521955490112, 0.10975442826747894, 4.4946513175964355},{0.7814702391624451, -0.10692187398672104, 4.494286060333252},{0.7585675120353699, 0.10312607884407043, 4.377586841583252},{0.7651757001876831, -0.09756451100111008, 4.3896870613098145},{0},{1},{0},{1}},{{2457.76416, 197.994507, 604.77832, -0.171349913, -0.00962147489, 0.985163271, -0.000455242262, 0.999952972, 0.00968673639, -0.985210121, 0.00121133355, -0.171346232},{1.1096487045288086, 0.15557120740413666, 6.373293876647949},{1.1096307039260864, -0.1514981985092163, 6.3732404708862305},{1.0816422700881958, 0.14730441570281982, 6.2298784255981445},{1.0900346040725708, -0.1401352435350418, 6.247431755065918},{0},{1},{0},{1}},{{2457.08569, 197.994232, 604.896545, -0.171355531, -0.00961565599, 0.985162318, -0.000412466703, 0.999952972, 0.0096882768, -0.985209167, 0.00125379313, -0.171351433},{1.4072848558425903, 0.19819915294647217, 8.0831937789917},{1.4064140319824219, -0.1930665671825409, 8.08432388305664},{1.374871850013733, 0.18727368116378784, 7.915980815887451},{1.3831653594970703, -0.17851006984710693, 7.939642429351807},{0},{1},{0},{1}},{{2456.19653, 197.994232, 605.051575, -0.171363086, -0.00955380872, 0.985161602, -0.000422652054, 0.999953628, 0.00962373987, -0.985207856, 0.00123277307, -0.171359167},{1.7325072288513184, 0.24387404322624207, 9.955069541931152},{1.730755090713501, -0.23730075359344482, 9.955130577087402},{1.694165825843811, 0.2311936467885971, 9.760730743408203},{1.7055003643035889, -0.22047670185565948, 9.789056777954102},{0},{1},{0},{1}},{{2455.39429, 197.994232, 605.191284, -0.171370909, -0.00946761109, 0.985161066, -0.00045532771, 0.999954462, 0.00953057408, -0.985206485, 0.00118469202, -0.171367422},{1.9869489669799805, 0.2804432213306427, 11.418912887573242},{1.9856767654418945, -0.2720387279987335, 11.4205322265625},{1.9450547695159912, 0.26623788475990295, 11.204931259155273},{1.9576219320297241, -0.2533033490180969, 11.238048553466797},{0},{1},{0},{1}},{{2454.23218, 197.999649, 605.393311, -0.171374381, -0.00909387413, 0.985163987, -0.000533187413, 0.999958098, 0.00913768541, -0.985205829, 0.00104068813, -0.171372056},{2.3095102310180664, 0.3291829824447632, 13.254271507263184},{2.302259683609009, -0.3171645998954773, 13.255963325500488},{2.264694929122925, 0.3105667233467102, 13.05628776550293},{2.2826552391052246, -0.2936810255050659, 13.094808578491211},{0},{1},{0},{1}},{{2453.10278, 198.005722, 605.589844, -0.171378851, -0.00819550548, 0.985171139, -0.000564748945, 0.999966025, 0.00822034013, -0.985205054, 0.000852418016, -0.171377659},{2.589627265930176, 0.367188036441803, 14.845329284667969},{2.5770907402038574, -0.35364845395088196, 14.848734855651855},{2.5461363792419434, 0.3509034514427185, 14.670343399047852},{2.565162181854248, -0.33111128211021423, 14.714412689208984},{0},{1},{0},{1}},{{2451.521, 198.012299, 605.865051, -0.171387225, -0.007232768, 0.985177219, -0.000549469609, 0.999973595, 0.00724580791, -0.985203564, 0.000700514065, -0.171386674},{2.9426887035369873, 0.4124765396118164, 16.888023376464844},{2.936183452606201, -0.3979044556617737, 16.891948699951172},{2.9071156978607178, 0.4014533460140228, 16.735904693603516},{2.924379587173462, -0.3790282905101776, 16.787769317626953},{0},{1},{0},{1}},{{2449.81787, 198.015594, 606.16156, -0.171391547, -0.00685356697, 0.985179126, -0.00055286882, 0.999976337, 0.00686032325, -0.985202849, 0.000631126633, -0.171391279},{3.2923331260681152, 0.4617774188518524, 18.91560935974121},{3.2897558212280273, -0.44496381282806396, 18.915422439575195},{3.2624802589416504, 0.4505862593650818, 18.77983856201172},{3.2808001041412354, -0.42696088552474976, 18.8311710357666},{0},{1},{0},{1}},{{2448.21851, 198.024216, 606.440186, -0.171394601, -0.00814311858, 0.985168815, -0.000359828904, 0.999966264, 0.0082028294, -0.985202372, 0.00105142838, -0.171391755},{3.5897464752197266, 0.5009920001029968, 20.6019344329834},{3.5870585441589355, -0.4888370633125305, 20.604320526123047},{3.558461904525757, 0.4829185903072357, 20.367679595947266},{3.540280818939209, -0.4664084017276764, 20.40359115600586},{0},{1},{0},{1}},{{2445.93311, 198.025314, 606.839722, -0.171360716, -0.00659057405, 0.985186338, 0.00102249952, 0.99997592, 0.00686736265, -0.985207856, 0.00218414865, -0.171349838},{3.9999401569366455, 0.5299529433250427, 22.936012268066406},{3.9933979511260986, -0.5651828050613403, 22.932653427124023},{3.966749906539917, 0.5089929103851318, 22.834678649902344},{3.9794137477874756, -0.5599182844161987, 22.736064910888672},{0},{1},{0},{1}},{{2443.64038, 198.026672, 607.239197, -0.171368346, -0.00622385694, 0.985187352, 0.00120999163, 0.999977946, 0.00652776752, -0.985206306, 0.0023107212, -0.171357036},{4.360848426818848, 0.5738714933395386, 25.076496124267578},{4.358325958251953, -0.6218015551567078, 25.077285766601562},{4.342111110687256, 0.5570180416107178, 24.983089447021484},{4.327529430389404, -0.6208650469779968, 24.886606216430664},{0},{1},{0},{1}},{{2441.13501, 198.028656, 607.674927, -0.171380296, -0.00623757439, 0.985185206, 0.000984641607, 0.999978364, 0.00650252122, -0.985204458, 0.00208445825, -0.171370462},{4.756478786468506, 0.6290544271469116, 27.33359146118164},{4.751340389251709, -0.6717485785484314, 27.334260940551758},{4.731447219848633, 0.6102755665779114, 27.241199493408203},{4.725074291229248, -0.6685908436775208, 27.143301010131836},{0},{1},{0},{1}},{{2438.26807, 198.029739, 608.173706, -0.17139706, -0.00602565799, 0.985183597, 0.000834595587, 0.999980032, 0.00626135571, -0.985201657, 0.00189540791, -0.171388611},{5.178591251373291, 0.6864870190620422, 29.762102127075195},{5.173790454864502, -0.7253390550613403, 29.76158332824707},{5.154446125030518, 0.6715556979179382, 29.666866302490234},{5.149008274078369, -0.726326048374176, 29.571449279785156},{0},{1},{0},{1}},{{2435.45947, 198.030609, 608.662537, -0.171405032, -0.00590578234, 0.985182941, 0.000753716216, 0.999980927, 0.00612562429, -0.985200346, 0.00179251132, -0.171397328},{5.572081565856934, 0.7393196821212769, 32.01532745361328},{5.567553520202637, -0.7767234444618225, 32.01759719848633},{5.547101020812988, 0.7270310521125793, 31.919660568237305},{5.541896343231201, -0.7799502611160278, 31.82754898071289},{0},{1},{0},{1}},{{2431.94507, 198.029373, 609.273315, -0.171467021, -0.00526356464, 0.985175788, 0.000121588739, 0.999985635, 0.00536385225, -0.985189855, 0.00103951013, -0.171463922},{6.03752326965332, 0.8135225176811218, 34.734458923339844},{6.025424957275391, -0.8210031390190125, 34.714786529541016},{6.010092258453369, 0.8176331520080566, 34.63419723510742},{6.0361247062683105, -0.830183207988739, 34.62013244628906},{0},{1},{0},{1}},{{2428.49585, 198.029404, 609.873596, -0.17146422, -0.00495480141, 0.985177875, -8.16105148e-06, 0.999987364, 0.0050278632, -0.985190332, 0.00085405854, -0.171462089},{6.49201774597168, 0.8743590712547302, 37.289615631103516},{6.485413074493408, -0.8718952536582947, 37.2890510559082},{6.470084190368652, 0.8924400210380554, 37.1855354309082},{6.474752902984619, -0.893799901008606, 37.18239212036133},{0},{1},{0},{1}},{{2424.79614, 198.030548, 610.517883, -0.171462834, -0.00508790324, 0.985177457, 5.4976932e-05, 0.999986589, 0.00517395278, -0.98519057, 0.000941302569, -0.171460256},{6.952950477600098, 0.9351716041564941, 39.929500579833984},{6.946341514587402, -0.9373697638511658, 39.93170166015625},{6.925927639007568, 0.9501139521598816, 39.8231201171875},{6.9360504150390625, -0.9547358751296997, 39.82209014892578},{0},{1},{0},{1}},{{2420.83838, 198.031326, 611.207031, -0.17146866, -0.00498967478, 0.985176921, 8.40855064e-05, 0.999987125, 0.0050793197, -0.985189557, 0.000953783223, -0.171466023},{7.426624298095703, 0.9958034753799438, 42.64110565185547},{7.417535305023193, -1.0000996589660645, 42.64417266845703},{7.396195888519287, 1.0148038864135742, 42.5321044921875},{7.408985614776611, -1.0217828750610352, 42.5306282043457},{0},{1},{0},{1}},{{2416.83301, 198.031982, 611.904297, -0.171476781, -0.0047710347, 0.985176623, 7.03426267e-05, 0.999988198, 0.00485500833, -0.985188186, 0.000901821128, -0.171474427},{7.888942718505859, 1.0540430545806885, 45.29459762573242},{7.879199504852295, -1.0577071905136108, 45.297237396240234},{7.85745096206665, 1.0820677280426025, 45.18217086791992},{7.870197772979736, -1.0885714292526245, 45.180423736572266},{0},{1},{0},{1}},{{2412.81274, 198.032532, 612.603882, -0.171462387, -0.0046514729, 0.985179663, 8.41242945e-05, 0.999988794, 0.0047360342, -0.98519069, 0.000894929282, -0.171460062},{8.274725914001465, 0.9612840414047241, 47.855289459228516},{8.26552963256836, -1.2483552694320679, 47.855289459228516},{8.303174018859863, 1.1428579092025757, 47.73521041870117},{8.31425666809082, -1.153989315032959, 47.723388671875},{1},{1},{0},{1}},{{2408.5752, 198.041931, 613.310181, -0.166319475, -0.00355911441, 0.986065507, 0.00531869149, 0.999975681, 0.00450642454, -0.98605758, 0.00599408429, -0.166296497},{7.130258560180664, 0.30313611030578613, 51.048973083496094},{7.203017711639404, -1.9440186023712158, 50.905479431152344},{8.679101943969727, 0.8770401477813721, 50.671878814697266},{8.564962387084961, -1.542751669883728, 49.92729568481445},{1},{1},{0},{1}},{{2404.37524, 198.064423, 613.885559, -0.146924421, -0.00135645131, 0.989146769, 0.0176073201, 0.999837041, 0.00398644106, -0.988991022, 0.0180019289, -0.146876588},{4.270406723022461, 0.6828286647796631, 64.792236328125},{5.441755771636963, -3.2077789306640625, 66.92060852050781},{8.139724731445312, 0.20667868852615356, 53.595096588134766},{7.8802008628845215, -2.301961898803711, 51.834922790527344},{1},{1},{0},{1}},{{2399.97339, 198.062531, 614.341797, -0.12236277, -0.00229272107, 0.992482781, 0.01632539, 0.999857366, 0.00432250695, -0.992351174, 0.0167315826, -0.122307897},{0.3771844208240509, 0.33731648325920105, 63.544464111328125},{1.7171602249145508, -2.5876691341400146, 66.95442962646484},{6.9572625160217285, 0.22665895521640778, 56.26260757446289},{6.740326404571533, -2.3751189708709717, 54.430885314941406},{0},{1},{0},{1}},{{2395.36719, 198.052521, 614.6828, -0.0947149396, -0.00354785472, 0.995498121, 0.0122001218, 0.999914408, 0.00472435355, -0.995429695, 0.0125926649, -0.0946635455},{0.352944552898407, 1.2934750318527222, 63.01422882080078},{1.6123695373535156, -1.7693873643875122, 66.97807312011719},{5.681800365447998, 0.42242947220802307, 58.98944854736328},{5.502189636230469, -2.311209201812744, 56.94618225097656},{0},{1},{0},{1}},{{2389.67456, 198.046997, 614.956421, -0.0645179451, -0.00404494861, 0.997908354, 0.00855578296, 0.999952793, 0.0046063941, -0.997879863, 0.00883508194, -0.0644802973},{1.7183117866516113, 1.2058407068252563, 62.0070915222168},{2.6185755729675293, -1.72285795211792, 63.32597351074219},{3.944566011428833, 0.763073742389679, 61.714473724365234},{3.870262861251831, -2.1332852840423584, 60.38662338256836},{0},{1},{0},{1}},{{2384.61499, 198.029099, 615.181824, -0.0552146472, -0.00557065429, 0.998458982, -0.0059986054, 0.999968231, 0.00524735311, -0.998456478, -0.00569963083, -0.0552463084},{2.351041793823242, 1.8167917728424072, 63.22824478149414},{2.886232376098633, -1.10884428024292, 62.7807731628418},{3.3999032974243164, 1.6575226783752441, 63.07698440551758},{3.3836958408355713, -1.2665040493011475, 62.71375274658203},{0},{1},{0},{2}},{{2378.48633, 198.032257, 615.474182, -0.0494807214, -0.0063683656, 0.998754799, -0.00279621035, 0.999976635, 0.00623762561, -0.998771191, -0.0024840862, -0.0494973734},{2.9035255908966064, 1.717415690422058, 65.03067779541016},{3.2872753143310547, -1.3385522365570068, 64.79957580566406},{3.306119918823242, 1.6067147254943848, 64.91407775878906},{3.313685178756714, -1.3640989065170288, 64.69438171386719},{0},{1},{0},{2}},{{2370.24146, 198.044754, 615.85321, -0.0449655391, -0.00570804626, 0.998972237, 0.00516091846, 0.999969006, 0.00594604388, -0.998975217, 0.00542298146, -0.0449346863},{1.383802056312561, 0.9619165658950806, 67.73204803466797},{1.912203311920166, -2.1281745433807373, 67.1012191772461},{3.164109706878662, 1.1828299760818481, 67.57329559326172},{3.1530861854553223, -1.912514090538025, 66.96179962158203},{1},{1},{0},{2}},{{2363.71143, 198.063919, 615.994446, -0.0252555273, -0.00577229494, 0.999664366, 0.0169480871, 0.99983716, 0.00620146934, -0.999537349, 0.0170990191, -0.0251535848},{-0.8047450184822083, 0.7704383730888367, 69.97021484375},{-0.1056072935461998, -2.4397990703582764, 68.67111206054688},{1.8445607423782349, 0.41449815034866333, 69.79288482666016},{1.8263143301010132, -2.723416566848755, 68.5190200805664},{0},{1},{0},{2}},{{2357.67651, 198.047516, 616.005188, -0.0109327277, -0.00620500883, 0.999920964, 0.00616854476, 0.999961317, 0.00627270341, -0.999921203, 0.00623663515, -0.0108940294},{-0.4824879765510559, 1.3628252744674683, 71.29489135742188},{0.06749787926673889, -1.961984634399414, 70.61862182617188},{0.6232494115829468, 1.091697096824646, 71.16797637939453},{0.6388208270072937, -2.132194995880127, 70.49373626708984},{0},{1},{0},{2}},{{2350.0835, 198.017761, 616.005493, -0.00529065402, -0.00564282946, 0.999970078, -0.0102108885, 0.99993223, 0.00558859203, -0.999933898, -0.0101810154, -0.00534791406},{0.09014153480529785, 2.3122682571411133, 73.0621337890625},{0.28739210963249207, -1.1112903356552124, 73.02755737304688},{0.3423757553100586, 2.273686647415161, 72.97614288330078},{0.3886529803276062, -1.1360825300216675, 72.9461898803711},{0},{1},{0},{2}},{{2343.34448, 198.031555, 616.041138, -0.00397977186, -0.00604662579, 0.999973774, -0.00136489409, 0.999980807, 0.00604123622, -0.999991179, -0.00134081568, -0.00398794888},{0.2717108726501465, 1.883208155632019, 74.85162353515625},{0.4329959452152252, -1.6384719610214233, 74.79773712158203},{0.4213106334209442, 1.8399022817611694, 74.76493835449219},{0.4202181398868561, -1.6345280408859253, 74.69772338867188},{0},{1},{0},{2}},{{2337.17578, 198.046112, 616.068054, -0.00346246897, -0.00593247171, 0.999976397, 0.00415800931, 0.999973655, 0.00594685273, -0.999985337, 0.00417850213, -0.00343771046},{0.3018033504486084, 1.6457574367523193, 76.43159484863281},{0.47197312116622925, -1.8514033555984497, 76.4159164428711},{0.25509968400001526, 1.4880489110946655, 76.3318099975586},{0.27373361587524414, -1.99080228805542, 76.3218002319336},{-1},{1},{0},{2}},{{2329.36328, 198.023849, 616.14325, -0.0118578635, -0.00592309935, 0.999912143, -0.00947123207, 0.99993825, 0.00581093552, -0.999884844, -0.00940149464, -0.0119132306},{2.8114116191864014, 2.847712755203247, 77.74053192138672},{3.4740843772888184, -0.6800256967544556, 78.91169738769531},{0.5980634093284607, 2.5198123455047607, 77.67229461669922},{0.6329846382141113, -1.0699636936187744, 78.8536605834961},{-1},{1},{0},{2}},{{2320.95166, 197.995392, 616.499512, -0.0404834338, -0.00742840627, 0.999152601, -0.0263157152, 0.999633431, 0.0063657267, -0.998833597, -0.0260357074, -0.0406640768},{7.708499908447266, 3.815877914428711, 80.83136749267578},{8.72584342956543, -0.5419954657554626, 80.82156372070312},{3.124546766281128, 3.788769006729126, 79.36158752441406},{3.2294561862945557, 0.13793759047985077, 80.96206665039062},{0},{1},{0},{2}},{{2314.31567, 198.005798, 616.983582, -0.0630565286, -0.00772061013, 0.997980118, -0.0163140297, 0.999844432, 0.00670424523, -0.997876585, -0.0158583298, -0.0631726757},{7.901831150054932, 2.798563003540039, 80.79371643066406},{8.719467163085938, -0.8678745627403259, 82.23748779296875},{5.124447822570801, 3.28535795211792, 80.84899139404297},{5.248050689697266, -0.49125945568084717, 82.49878692626953},{0},{1},{0},{2}},{{2305.95972, 198.034927, 617.730103, -0.081102185, -0.00543685257, 0.996690989, 0.00213127653, 0.99998188, 0.00562822912, -0.996703506, 0.00258068577, -0.0810891241},{7.581780433654785, 1.823740005493164, 83.39112854003906},{8.16678237915039, -2.1395413875579834, 83.79838562011719},{6.908268451690674, 1.9627958536148071, 83.37577819824219},{7.003577709197998, -1.9713855981826782, 83.74423217773438},{0},{1},{0},{2}},{{2297.84082, 198.042343, 618.43634, -0.0848186389, -0.00561535405, 0.996380568, 0.00687045371, 0.999957025, 0.0062203696, -0.9963727, 0.00737319002, -0.0847764164},{7.3818559646606445, 1.5321271419525146, 85.36182403564453},{7.734811305999756, -2.5500528812408447, 85.44930267333984},{7.196219444274902, 1.5345488786697388, 85.27926635742188},{7.197949409484863, -2.464933395385742, 85.37969207763672},{0},{1},{0},{2}},{{2289.97241, 198.040237, 619.102356, -0.0854559392, -0.00611040555, 0.996323228, -0.00100291357, 0.999981225, 0.00604681857, -0.996341467, -0.000482489588, -0.0854604617},{7.431320667266846, 1.953818917274475, 87.09970092773438},{7.644384384155273, -2.058720111846924, 87.12557220458984},{7.380743980407715, 2.02767276763916, 86.99616241455078},{7.409794330596924, -1.9261869192123413, 87.03485107421875},{1},{1},{0},{2}},{{2282.38062, 198.042694, 619.741638, -0.0839357674, -0.00578325894, 0.996454358, 0.00032055928, 0.999982953, 0.00583074009, -0.996471107, 0.000808830315, -0.0839324817},{5.481338024139404, 1.9877249002456665, 93.15465545654297},{6.307136535644531, -2.3827221393585205, 88.80751037597656},{7.559218406677246, 1.97330904006958, 88.6859130859375},{7.322237968444824, -2.0839242935180664, 88.26136016845703},{1},{1},{0},{2}},{{2274.23535, 198.046982, 620.327759, -0.070215553, -0.00661288295, 0.997509897, 0.0173853375, 0.999818027, 0.00785195269, -0.997380316, 0.0178933758, -0.0700878054},{1.1437195539474487, 0.11352130770683289, 100.52490997314453},{2.8378992080688477, -3.4242124557495117, 99.2613754272461},{6.684610366821289, 0.6912928819656372, 90.88740539550781},{6.60740852355957, -3.5213887691497803, 89.50452423095703},{0},{1},{0},{2}},{{2266.83179, 198.059296, 620.683655, -0.0519435406, -0.00694386242, 0.998625875, 0.0223490167, 0.999717295, 0.00811393559, -0.998399913, 0.0227397736, -0.0517736673},{0.9739770293235779, 0.2732357382774353, 102.75090789794922},{2.3839738368988037, -3.6474716663360596, 91.71302032470703},{4.798635005950928, 0.22925938665866852, 92.27155303955078},{4.806429386138916, -3.9531872272491455, 91.04339599609375},{0},{1},{0},{2}},{{2258.87183, 198.045395, 620.92041, -0.0356444828, -0.00764665753, 0.999335289, 0.0101450114, 0.999916434, 0.0080129588, -0.999313056, 0.0104238857, -0.0355639309},{1.4519591331481934, 1.5987190008163452, 93.24837493896484},{1.9668282270431519, -2.780277967453003, 98.00936889648438},{3.199295997619629, 1.1113697290420532, 93.1417236328125},{3.2004079818725586, -3.07123064994812, 92.22134399414062},{0},{1},{0},{3}},{{2250.82251, 198.023636, 621.089294, -0.0257370248, -0.0089285681, 0.999628901, -0.00382458931, 0.999953687, 0.00883299857, -0.999661446, -0.00359583483, -0.0257699806},{1.8496533632278442, 2.598804473876953, 94.03473663330078},{2.5531599521636963, -1.7661014795303345, 100.7686996459961},{2.2740797996520996, 2.266307830810547, 93.96279907226562},{2.3536086082458496, -1.9028877019882202, 93.66757202148438},{0},{1},{0},{3}},{{2242.66797, 198.015213, 621.275391, -0.0236509629, -0.00836330559, 0.999685287, -0.00769513799, 0.999936879, 0.00818335544, -0.999690652, -0.00749917235, -0.0237138271},{2.1081385612487793, 2.9679839611053467, 95.00521087646484},{3.0260398387908936, -1.6467853784561157, 94.43988037109375},{2.289987325668335, 2.7341177463531494, 94.94971466064453},{2.0499660968780518, -1.6466158628463745, 94.57361602783203},{0},{1},{0},{3}},{{2233.03052, 198.032837, 621.523499, -0.025483368, -0.00690858625, 0.999651372, -0.00281846942, 0.999972641, 0.00683895731, -0.99967128, -0.00264320732, -0.0255021434},{2.61147141456604, 2.5522303581237793, 97.1189193725586},{2.925373077392578, -2.054847002029419, 96.35078430175781},{2.451683521270752, 2.484731435775757, 96.01194763183594},{2.509230852127075, -1.8855359554290771, 96.28411102294922},{0},{1},{0},{3}},{{2225.13672, 198.039658, 621.744385, -0.0263160821, -0.00639500888, 0.999633193, 0.0038029952, 0.999971688, 0.00649729092, -0.999646425, 0.00397258345, -0.0262910146},{2.5089223384857178, 2.027117967605591, 97.234619140625},{2.801492214202881, -2.576524496078491, 97.19901275634766},{2.5899291038513184, 1.9544000625610352, 97.17045593261719},{2.6175899505615234, -2.5170345306396484, 97.13168334960938},{0},{1},{0},{3}},{{2215.27954, 198.039276, 621.997375, -0.0259728823, -0.00735479873, 0.999635577, 0.0017426121, 0.999971092, 0.00740254438, -0.999661148, 0.00193424243, -0.0259593148},{2.467630386352539, 2.1864707469940186, 98.38556671142578},{2.659606456756592, -2.4917151927948, 98.35892486572266},{2.503086805343628, 2.0502302646636963, 98.31624603271484},{2.5219740867614746, -2.3638482093811035, 98.30089569091797},{0},{1},{0},{3}},{{2207.21484, 198.03743, 622.201538, -0.0258108471, -0.00738027459, 0.99963963, -0.000983876758, 0.999972463, 0.00735732773, -0.999666333, -0.000793623331, -0.0258173961},{2.5246336460113525, 2.41231369972229, 99.28761291503906},{2.6538195610046387, -2.270541191101074, 99.28264617919922},{2.531620502471924, 2.279568910598755, 99.22220611572266},{2.566279172897339, -2.140930414199829, 99.2225570678711},{0},{1},{0},{3}},{{2197.63281, 198.037308, 622.449646, -0.0257382561, -0.00717815757, 0.999642968, -0.000548907439, 0.999974191, 0.00716640335, -0.999668539, -0.000364260748, -0.0257415306},{2.4890592098236084, 2.310187578201294, 100.3460693359375},{2.5710089206695557, -2.413804531097412, 100.34796142578125},{2.5756804943084717, 2.2934625148773193, 100.27961730957031},{2.610823631286621, -2.20249605178833, 100.28572082519531},{1},{1},{0},{3}},{{2187.95459, 198.055801, 622.657715, -0.0195951629, -0.00711638527, 0.999782681, 0.00841059815, 0.99993813, 0.00728233485, -0.999772608, 0.00855146814, -0.0195340961},{-0.1893656700849533, 1.2380955219268799, 102.0072021484375},{0.36875003576278687, -3.379753351211548, 101.01593017578125},{2.2326788902282715, 1.434618353843689, 101.94400787353516},{2.3122618198394775, -2.988420009613037, 100.90802764892578},{1},{1},{0},{3}},{{2178.67969, 198.062744, 622.645935, 0.000970996858, -0.00791298971, 0.999968231, 0.0220774468, 0.999725103, 0.00788962841, -0.9997558, 0.0220690854, 0.00114542863},{-1.6332051753997803, 0.8012953400611877, 102.97090148925781},{-1.0406874418258667, -4.207021236419678, 102.13603210449219},{-0.11869635432958603, 0.3630588948726654, 102.9208755493164},{-0.4065924286842346, -4.46378231048584, 101.74958801269531},{0},{1},{0},{3}},{{2169.78076, 198.025574, 622.531372, 0.00751174102, -0.00753329275, 0.999943435, -0.00247689546, 0.99996841, 0.00755208824, -0.999968708, -0.00253348472, 0.00749284448},{-1.4688880443572998, 2.655151605606079, 103.72637176513672},{-1.277452826499939, -2.4009666442871094, 103.55191040039062},{-1.0458903312683105, 2.431716203689575, 103.64503479003906},{-0.9916890859603882, -2.307445764541626, 103.50273895263672},{0},{1},{0},{3}},{{2160.78491, 198.022324, 622.432922, 0.00927989371, -0.00679180212, 0.999933898, -0.00980613194, 0.999928236, 0.00688276999, -0.999908864, -0.00986935478, 0.00921262614},{-1.1248290538787842, 3.3079426288604736, 104.66014862060547},{-0.9708274006843567, -1.6462587118148804, 104.6539535522461},{-0.9201028943061829, 3.1907801628112793, 104.6039810180664},{-0.8906590938568115, -1.505104422569275, 105.21141052246094},{0},{1},{0},{3}},{{2151.69653, 198.032455, 622.347351, 0.00985981617, -0.00630705711, 0.999931514, -0.0024113874, 0.999977052, 0.00633112201, -0.999948502, -0.00247364608, 0.00984438136},{-0.9554076790809631, 2.693179130554199, 105.64330291748047},{-0.814038872718811, -2.250720977783203, 105.7972640991211},{-1.0109483003616333, 2.672199249267578, 105.57476806640625},{-0.9611117839813232, -2.1643006801605225, 105.72784423828125},{0},{1},{0},{3}},{{2140.97607, 198.041016, 622.260376, 0.00860329252, -0.00700113922, 0.999938488, 0.00419257348, 0.999966979, 0.00696526654, -0.999954224, 0.00413239142, 0.00863236096},{-0.9195131659507751, 2.178307056427002, 106.91285705566406},{-0.8576253652572632, -2.8838839530944824, 106.95709991455078},{-0.943874716758728, 2.0893306732177734, 106.85370635986328},{-0.8876147866249084, -2.7640628814697266, 106.91496276855469},{0},{1},{0},{3}},{{2131.17188, 198.034683, 622.165833, 0.00913065393, -0.00719196163, 0.999932468, 0.0018604527, 0.999972522, 0.00717526162, -0.999956608, 0.00179481215, 0.00914378371},{-1.0499858856201172, 2.414259195327759, 108.03997039794922},{-1.0180989503860474, -2.7760331630706787, 108.0707015991211},{-1.0605864524841309, 2.295142650604248, 107.95844268798828},{-1.040008783340454, -2.6532013416290283, 108.00157165527344},{0},{1},{0},{3}},{{2121.79102, 198.036194, 622.073425, 0.00939863455, -0.00713023171, 0.999930382, -0.00115197396, 0.999973834, 0.00714136893, -0.999955177, -0.00121901301, 0.00939017441},{-1.049962043762207, 2.6654417514801025, 109.08570098876953},{-1.0388389825820923, -2.4712231159210205, 109.08940887451172},{-1.0509155988693237, 2.540398359298706, 109.01904296875},{-1.021923303604126, -2.357618570327759, 109.01554107666016},{0},{1},{0},{3}},{{2111.26392, 198.037201, 621.975037, 0.00946807023, -0.00702536199, 0.999930501, -0.00061068841, 0.999975085, 0.00703145796, -0.999954998, -0.000677220349, 0.009463544},{-1.0405796766281128, 2.6455821990966797, 110.22128295898438},{-1.0151536464691162, -2.5286126136779785, 110.22257995605469},{-1.0550516843795776, 2.5307929515838623, 110.1515121459961},{-1.0133419036865234, -2.4215872287750244, 110.14437866210938},{0},{1},{0},{3}},{{2100.62842, 198.036392, 621.875732, 0.0094861323, -0.00711491704, 0.999929667, -6.33848977e-05, 0.999974668, 0.00711583812, -0.999954998, -0.000130882225, 0.00948544126},{-1.0578199625015259, 2.6388018131256104, 111.35044860839844},{-1.0360344648361206, -2.6230781078338623, 111.34992218017578},{-1.072627305984497, 2.5154693126678467, 111.2830581665039},{-1.0364314317703247, -2.508944034576416, 111.27416229248047},{0},{1},{0},{3}},{{2089.34375, 198.036636, 621.769592, 0.00950457342, -0.00715689175, 0.99992919, -4.47487982e-05, 0.99997437, 0.00715764053, -0.99995482, -0.000112775946, 0.00950400904},{-1.0714848041534424, 2.6648459434509277, 112.53380584716797},{-1.0519273281097412, -2.6538188457489014, 112.53557586669922},{-1.0868386030197144, 2.5363247394561768, 112.46500396728516},{-1.0524169206619263, -2.5347506999969482, 112.45111846923828},{0},{1},{0},{3}},{{2079.03174, 198.036499, 621.672058, 0.00953126512, -0.00723460363, 0.999928415, -3.45358712e-05, 0.999973834, 0.00723526115, -0.999954581, -0.000103494596, 0.00953076594},{-1.0850728750228882, 2.693133592605591, 113.59982299804688},{-1.0653448104858398, -2.68361234664917, 113.5988540649414},{-1.100401759147644, 2.5581390857696533, 113.5223388671875},{-1.0633009672164917, -2.5575668811798096, 113.51443481445312},{0},{1},{0},{3}},{{2068.07153, 198.036362, 621.568237, 0.00955435913, -0.00727051357, 0.999927938, -2.28622266e-05, 0.999973536, 0.00727106351, -0.999954343, -9.23309271e-05, 0.00955394004},{-1.0968533754348755, 2.7217936515808105, 114.71710205078125},{-1.0780960321426392, -2.7139976024627686, 114.71573638916016},{-1.1138052940368652, 2.5825459957122803, 114.635986328125},{-1.0757043361663818, -2.583413600921631, 114.63105773925781},{0},{1},{0},{3}},{{2057.56006, 198.047028, 621.470459, 0.00954537094, -0.00695182849, 0.999930263, 0.000337926263, 0.999975801, 0.00694891904, -0.999954402, 0.000271572702, 0.0095474897},{-1.126412034034729, 2.5868022441864014, 115.83761596679688},{-1.0649642944335938, -2.6660797595977783, 116.29869079589844},{-1.1549098491668701, 2.4853909015655518, 115.86299896240234},{-1.3023879528045654, -2.5858027935028076, 115.6613998413086},{0},{1},{0},{3}},{{2048.07056, 198.026169, 621.376892, 0.00984665472, -0.00664800592, 0.999929428, 0.000445755169, 0.999977827, 0.0066439379, -0.999951422, 0.000380303158, 0.00984939933},{-1.1694711446762085, 2.791301965713501, 116.75435638427734},{-1.1209832429885864, -2.866781234741211, 116.77928924560547},{-1.179861307144165, 2.710392475128174, 116.68511199951172},{-1.1363976001739502, -2.792811870574951, 116.7120361328125},{0},{1},{0},{3}},{{2037.93726, 198.031677, 621.276794, 0.0098551726, -0.00778858364, 0.999921083, 0.00011397896, 0.999969661, 0.00778783858, -0.999951422, 3.72194772e-05, 0.00985576119},{-1.1671051979064941, 2.850515365600586, 117.78413391113281},{-1.161567211151123, -2.869898557662964, 117.7848129272461},{-1.1688311100006104, 2.662066698074341, 117.70026397705078},{-1.158016562461853, -2.6902973651885986, 117.69639587402344},{0},{1},{0},{3}},{{2026.57422, 198.044693, 621.165466, 0.00999682304, -0.00674347673, 0.999927282, 0.000239549845, 0.999977231, 0.00674141897, -0.999949992, 0.000172139655, 0.00999821071},{-1.262437343597412, 2.69364595413208, 118.94303894042969},{-1.1794233322143555, -2.7347848415374756, 118.93909454345703},{-1.2439353466033936, 2.5836050510406494, 118.89035034179688},{-1.1255420446395874, -2.636584520339966, 118.87763214111328},{0},{1},{0},{3}},{{2014.52649, 198.0271, 621.041626, 0.010209945, -0.00680676755, 0.999924719, 0.000159151445, 0.999976814, 0.00680549722, -0.999947846, 8.96557176e-05, 0.0102107916},{-1.2548547983169556, 2.895526170730591, 120.08228302001953},{-1.2130513191223145, -2.9258720874786377, 120.0777359008789},{-1.2342358827590942, 2.7982943058013916, 120.01437377929688},{-1.2204793691635132, -2.8377697467803955, 120.00215911865234},{0},{1},{0},{3}},{{2001.78076, 198.037262, 620.910706, 0.0102872625, -0.00773598347, 0.99991715, 1.02978163e-07, 0.999970078, 0.00773639185, -0.999947071, -7.94833177e-05, 0.0102869552},{-1.2487998008728027, 2.891538381576538, 121.2895736694336},{-1.2469844818115234, -2.8880279064178467, 121.2872314453125},{-1.2648597955703735, 2.695883274078369, 121.21537780761719},{-1.2270716428756714, -2.7027337551116943, 121.21102905273438},{0},{1},{0},{3}},{{1990.08435, 198.037521, 620.790405, 0.0103125032, -0.00698015234, 0.999922454, 6.13293014e-05, 0.999975622, 0.0069798911, -0.999946833, -1.06556017e-05, 0.0103126802},{-1.264768362045288, 2.873701572418213, 122.36112213134766},{-1.2531564235687256, -2.881349802017212, 122.36051177978516},{-1.2846661806106567, 2.74992299079895, 122.28736877441406},{-1.2364203929901123, -2.7667226791381836, 122.281982421875},{0},{1},{0},{3}},{{1978.2854, 198.036362, 620.668884, 0.0103441738, -0.00700445753, 0.999921978, 4.68380968e-05, 0.999975443, 0.00700434763, -0.999946475, -2.56197491e-05, 0.0103442483},{-1.2776174545288086, 2.9119935035705566, 123.42314147949219},{-1.267927885055542, -2.9172251224517822, 123.42172241210938},{-1.2951264381408691, 2.7877542972564697, 123.34498596191406},{-1.2566832304000854, -2.802205801010132, 123.33782196044922},{0},{1},{0},{3}},{{1966.98096, 198.04335, 620.550842, 0.0102845486, -0.00661117211, 0.999925256, -0.000163253266, 0.999978125, 0.006613201, -0.999947071, -0.00023125486, 0.0102832448},{-1.33321213722229, 2.8569962978363037, 124.49720001220703},{-1.2713091373443604, -2.819788932800293, 124.44776153564453},{-1.331950306892395, 2.7566263675689697, 124.46894836425781},{-1.2160626649856567, -2.7367727756500244, 124.39421081542969},{0},{1},{0},{3}},{{1955.58252, 198.025238, 620.433044, 0.0103783365, -0.00700050639, 0.99992162, 0.000276226783, 0.999975502, 0.00699801603, -0.999946117, 0.000203577365, 0.0103800157},{-1.3196547031402588, 3.0439400672912598, 125.46621704101562},{-1.2894953489303589, -3.09110426902771, 125.46310424804688},{-1.3107640743255615, 2.9212305545806885, 125.40216827392578},{-1.2873773574829102, -2.9808597564697266, 125.38689422607422},{0},{1},{0},{3}},{{1941.05396, 198.037109, 620.281616, 0.0103973905, -0.00770458812, 0.999916255, 0.000119155571, 0.999970317, 0.00770376576, -0.999945939, 3.9046532e-05, 0.0103980005},{-1.3157765865325928, 3.011317253112793, 126.73308563232422},{-1.3270114660263062, -3.032670497894287, 126.73020935058594},{-1.3397496938705444, 2.8098013401031494, 126.65912628173828},{-1.2992302179336548, -2.8413705825805664, 126.65225982666016},{0},{1},{0},{3}},{{1928.22339, 198.037537, 620.147705, 0.0104206232, -0.00688894233, 0.999921978, 2.77880754e-05, 0.999976277, 0.00688902708, -0.9999457, -4.40020449e-05, 0.0104205674},{-1.3371102809906006, 2.999973773956299, 127.81273651123047},{-1.3282634019851685, -3.0016894340515137, 127.81258392333984},{-1.355259895324707, 2.880079507827759, 127.74051666259766},{-1.3082057237625122, -2.8916666507720947, 127.73155975341797},{0},{1},{0},{3}},{{1914.04675, 198.037323, 619.998718, 0.0102305636, -0.00693874573, 0.999923587, -0.000159219155, 0.99997592, 0.00694073783, -0.999947667, -0.00023021466, 0.0102292122},{-1.3502802848815918, 3.040544271469116, 128.94168090820312},{-1.9841254949569702, -2.9703121185302734, 135.34889221191406},{-1.112669825553894, 2.918370485305786, 128.76934814453125},{-1.3069918155670166, -2.8771822452545166, 129.217529296875},{0},{1},{0},{3}},{{1904.10706, 198.031036, 619.89447, 0.0104987156, -0.00642446708, 0.999924242, 0.000157036382, 0.999979377, 0.00642317208, -0.999944866, 8.95894191e-05, 0.0104995081},{-1.413529634475708, 3.074065685272217, 129.8176727294922},{-1.3428829908370972, -3.0897767543792725, 129.80322265625},{-1.3943120241165161, 2.9936704635620117, 129.76223754882812},{-1.3124253749847412, -3.0276007652282715, 129.7484893798828},{0},{1},{0},{3}},{{1890.33911, 198.030731, 619.749023, 0.0105528412, -0.00771681033, 0.999914527, 0.000289591902, 0.999970198, 0.00771418354, -0.99994427, 0.000208160607, 0.0105547616},{-1.389554500579834, 3.157809257507324, 130.9019317626953},{-1.3815220594406128, -3.2166926860809326, 130.9041290283203},{-1.3913991451263428, 2.958195209503174, 130.81668090820312},{-1.3786015510559082, -3.0230765342712402, 130.8356475830078},{0},{1},{0},{3}},{{1877.73376, 198.044327, 619.616455, 0.0107195508, -0.00764984917, 0.999913275, 0.000522883085, 0.999970615, 0.00764468266, -0.999942422, 0.000440890173, 0.010723236},{-1.470976710319519, 2.9052248001098633, 132.2154541015625},{-1.2589185237884521, -2.937997341156006, 133.7614288330078},{-1.2176895141601562, 2.832507848739624, 131.46897888183594},{-1.383557677268982, -2.915591239929199, 131.68405151367188},{0},{1},{0},{4}},{{1866.32764, 198.027267, 619.492859, 0.0108594494, -0.00701017678, 0.999916434, 0.000258123124, 0.999975383, 0.007007787, -0.999940991, 0.000182000847, 0.0108609917},{-1.4641886949539185, 3.1827590465545654, 132.31405639648438},{-1.415636658668518, -3.2314610481262207, 132.31800842285156},{-1.4709407091140747, 3.0510451793670654, 132.26390075683594},{-1.408272624015808, -3.111678123474121, 132.26307678222656},{0},{1},{0},{4}},{{1853.58887, 198.030746, 619.354187, 0.0108169625, -0.00842875428, 0.999905944, 6.73040631e-05, 0.999964476, 0.00842851959, -0.999941468, -2.38732428e-05, 0.010817145},{-1.4442074298858643, 3.263737678527832, 133.03958129882812},{-1.44608736038208, -3.2740697860717773, 133.04022216796875},{-1.4514588117599487, 2.9828906059265137, 132.98782348632812},{-1.4279556274414062, -3.005333423614502, 132.96580505371094},{0},{1},{0},{4}},{{1836.27795, 198.029755, 619.165527, 0.0108312881, -0.00676530972, 0.999918461, 0.000332079973, 0.999977052, 0.00676210923, -0.999941289, 0.000258810527, 0.0108332867},{-1.469215989112854, 3.1892666816711426, 134.0454559326172},{-1.4202890396118164, -3.247312068939209, 134.046142578125},{-1.4755659103393555, 3.078819751739502, 133.99595642089844},{-1.4090571403503418, -3.144024133682251, 133.9884033203125},{0},{1},{0},{4}},{{1822.72705, 198.033218, 619.018066, 0.010895649, -0.00809419155, 0.999907851, 0.000450938125, 0.999967158, 0.00808975846, -0.999940515, 0.000362753432, 0.0108989412},{-1.4758988618850708, 3.2271931171417236, 134.77554321289062},{-1.470560908317566, -3.3248021602630615, 134.7772979736328},{-1.4832615852355957, 2.982414960861206, 134.71995544433594},{-1.461500644683838, -