return {{{2458.46997, 198.008774, 604.674744, -0.172690481, -0.00836285669, 0.984940648, -0.00330638443, 0.999963224, 0.00791069865, -0.98497057, -0.00189049006, -0.17271179},{3.2738687992095947, 0.48574429750442505, 17.880990982055664},{0.8214348554611206, 0.0342458114027977, 4.613311767578125},{0.8189894556999207, 0.11125314235687256, 4.634214401245117},{0.8488473892211914, -0.10779818892478943, 4.564119815826416},{0},{1},{0}},{{2457.9231, 198.021194, 604.777466, -0.173119918, -0.0069414312, 0.984876275, -0.000164079902, 0.999975324, 0.00701900804, -0.984900713, 0.00105353165, -0.173116788},{3.9715654850006104, 0.5163561105728149, 21.36616325378418},{1.1646037101745605, 0.051608793437480927, 6.609048843383789},{1.2171047925949097, 0.15156158804893494, 6.652956008911133},{1.1852537393569946, -0.16392019391059875, 6.607797622680664},{0},{1},{0}},{{2457.05298, 198.046005, 604.935852, -0.173769936, -0.0056320508, 0.984770179, 0.000650784001, 0.999982774, 0.00583388936, -0.984786034, 0.00165462738, -0.173763275},{8.26111125946045, 1.0124528408050537, 45.836788177490234},{1.6093491315841675, -0.001314209308475256, 8.983625411987305},{1.55852472782135, 0.19233764708042145, 9.078878402709961},{1.6299430131912231, -0.21166720986366272, 9.03688907623291},{0},{1},{0}},{{2456.0083, 198.017899, 605.123779, -0.174396351, -0.00700423541, 0.984650612, -0.000560962828, 0.999975264, 0.00701389089, -0.984675348, 0.000670844631, -0.174395964},{6.599644184112549, 0.9053945541381836, 36.25179672241211},{2.033511161804199, -0.1424952894449234, 11.376421928405762},{2.0207905769348145, 0.27349790930747986, 11.493632316589355},{2.0590569972991943, -0.27332261204719543, 11.431909561157227},{0},{1},{0}},{{2454.65845, 198.015274, 605.365906, -0.175091222, -0.00802888535, 0.984519482, -0.00173125369, 0.999967694, 0.00784697384, -0.984550714, -0.00033051669, -0.175099462},{6.281778335571289, 0.8783022165298462, 33.813228607177734},{2.4836342334747314, -0.2650778889656067, 13.915300369262695},{2.505655288696289, 0.3333929479122162, 13.987907409667969},{2.510150671005249, -0.31929123401641846, 13.876043319702148},{0},{1},{0}},{{2453.19336, 198.028793, 605.630066, -0.17516847, -0.00466582878, 0.984527409, 0.000736853341, 0.999987841, 0.00487020053, -0.984538198, 0.00157855789, -0.175162911},{5.335837364196777, 0.6409703493118286, 28.839357376098633},{2.9151504039764404, -0.35601308941841125, 16.52632713317871},{2.95168399810791, 0.38126009702682495, 16.506790161132812},{2.9477386474609375, -0.4117835462093353, 16.44439125061035},{0},{1},{0}},{{2451.48022, 198.036346, 605.937073, -0.175487161, -0.00350871449, 0.984475493, 0.000699546479, 0.999992967, 0.0036887168, -0.984481454, 0.00133600878, -0.175483465},{5.00214958190918, 0.5898246169090271, 27.41151237487793},{3.3949060440063477, -0.43735387921333313, 19.17864990234375},{3.412682056427002, 0.44042128324508667, 19.154447555541992},{3.4015254974365234, -0.4754437208175659, 19.090007781982422},{0},{1},{0}},{{2449.50488, 198.031067, 606.290039, -0.175718904, -0.00417508371, 0.984431505, 0.000249753619, 0.999990761, 0.00428565266, -0.984440327, 0.000998935546, -0.175716251},{3.9583280086517334, 0.49134939908981323, 21.97937774658203},{3.915977716445923, -0.500870406627655, 22.015792846679688},{3.9125893115997314, 0.5178055763244629, 21.938915252685547},{3.90899920463562, -0.5347298383712769, 21.88313865661621},{0},{1},{0}},{{2447.03442, 198.029327, 606.730713, -0.175857112, -0.00519774947, 0.984402001, -0.000557051972, 0.99998641, 0.00518052327, -0.984415531, 0.000362668769, -0.175857618},{4.478449821472168, 0.5845985412597656, 24.90349006652832},{4.43918514251709, -0.5622559785842896, 24.943872451782227},{4.418745994567871, 0.6077815294265747, 24.769062042236328},{4.4308390617370605, -0.5784807205200195, 24.819223403930664},{0},{1},{0}},{{2444.52637, 198.028442, 607.17926, -0.175930128, -0.00538913533, 0.984387934, -0.000615430123, 0.999985397, 0.00536453584, -0.984402478, 0.000337961508, -0.175930873},{4.936295509338379, 0.6503598093986511, 27.48434066772461},{4.903470516204834, -0.6219362020492554, 27.51528549194336},{4.8817338943481445, 0.6705742478370667, 27.334796905517578},{4.8974103927612305, -0.6368178725242615, 27.383113861083984},{0},{1},{0}},{{2441.91772, 198.028519, 607.645752, -0.175970301, -0.00551973097, 0.984380007, -0.000620580802, 0.999984682, 0.00549629517, -0.984395266, 0.000356297416, -0.175971046},{5.362344264984131, 0.709595799446106, 29.885644912719727},{5.331788063049316, -0.6814309358596802, 29.893857955932617},{5.310277938842773, 0.7277097105979919, 29.725143432617188},{5.3265886306762695, -0.6914297342300415, 29.770946502685547},{0},{1},{0}},{{2438.77881, 198.029099, 608.207336, -0.175976381, -0.00554004079, 0.984378815, -0.00054475927, 0.999984562, 0.00553048309, -0.984394252, 0.000436984905, -0.175976679},{5.830685615539551, 0.7767045497894287, 32.552490234375},{5.806860446929932, -0.7472987174987793, 32.55490493774414},{5.786510467529297, 0.7897629737854004, 32.392906188964844},{5.804020404815674, -0.7558014988899231, 32.4398307800293},{0},{1},{0}},{{2435.20068, 198.02951, 608.847412, -0.175982416, -0.00553866057, 0.984377742, -0.000495715823, 0.999984562, 0.00553785125, -0.984393179, 0.000486592849, -0.175982431},{6.334990501403809, 0.8456058502197266, 35.37720489501953},{6.315034866333008, -0.8161728382110596, 35.38161087036133},{6.291451454162598, 0.85789954662323, 35.21937561035156},{6.312013626098633, -0.8228639364242554, 35.271728515625},{0},{1},{0}},{{2431.32007, 198.029709, 609.541504, -0.175982237, -0.00550614949, 0.984377921, -0.000420516677, 0.999984682, 0.00551826879, -0.984393239, 0.000557169842, -0.175981849},{6.848323822021484, 0.9143257737159729, 38.25373458862305},{6.83105993270874, -0.8874366283416748, 38.258705139160156},{6.805117130279541, 0.9271616339683533, 38.094268798828125},{6.826101779937744, -0.8943871855735779, 38.1480712890625},{0},{1},{0}},{{2427.13135, 198.030121, 610.290894, -0.175988257, -0.0054270383, 0.984377325, -0.000310995121, 0.999985039, 0.00545748649, -0.984392226, 0.000654316973, -0.175987318},{7.375921726226807, 0.9821915626525879, 41.20158386230469},{7.359444618225098, -0.9601791501045227, 41.2060432434082},{7.331738471984863, 0.9970834255218506, 41.040283203125},{7.3531670570373535, -0.9693474769592285, 41.09419631958008},{0},{1},{0}},{{2423.04907, 198.030777, 611.021118, -0.175995544, -0.00529040582, 0.984376729, -0.000203082178, 0.999985754, 0.00533798523, -0.984390914, 0.000739552255, -0.175994113},{7.866384029388428, 1.0424785614013672, 43.9476318359375},{7.849801063537598, -1.0263845920562744, 43.95198440551758},{7.821678638458252, 1.061646580696106, 43.7811393737793},{7.844552993774414, -1.040270447731018, 43.83688735961914},{0},{1},{0}},{{2418.70068, 198.031616, 611.798828, -0.17600137, -0.00514576677, 0.98437649, -0.000176206959, 0.99998647, 0.00519586215, -0.984389901, 0.000741024851, -0.175999895},{8.365039825439453, 1.1035254001617432, 46.7365837097168},{8.348081588745117, -1.089129090309143, 46.740806579589844},{8.317875862121582, 1.1293965578079224, 46.566036224365234},{8.342432975769043, -1.1088764667510986, 46.62324905395508},{0},{1},{0}},{{2414.31958, 198.033524, 612.582764, -0.175900429, -0.00463560596, 0.984397054, 0.000286458671, 0.999988616, 0.00476021459, -0.984407902, 0.00111931283, -0.175897092},{8.845187187194824, 1.1459834575653076, 49.39448165893555},{8.838846206665039, -1.1600160598754883, 49.45576477050781},{8.804405212402344, 1.1748460531234741, 49.332061767578125},{8.838418960571289, -1.1930428743362427, 49.32807922363281},{0},{1},{0}},{{2409.18701, 198.031815, 613.50061, -0.175984845, -0.00418240111, 0.984384, 0.000263616821, 0.999990761, 0.004295839, -0.984392822, 0.00101550273, -0.175982103},{9.405808448791504, 1.2108852863311768, 52.48518371582031},{9.457661628723145, -1.2460471391677856, 53.14798355102539},{9.355033874511719, 1.26907217502594, 52.380775451660156},{9.36645221710205, -1.2880654335021973, 52.392642974853516},{0},{1},{0}},{{2404.00391, 198.033691, 614.431152, -0.176446497, -0.00410064217, 0.984301686, 1.98883299e-06, 0.999991298, 0.00416636234, -0.98431021, 0.00073709758, -0.176444948},{9.956348419189453, 1.275712013244629, 55.56184387207031},{9.946112632751465, -1.2776345014572144, 55.6679801940918},{9.933469772338867, 1.3465018272399902, 55.42925262451172},{9.944382667541504, -1.3497281074523926, 55.418907165527344},{0},{1},{0}},{{2397.96436, 198.034256, 615.512817, -0.176296651, -0.00407632347, 0.984328628, 0.000169106759, 0.999991298, 0.00417147344, -0.984337091, 0.000901873456, -0.176294431},{10.545909881591797, 1.3500449657440186, 58.90625},{10.53212833404541, -1.3616355657577515, 58.899322509765625},{10.520553588867188, 1.4188412427902222, 58.76901626586914},{10.529316902160645, -1.4405099153518677, 58.7525520324707},{0},{1},{0}},{{2392.46484, 198.034271, 616.497253, -0.176225156, -0.00418603979, 0.984340966, 0.000155704227, 0.999990821, 0.00428046845, -0.984349847, 0.000907592243, -0.176222891},{11.05477523803711, 1.4188978672027588, 61.74223709106445},{11.043197631835938, -1.4311237335205078, 61.74312973022461},{11.023579597473145, 1.486956000328064, 61.60966110229492},{11.033477783203125, -1.5070141553878784, 61.59422302246094},{0},{1},{0}},{{2386.49121, 198.037216, 617.563538, -0.175790697, -0.00910347328, 0.98438549, 0.000386744709, 0.999956548, 0.00931653753, -0.984427512, 0.00201846659, -0.175779536},{11.019289016723633, 1.5119898319244385, 62.245357513427734},{11.192054748535156, -1.5523954629898071, 62.22636413574219},{11.131978034973145, 1.3525993824005127, 62.20616912841797},{11.068554878234863, -1.3945510387420654, 62.20869064331055},{0},{0},{0}},{{2380.521, 198.029129, 618.628418, -0.175696, -0.0128900092, 0.984360099, 4.18045383e-05, 0.999914169, 0.0131011494, -0.984444499, 0.00234297011, -0.175680384},{11.04785442352295, 1.6541074514389038, 62.17496109008789},{11.136103630065918, -1.6556991338729858, 62.1612434387207},{11.058465003967285, 1.2881866693496704, 62.148441314697266},{11.111936569213867, -1.2982256412506104, 62.11812973022461},{0},{0},{0}},{{2373.96777, 198.03418, 619.792419, -0.175109014, -0.010375971, 0.984494388, -0.00107667292, 0.999945879, 0.010347316, -0.98454845, 0.000751929823, -0.175110713},{10.926094055175781, 1.6169322729110718, 62.11043167114258},{10.94422435760498, -1.4974807500839233, 61.96160888671875},{11.010821342468262, 1.3505809307098389, 62.082950592041016},{11.055777549743652, -1.303191900253296, 61.951171875},{0},{0},{0}},{{2368.32056, 198.028046, 620.798462, -0.175378636, -0.0102911554, 0.984447241, -0.00172887254, 0.999947071, 0.0101451883, -0.984499514, 7.72656058e-05, -0.175387144},{10.995043754577637, 1.6598618030548096, 61.9052734375},{11.036853790283203, -1.4842243194580078, 61.839752197265625},{11.050223350524902, 1.4426454305648804, 61.8746452331543},{11.056976318359375, -1.2777795791625977, 61.830474853515625},{0},{0},{0}},{{2361.79834, 198.034058, 621.963013, -0.175373763, -0.0109291468, 0.98444128, 0.000602427754, 0.999936998, 0.0112084979, -0.984501719, 0.00255873124, -0.17535612},{10.987720489501953, 1.5525836944580078, 61.72562789916992},{11.014400482177734, -1.6087089776992798, 61.709346771240234},{10.989985466003418, 1.2869044542312622, 61.702152252197266},{11.01518726348877, -1.3445792198181152, 61.702171325683594},{0},{0},{0}},{{2355.53027, 198.032547, 623.08136, -0.175647929, -0.00764536951, 0.984423339, 9.5199015e-05, 0.999969721, 0.00778309396, -0.984453022, 0.00146080041, -0.175641879},{11.305402755737305, 1.5377839803695679, 63.08883285522461},{11.211200714111328, -1.5512408018112183, 63.100868225097656},{11.196267127990723, 1.428092122077942, 63.00398254394531},{11.281076431274414, -1.441030740737915, 63.010921478271484},{0},{1},{0}},{{2349.70459, 198.036209, 624.121033, -0.175700605, -0.00528558576, 0.984429479, -0.000281419838, 0.999985814, 0.00531888288, -0.984443605, 0.000657493016, -0.175699607},{11.579410552978516, 1.5184067487716675, 64.72929382324219},{11.541037559509277, -1.4896790981292725, 64.7389907836914},{11.534536361694336, 1.5450044870376587, 64.63438415527344},{11.541618347167969, -1.5143539905548096, 64.6572265625},{0},{1},{0}},{{2343.08789, 198.037445, 625.30249, -0.175725549, -0.00658186618, 0.9844172, -2.59639419e-05, 0.999977708, 0.0066812695, -0.984439194, 0.00114851038, -0.175721794},{11.897933006286621, 1.5786086320877075, 66.6077880859375},{11.888875007629395, -1.5724034309387207, 66.61053466796875},{11.864617347717285, 1.5323493480682373, 66.50608825683594},{11.886554718017578, -1.5264942646026611, 66.5304183959961},{0},{1},{0}},{{2336.60913, 198.035385, 626.459351, -0.175715223, -0.00664127246, 0.984418631, 6.09984636e-05, 0.999977171, 0.00675712433, -0.984441042, 0.00124737772, -0.175710812},{12.218057632446289, 1.631848692893982, 68.40680694580078},{12.204983711242676, -1.6360186338424683, 68.40933227539062},{12.178311347961426, 1.576960563659668, 68.30294036865234},{12.208645820617676, -1.5821573734283447, 68.3252182006836},{0},{1},{0}},{{2329.95752, 198.038406, 627.635986, -0.173877731, -0.00612715958, 0.984748185, 0.0023955584, 0.999975026, 0.00664488738, -0.984764338, 0.00351441978, -0.173858717},{11.672272682189941, 1.166642189025879, 70.63018798828125},{11.4502592086792, -2.276650905609131, 70.17008209228516},{12.532727241516113, 1.4301650524139404, 70.37461853027344},{12.476813316345215, -1.827917456626892, 69.92012023925781},{1},{1},{0}},{{2323.13013, 198.065201, 628.701355, -0.155195907, -0.00278097903, 0.987879813, 0.0211970042, 0.999756455, 0.00614446215, -0.987656295, 0.0218936875, -0.155099154},{9.07093620300293, -0.5910037159919739, 84.36219787597656},{6.979648590087891, -3.784249782562256, 74.5615234375},{11.6853666305542, 0.20268136262893677, 72.94965362548828},{11.48203182220459, -3.1435539722442627, 71.34120178222656},{1},{1},{0}},{{2316.12061, 198.072586, 629.537354, -0.125492588, -0.00419493765, 0.992085695, 0.0229312442, 0.999711633, 0.00712784147, -0.991829515, 0.0236442517, -0.125360206},{1.3939604759216309, -1.0781080722808838, 83.32429504394531},{-1.2363574504852295, -4.490830898284912, 81.30615234375},{9.635628700256348, -0.09701625257730484, 75.22803497314453},{9.416547775268555, -3.3899998664855957, 73.0418930053711},{1},{1},{0}},{{2308.57617, 198.071106, 630.079285, -0.0807872787, -0.00423130253, 0.9967224, 0.0257307775, 0.999648869, 0.00632928126, -0.996399164, 0.0261577666, -0.080650039},{-2.7366819381713867, 0.7594178318977356, 77.57771301269531},{-5.941568374633789, -3.509411334991455, 83.6895980834961},{6.496796607971191, -0.32658419013023376, 77.6573715209961},{6.264954090118408, -3.818739414215088, 74.75619506835938},{0},{1},{0}},{{2300.45312, 198.063416, 630.253845, -0.0324032269, -0.00639246311, 0.999454439, 0.0188970827, 0.999796867, 0.00700731389, -0.999296188, 0.0191138331, -0.0322758481},{-1.5990123748779297, 0.9949151873588562, 80.01758575439453},{-3.5939478874206543, -2.468611717224121, 79.74930572509766},{2.9160215854644775, 0.11923731863498688, 79.4861831665039},{2.5871782302856445, -3.4215753078460693, 77.29805755615234},{0},{1},{0}},{{2293.23462, 198.037109, 630.202515, -0.00420089904, -0.00650815526, 0.999970019, 0.0082409028, 0.999944627, 0.00654261047, -0.999957204, 0.00826814026, -0.00414703321},{-1.6702840328216553, 1.1589535474777222, 81.10615539550781},{-3.1863231658935547, -2.7049505710601807, 88.49267578125},{0.2379131019115448, 1.0903738737106323, 81.00015258789062},{0.2917071580886841, -2.6889383792877197, 79.78357696533203},{1},{1},{0}},{{2285.05591, 198.031693, 630.040771, 0.0164330062, -0.00775652286, 0.999834895, 0.00539181661, 0.999956071, 0.00766884442, -0.999850452, 0.00526490388, 0.0164741073},{-6.30821418762207, 0.4931694269180298, 92.51337432861328},{-7.74326753616333, -2.9623172283172607, 85.6551284790039},{-1.0980087518692017, 1.3218414783477783, 83.10555267333984},{-1.0450084209442139, -2.4967570304870605, 81.49803924560547},{1},{1},{0}},{{2275.91162, 198.063095, 629.563293, 0.051602263, -0.0101308301, 0.998616338, 0.0269222334, 0.999599218, 0.00874962844, -0.998304784, 0.0264334809, 0.0518543273},{-10.884957313537598, 0.6773531436920166, 85.78858947753906},{-13.678502082824707, -3.9537956714630127, 90.25867462158203},{-4.2555365562438965, -0.2162380963563919, 85.23567199707031},{-4.095476150512695, -4.024674892425537, 83.2472915649414},{0},{1},{0}},{{2266.97803, 198.061676, 628.760254, 0.0840972215, -0.00831430405, 0.996422887, 0.0188462231, 0.999799609, 0.00675187493, -0.996279299, 0.0182109941, 0.0842370614},{-9.873440742492676, 0.8107857704162598, 86.99962615966797},{-11.028023719787598, -3.0766048431396484, 85.37913513183594},{-7.071737289428711, 0.36938440799713135, 86.6709213256836},{-7.18040132522583, -3.588930368423462, 85.17400360107422},{0},{1},{0}},{{2258.23853, 198.007294, 627.850525, 0.0959842578, -0.00650375336, 0.995361626, -0.0079813553, 0.999941468, 0.00730333291, -0.995350838, -0.00864533894, 0.0959267318},{-9.340167999267578, 2.7644448280334473, 88.02426147460938},{-10.511754989624023, -1.4589096307754517, 89.10907745361328},{-8.61894416809082, 2.5196316242218018, 87.98072814941406},{-8.569643020629883, -1.6805378198623657, 87.60977172851562},{0},{1},{0}},{{2249.302, 198.026382, 626.916443, 0.103708088, -0.00658775121, 0.994585991, -0.00313841947, 0.999970913, 0.00695067039, -0.994602799, -0.0038422686, 0.103684396},{-8.641655921936035, 3.7289328575134277, 92.0608901977539},{-9.414407730102539, -1.560025930404663, 89.43255615234375},{-9.175704002380371, 2.2683348655700684, 89.85862731933594},{-9.095651626586914, -1.886472463607788, 89.35442352294922},{-1},{1},{0}},{{2239.72021, 198.022049, 625.958984, 0.097186856, -0.00492756022, 0.99525398, -0.00978049822, 0.999934733, 0.00590580376, -0.995218098, -0.0103080459, 0.0971323177},{-7.467135429382324, 3.4859635829925537, 94.88129425048828},{-8.072576522827148, -1.5492290258407593, 92.08926391601562},{-9.126921653747559, 2.9122462272644043, 91.05919647216797},{-9.143841743469238, -1.305248498916626, 91.90448760986328},{0},{1},{0}},{{2229.99878, 198.011887, 625.113586, 0.088329874, -0.0103555005, 0.996037424, -0.00877544098, 0.999899089, 0.0111738658, -0.996052623, -0.00972765405, 0.0882300884},{-6.728755474090576, 3.3581702709198, 92.58740997314453},{-7.402874946594238, -1.403752326965332, 91.9492416381836},{-7.988272666931152, 2.7248125076293945, 91.7251968383789},{-8.006187438964844, -1.2796430587768555, 91.88687896728516},{-1},{0},{0}},{{2221.17749, 198.008041, 624.407532, 0.0809925273, -0.0146772889, 0.996606648, -0.00188993278, 0.999887526, 0.0148791987, -0.996712923, -0.00308862352, 0.0809556767},{-3.1043481826782227, 2.488229751586914, 95.68968963623047},{-4.340266227722168, -1.7420130968093872, 94.86260223388672},{-7.569577217102051, 2.19258189201355, 91.24547576904297},{-7.560519695281982, -1.682088017463684, 92.01172637939453},{0},{0},{0}},{{2211.03809, 197.998596, 623.745117, 0.06503658, -0.0128990682, 0.997799516, -0.0108918855, 0.99984771, 0.0136354798, -0.997823417, -0.0117547223, 0.0648861825},{-3.317366600036621, 3.1195762157440186, 91.11483001708984},{-4.455991744995117, -1.8951908349990845, 92.87823486328125},{-6.007599830627441, 2.87160062789917, 91.15269470214844},{-6.0068678855896, -1.066222906112671, 91.84414672851562},{0},{0},{0}},{{2202.67407, 198.022766, 623.324768, 0.052848395, -0.00964215118, 0.998556018, -0.00732407998, 0.999922752, 0.0100429747, -0.998575687, -0.00784425903, 0.0527736917},{-3.781248092651367, 2.73270583152771, 91.10147094726562},{-4.421761989593506, -1.8193819522857666, 91.26502227783203},{-4.84792423248291, 2.6345081329345703, 91.02958679199219},{-4.826834678649902, -1.2881054878234863, 91.7330551147461},{0},{0},{0}},{{2192.12231, 198.03894, 622.837463, 0.0484837368, -0.00844174623, 0.998788297, 0.00453515397, 0.999955833, 0.0082314657, -0.998813689, 0.00413056649, 0.0485198796},{-4.21254825592041, 1.9030994176864624, 92.0686264038086},{-4.4474382400512695, -2.5394225120544434, 92.13286590576172},{-4.4851555824279785, 1.7467180490493774, 92.00554656982422},{-4.364511489868164, -2.3434040546417236, 92.07432556152344},{0},{1},{0}},{{2182.32983, 198.029572, 622.360046, 0.04837735, -0.00786383171, 0.998798192, 0.00475518778, 0.999959469, 0.00764265517, -0.998817801, 0.00437974138, 0.0484127812},{-4.305308818817139, 1.8985806703567505, 93.23175811767578},{-4.660515785217285, -2.717651605606079, 93.49098205566406},{-4.6687164306640625, 1.8391048908233643, 93.14372253417969},{-4.655147075653076, -2.5276944637298584, 93.43392181396484},{0},{1},{0}},{{2171.04248, 198.023056, 621.811523, 0.0481791981, -0.00822614785, 0.998804808, -0.00423799409, 0.999955416, 0.00844005123, -0.998829722, -0.00463956408, 0.0481421873},{-4.412764072418213, 2.6644015312194824, 94.82667541503906},{-4.724489212036133, -1.9839807748794556, 94.6933822631836},{-4.5445427894592285, 2.4353065490722656, 94.78577423095703},{-4.490973949432373, -1.8305628299713135, 94.63721466064453},{0},{1},{0}},{{2161.43188, 198.031067, 621.353088, 0.0479743816, -0.00810865499, 0.998815656, -0.000384938554, 0.9999668, 0.00813648943, -0.998848498, -0.000774825749, 0.0479696691},{-4.4756879806518555, 2.368581533432007, 95.8742904663086},{-4.668483734130859, -2.2929654121398926, 95.93212127685547},{-4.595791339874268, 2.2058660984039307, 95.79798126220703},{-4.5709147453308105, -2.112973928451538, 95.85740661621094},{0},{1},{0}},{{2151.24292, 198.034424, 620.870239, 0.0475241393, -0.00831410196, 0.998835504, 0.000530963182, 0.999965429, 0.00829824433, -0.998869956, 0.000135977956, 0.0475269109},{-4.601442813873291, 2.3118855953216553, 97.07906341552734},{-4.699544906616211, -2.3904218673706055, 97.06774139404297},{-4.633017539978027, 2.1195030212402344, 97.00120544433594},{-4.597386360168457, -2.206416606903076, 97.00255584716797},{0},{1},{0}},{{2141.40161, 198.032959, 620.400085, 0.047557421, -0.00829427224, 0.998834074, 0.000260468049, 0.999965608, 0.00829126686, -0.998868465, -0.000134146918, 0.0475579426},{-4.670725345611572, 2.3685131072998047, 98.19554901123047},{-4.728185653686523, -2.405585527420044, 98.19023132324219},{-4.6905436515808105, 2.174177646636963, 98.11682891845703},{-4.652784824371338, -2.2194936275482178, 98.11438751220703},{0},{1},{0}},{{2130.97095, 198.03273, 619.901184, 0.0476578921, -0.0083325766, 0.998828948, 0.000255095219, 0.99996525, 0.00832988415, -0.998863697, -0.000142188219, 0.0476583615},{-4.73982048034668, 2.403214931488037, 99.3642349243164},{-4.772050380706787, -2.4370579719543457, 99.36196899414062},{-4.756458759307861, 2.2008469104766846, 99.29129028320312},{-4.718862533569336, -2.2451260089874268, 99.29103088378906},{0},{1},{0}},{{2120.89795, 198.032593, 619.419373, 0.0476589538, -0.00836770516, 0.99882859, 0.000236738008, 0.999964952, 0.00836592913, -0.998863637, -0.000162250755, 0.0476592667},{-4.79170036315918, 2.4342617988586426, 100.49111938476562},{-4.814260482788086, -2.4663054943084717, 100.48992919921875},{-4.8103132247924805, 2.2280514240264893, 100.40953063964844},{-4.77224588394165, -2.268435001373291, 100.41251373291016},{0},{1},{0}},{{2110.70996, 198.032608, 618.932556, 0.04761317, -0.00825461186, 0.998831749, 0.000154443493, 0.999965906, 0.00825662259, -0.998865843, -0.000238860899, 0.0476128198},{-4.845170021057129, 2.463805913925171, 101.6583480834961},{-4.862550258636475, -2.48587703704834, 101.65894317626953},{-4.862666606903076, 2.265035390853882, 101.56661987304688},{-4.823055744171143, -2.2927448749542236, 101.57304382324219},{0},{1},{0}},{{2101.38623, 198.031387, 618.486389, 0.0477027632, -0.00706257997, 0.998836577, -8.34842576e-05, 0.999974966, 0.00707461638, -0.998861551, -0.000420865865, 0.0477009788},{-4.942208290100098, 2.4597671031951904, 102.78068542480469},{-4.862949848175049, -2.465665817260742, 102.83373260498047},{-4.977015495300293, 2.3534841537475586, 102.71049499511719},{-4.884548187255859, -2.3412840366363525, 102.77706146240234},{0},{1},{0}},{{2089.96216, 198.030365, 617.938721, 0.0477976091, -0.00755043281, 0.99882853, -0.000346713205, 0.999971271, 0.00757566281, -0.998856962, -0.000708405627, 0.0477936156},{-4.988516330718994, 2.5559678077697754, 104.153564453125},{-4.972397804260254, -2.4973318576812744, 104.16197204589844},{-4.979824542999268, 2.410435199737549, 104.07798767089844},{-4.977436065673828, -2.35410737991333, 104.07979583740234},{0},{1},{0}},{{2079.40039, 198.038971, 617.433411, 0.0478425287, -0.00753024593, 0.998826504, 0.000137839714, 0.999971628, 0.00753227668, -0.998854876, -0.000222685194, 0.0478422083},{-5.04968786239624, 2.4842369556427, 105.3973617553711},{-5.039981842041016, -2.5005102157592773, 105.39750671386719},{-5.063207626342773, 2.331033945083618, 105.31333923339844},{-5.0206618309021, -2.3550257682800293, 105.31656646728516},{0},{1},{0}},{{2068.7146, 198.03656, 616.921204, 0.0477968231, -0.00715757487, 0.998831451, 0.000169766892, 0.99997437, 0.00715764146, -0.998857081, -0.000172544009, 0.0477968119},{-5.116930961608887, 2.5114493370056152, 106.61309051513672},{-5.101408958435059, -2.5374503135681152, 106.61511993408203},{-5.118187427520752, 2.392056703567505, 106.52723693847656},{-5.080023288726807, -2.424274206161499, 106.53087615966797},{0},{1},{0}},{{2057.90405, 198.034775, 616.402161, 0.0477549694, -0.00662881508, 0.998837113, -8.50271972e-05, 0.999977946, 0.00664045149, -0.998859048, -0.000402042875, 0.0477533527},{-5.177459239959717, 2.544257164001465, 107.85710906982422},{-5.125270366668701, -2.5270047187805176, 107.88458251953125},{-5.204191207885742, 2.464085817337036, 107.80117797851562},{-5.110781669616699, -2.4458444118499756, 107.82991027832031},{0},{1},{0}},{{2045.39539, 198.028961, 615.803955, 0.0477871485, -0.00775215775, 0.998827457, 0.000145934158, 0.9999699, 0.00775404274, -0.998857558, -0.000224780539, 0.0477868393},{-5.227064609527588, 2.6648058891296387, 109.28135681152344},{-5.228885650634766, -2.686983346939087, 109.28394317626953},{-5.231781482696533, 2.492260456085205, 109.21753692626953},{-5.224459648132324, -2.5212693214416504, 109.2152099609375},{0},{1},{0}},{{2033.2616, 198.044739, 615.203369, 0.051058311, -0.00758295925, 0.998666883, 0.00439635757, 0.999963164, 0.00736803235, -0.998686016, 0.00401429739, 0.0510897674},{-6.391139507293701, 2.2954750061035156, 110.90333557128906},{-6.489892482757568, -2.9439356327056885, 110.19242858886719},{-5.500002861022949, 2.0182416439056396, 110.87471008300781},{-5.421157360076904, -2.9212841987609863, 110.20355224609375},{0},{1},{0}},{{2021.52527, 198.040482, 614.541565, 0.0556096882, -0.00732973078, 0.998425663, 0.00397903053, 0.999966741, 0.00711942278, -0.998444676, 0.0035768575, 0.055637002},{-6.483031272888184, 2.3038880825042725, 111.90453338623047},{-6.53262996673584, -3.0126636028289795, 111.70931243896484},{-6.287153244018555, 2.129690647125244, 111.8487319946289},{-6.2399373054504395, -2.952873468399048, 111.66400909423828},{0},{1},{0}},{{2010.1958, 198.029709, 613.888428, 0.0566898212, -0.00784848444, 0.998360991, -0.00178409112, 0.999966681, 0.00796241406, -0.998390257, -0.00223255483, 0.0566739328},{-6.4858880043029785, 2.89819598197937, 113.01866149902344},{-6.518730640411377, -2.5829215049743652, 112.96028137207031},{-6.441244602203369, 2.6851646900177, 112.95532989501953},{-6.400552749633789, -2.4095218181610107, 112.89029693603516},{0},{1},{0}},{{1998.74512, 198.030365, 613.240234, 0.0563074201, -0.00772283785, 0.998383582, -0.0017703966, 0.999967754, 0.00783493929, -0.998411894, -0.00220870017, 0.0562919304},{-5.55181360244751, 3.204448699951172, 114.0357666015625},{-5.876583099365234, -2.3654625415802, 114.34577178955078},{-6.505594730377197, 2.772768259048462, 113.95442962646484},{-6.713540077209473, -2.3715927600860596, 113.98521423339844},{-1},{1},{0}},{{1986.59131, 198.006454, 612.70752, 0.0394767188, -0.00623724516, 0.999201, -0.0194810983, 0.999785662, 0.00701055955, -0.99903059, -0.0197422858, 0.0393467471},{-2.485048770904541, 4.4816365242004395, 114.98546600341797},{-3.59985613822937, -0.790305495262146, 122.47296142578125},{-4.8304877281188965, 4.533453941345215, 115.08167266845703},{-4.764188766479492, -0.6154758930206299, 116.3861083984375},{0},{1},{0}},{{1974.86682, 198.005798, 612.408386, 0.0278529786, -0.0070672608, 0.999587059, -0.0100786863, 0.999922216, 0.00735046761, -0.999561191, -0.0102792569, 0.0277795829},{-2.447519540786743, 3.89642596244812, 116.5752182006836},{-2.5257582664489746, -1.895674467086792, 116.88121032714844},{-3.033402919769287, 3.853198289871216, 116.50215148925781},{-3.0127687454223633, -1.6665157079696655, 116.78917694091797},{0},{1},{0}},{{1963.03479, 198.049133, 612.144836, 0.0249645356, -0.00811086968, 0.999655426, 0.0113944616, 0.999904454, 0.00782833435, -0.999623418, 0.0111951046, 0.0250545684},{-2.595696210861206, 1.7877955436706543, 117.79554748535156},{-2.681313991546631, -3.9227800369262695, 118.05493927001953},{-2.981734037399292, 1.6604273319244385, 117.72454833984375},{-2.9299895763397217, -3.6600420475006104, 117.97068786621094},{0},{1},{0}},{{1951.08875, 198.035904, 611.847229, 0.0241774134, -0.00741565553, 0.999680161, 0.00243357965, 0.999969959, 0.0073589487, -0.999704719, 0.00225488096, 0.0241947342},{-2.9689157009124756, 2.5796661376953125, 119.04718780517578},{-3.0166783332824707, -3.1414108276367188, 119.0552749633789},{-3.0165319442749023, 2.430108070373535, 118.96698760986328},{-2.9876198768615723, -2.9975781440734863, 119.00064849853516},{0},{1},{0}},{{1938.45435, 198.029388, 611.529846, 0.0245562959, -0.00760698225, 0.999669492, -0.00359357474, 0.999963939, 0.00769749656, -0.999691963, -0.00378140924, 0.0245280731},{-2.9392518997192383, 3.2284951210021973, 120.22965240478516},{-2.9708337783813477, -2.533186674118042, 120.22225952148438},{-2.958472728729248, 3.0383126735687256, 120.16641998291016},{-2.9172892570495605, -2.358691692352295, 120.15093994140625},{0},{1},{0}},{{1926.27856, 198.034302, 611.232849, 0.0250570551, -0.00766470842, 0.999656618, 0.000736871094, 0.999970496, 0.00764864497, -0.999685764, 0.000544965558, 0.0250619631},{-3.4524054527282715, 2.6564908027648926, 121.41131591796875},{-3.7154510021209717, -3.2326266765594482, 121.2396011352539},{-2.9710397720336914, 2.673947811126709, 121.35127258300781},{-2.9213621616363525, -2.8061916828155518, 121.18482971191406},{1},{1},{0}},{{1914.60022, 198.057831, 610.84082, 0.0370598771, -0.00794923864, 0.999281406, 0.0178033579, 0.999814928, 0.00729321735, -0.999154449, 0.0175202787, 0.0371945426},{-6.576218605041504, 1.2068824768066406, 122.82183074951172},{-6.951168060302734, -4.801689147949219, 123.02479553222656},{-4.332358360290527, 0.9406582713127136, 122.83313751220703},{-4.207152366638184, -4.6252617835998535, 121.70252227783203},{0},{1},{0}},{{1901.05457, 198.045227, 610.117981, 0.0518990494, -0.00835307036, 0.998617411, 0.0125727011, 0.999891222, 0.0077103111, -0.998573184, 0.0121551603, 0.0519984253},{-6.779226779937744, 1.6828041076660156, 123.4980239868164},{-7.104247093200684, -4.362884998321533, 123.47377014160156},{-6.745687484741211, 1.4783517122268677, 123.41291809082031},{-6.690121650695801, -4.215792179107666, 123.4571533203125},{0},{1},{0}},{{1889.7417, 198.008347, 609.496704, 0.051059287, -0.00676770834, 0.998672664, -0.0161475446, 0.999840736, 0.007601202, -0.998565078, -0.0165142249, 0.0509418733},{-5.37695837020874, 4.867740154266357, 124.42213439941406},{-6.1001410484313965, -1.171722412109375, 124.96240997314453},{-6.596530437469482, 4.33889627456665, 124.35184478759766},{-6.532934665679932, -1.2670594453811646, 124.82569122314453},{-1},{1},{0}},{{1877.11353, 197.988983, 608.960876, 0.0403607413, -0.00755205145, 0.999156654, -0.0194977596, 0.999775052, 0.00834433455, -0.998994946, -0.0198180992, 0.040204417},{0.4561193287372589, 5.916373252868652, 126.64185333251953},{-1.7110934257507324, -0.20927061140537262, 135.3927764892578},{-5.127511024475098, 5.050726890563965, 125.06319427490234},{-5.419723987579346, -0.8207362294197083, 125.79657745361328},{0},{1},{0}},{{1863.74731, 197.992722, 608.677429, 0.0191482902, -0.0091713788, 0.999774575, -0.0195166059, 0.999763966, 0.00954507478, -0.99962616, -0.0196949784, 0.0189647768},{0.531739354133606, 5.273834705352783, 127.51044464111328},{-0.3861660063266754, -1.3741933107376099, 128.07794189453125},{-2.5411181449890137, 5.011073112487793, 126.2281723022461},{-2.4543137550354004, -0.6475598812103271, 128.03146362304688},{0},{1},{0}},{{1850.87769, 198.02179, 608.622437, 0.00529625453, -0.00660006329, 0.999964178, -0.00829521939, 0.999943495, 0.006643862, -0.999951541, -0.00833010953, 0.00524120638},{-0.15460172295570374, 4.0607757568359375, 130.02297973632812},{-1.148003339767456, -1.9731465578079224, 134.07666015625},{-0.5164482593536377, 3.8868422508239746, 127.89424896240234},{-0.4214152693748474, -1.929844617843628, 128.26531982421875},{0},{1},{0}},{{1837.91675, 198.031738, 608.604004, 0.00316438475, -0.0069594183, 0.999970794, 0.005908994, 0.999958456, 0.00694063352, -0.999977529, 0.00588685833, 0.00320537644},{-0.21143028140068054, 2.581005811691284, 129.0074920654297},{-0.315742552280426, -3.74001407623291, 129.0496063232422},{-0.38411086797714233, 2.487856149673462, 128.95323181152344},{-0.36042240262031555, -3.6240859031677246, 128.99656677246094},{0},{1},{0}},{{1824.22473, 198.031433, 608.593384, -0.00194156414, -0.00860496517, 0.999961078, -0.0056836782, 0.999946892, 0.00859380793, -0.99998194, -0.0056667719, -0.00199036882},{2.1098825931549072, 3.5547022819519043, 129.65530395507812},{1.2979435920715332, -2.5295002460479736, 130.56272888183594},{0.1781378537416458, 3.4300239086151123, 129.68296813964844},{0.03860640153288841, -2.221376895904541, 130.54428100585938},{0},{1},{0}},{{1811.68677, 198.009506, 608.713806, -0.00990112405, -0.00814398099, 0.999917805, -0.0131632006, 0.999881268, 0.00801334158, -0.99986434, -0.0130827781, -0.0100071486},{1.6289520263671875, 4.565832614898682, 130.43017578125},{1.5556185245513916, -1.7725093364715576, 130.43667602539062},{1.3853131532669067, 4.365288257598877, 130.43804931640625},{1.455487608909607, -1.548723816871643, 130.42869567871094},{0},{0},{0}},{{1799.17725, 198.025391, 608.87793, -0.0116214436, -0.0119160144, 0.999861479, 0.00229151896, 0.999926031, 0.0119434185, -0.999929845, 0.00243000127, -0.0115932776},{1.7420419454574585, 3.255213975906372, 130.05784606933594},{1.7047300338745117, -3.6101229190826416, 130.10694885253906},{1.6098642349243164, 2.654763698577881, 130.037841796875},{1.6361876726150513, -2.981602191925049, 130.09133911132812},{0},{0},{0}},{{1786.08081, 198.041428, 609.037292, -0.011886579, -0.0107685383, 0.999871373, 0.00508385478, 0.999928415, 0.0108295903, -0.999916434, 0.00521192746, -0.0118309828},{1.0332667827606201, 2.297365427017212, 131.40138244628906},{0.9683774709701538, -4.004721164703369, 129.6029052734375},{1.5611958503723145, 2.200737953186035, 129.7889862060547},{1.6328624486923218, -3.283714771270752, 129.58482360839844},{1},{0},{0}},{{1773.66003, 198.05043, 609.091614, -0.00207069656, -0.00947656017, 0.999952972, 0.0124616893, 0.999877214, 0.00950164814, -0.999920189, 0.0124807777, -0.00195234839},{-1.4175828695297241, 1.781699538230896, 131.20838928222656},{-2.2080273628234863, -4.255115509033203, 130.82102966308594},{0.36547115445137024, 1.466058373451233, 129.7204132080078},{0.4801061451435089, -4.152784824371338, 128.9801483154297},{0},{0},{0}},{{1758.78699, 198.04213, 608.982056, 0.00803565793, -0.0104094883, 0.999913514, 0.00805623364, 0.99991405, 0.0103447502, -0.999935269, 0.00797240995, 0.00811882876},{-1.398564338684082, 2.324808359146118, 130.3494110107422},{-1.6816442012786865, -4.081899166107178, 129.25949096679688},{-1.2061225175857544, 1.810435175895691, 130.087890625},{-1.057457685470581, -3.7367193698883057, 129.19973754882812},{0},{1},{0}},{{1746.95276, 198.01918, 608.852234, 0.00972788129, -0.00789972302, 0.999921501, -0.00342088123, 0.999962687, 0.00793332886, -0.999946833, -0.00349778729, 0.00970049389},{-1.3876135349273682, 3.5731520652770996, 130.18421936035156},{-1.5388115644454956, -2.8968420028686523, 130.02870178222656},{-1.3195868730545044, 3.301316499710083, 130.1365509033203},{-1.2723572254180908, -2.7168288230895996, 129.98446655273438},{0},{1},{0}},{{1736.31262, 198.030243, 608.742493, 0.0102693122, -0.00787498895, 0.999916255, -0.00314166653, 0.99996382, 0.00790762901, -0.999942362, -0.0032226094, 0.0102442},{-1.2666778564453125, 3.4858250617980957, 130.6756134033203},{-1.368220329284668, -2.797096014022827, 130.6596221923828},{-1.3105882406234741, 3.2611911296844482, 130.6291961669922},{-1.2879191637039185, -2.5886731147766113, 130.60902404785156},{0},{1},{0}},{{1723.73401, 198.034363, 608.623352, 0.00869707763, -0.00828581583, 0.999927878, -0.00271652732, 0.999961793, 0.00830972474, -0.999958515, -0.00278860168, 0.00867423695},{-1.1912257671356201, 3.395949602127075, 131.29544067382812},{-1.216776728630066, -2.8557629585266113, 131.37086486816406},{-1.213915228843689, 3.1456491947174072, 131.21954345703125},{-1.12558913230896, -2.5868029594421387, 131.31419372558594},{0},{1},{0}},{{1712.36084, 198.029984, 608.516357, 0.00929112732, -0.00772264739, 0.999927044, 0.00126625586, 0.999969482, 0.00771120936, -0.999956012, 0.00119451759, 0.00930062216},{-1.1610299348831177, 3.04792857170105, 131.7884979248047},{-1.324548602104187, -3.2865095138549805, 132.6271514892578},{-1.3676623106002808, 2.90228271484375, 131.73004150390625},{-1.5373337268829346, -3.155897617340088, 131.92559814453125},{0},{1},{0}},{{1700.29688, 198.031891, 608.399963, 0.0098330332, -0.00782060716, 0.999921083, 5.69606636e-05, 0.999969423, 0.00782042556, -0.999951661, -1.99423357e-05, 0.00983317755},{-0.8796579837799072, 3.4048845767974854, 132.53355407714844},{-0.8712232112884521, -3.0052266120910645, 133.30784606933594},{-1.4106781482696533, 2.9813694953918457, 132.4919891357422},{-1.2952543497085571, -2.962800979614258, 133.2245635986328},{-1},{1},{0}},{{1688.15234, 197.997086, 608.396606, -0.00400691433, -0.00843978953, 0.999956369, -0.0189349446, 0.999785721, 0.00836247578, -0.999812663, -0.0189006105, -0.00416586269},{3.7730088233947754, 5.558094501495361, 138.1741485595703},{2.7621560096740723, -0.9614719152450562, 133.7869110107422},{0.16788500547409058, 5.130272388458252, 132.5117645263672},{0.1994228959083557, -0.9534250497817993, 133.78025817871094},{-1},{1},{0}},{{1674.66333, 197.980453, 608.692383, -0.0249585826, -0.0105181178, 0.999633133, -0.0284833685, 0.99954617, 0.00980603695, -0.999282598, -0.0282281749, -0.0252468474},{11.518030166625977, 6.522907257080078, 136.57115173339844},{9.109016418457031, 0.5851588845252991, 143.1306610107422},{3.1677310466766357, 6.213382244110107, 133.0927734375},{3.3186798095703125, 0.33643609285354614, 135.33465576171875},{0},{1},{0}},{{1663.05225, 197.980118, 609.216431, -0.0450582244, -0.0108466735, 0.998925447, -0.0221544113, 0.99970597, 0.00985583663, -0.998738647, -0.0216865204, -0.0452852808},{11.886120796203613, 5.127256870269775, 140.75914001464844},{10.50944709777832, -0.7823179364204407, 142.22576904296875},{5.933122158050537, 5.714410781860352, 133.60049438476562},{6.071582317352295, -0.4608026444911957, 134.9116973876953},{0},{1},{0}},{{1650.75244, 198.010529, 609.987244, -0.0620014779, -0.00960741658, 0.998029828, -0.0110902963, 0.999898553, 0.00893643405, -0.99801445, -0.0105143739, -0.0621017367},{9.936675071716309, 4.502316474914551, 134.32659912109375},{9.0669527053833, -2.1267106533050537, 140.3766326904297},{8.280981063842773, 4.429089069366455, 134.3802490234375},{8.416905403137207, -1.6273741722106934, 135.36451721191406},{0},{1},{0}},{{1637.75867, 198.032639, 610.905762, -0.0691689551, -0.00659992313, 0.997583151, -0.000541754067, 0.999978244, 0.00657820562, -0.997604787, -8.54371247e-05, -0.0691710263},{10.564630508422852, 3.488158702850342, 135.3704833984375},{9.899457931518555, -2.9203038215637207, 135.71804809570312},{9.363602638244629, 3.260779619216919, 135.39022827148438},{9.491902351379395, -2