return {{{2458.96826, 197.976746, 604.539917, -0.172336027, -0.0130322035, 0.984952033, -0.00796753727, 0.999898195, 0.0118358899, -0.985005975, -0.00580789149, -0.17242232},{0.061033423990011215, -0.003316508838906884, -0.014073546975851059},{0.05899578332901001, -0.003072874853387475, -0.008837846107780933},{0.05834478884935379, -0.000050434904551366344, -0.011847816407680511},{0.060026463121175766, -0.00021565399947576225, -0.016394920647144318},{0},{0},{0},{1}},{{2458.97046, 197.988235, 604.550537, -0.172421977, -0.0114296377, 0.984956861, 0.000439217634, 0.999931693, 0.0116802957, -0.985023081, 0.00244655018, -0.172405183},{0.0767650157213211, -0.0024453855585306883, -0.024735772982239723},{0.08196992427110672, -0.0017048224108293653, -0.011099344119429588},{0.0719788670539856, 0.0012491141678765416, -0.020097456872463226},{0.07485537230968475, 0.0015341035323217511, -0.017662541940808296},{0},{0},{0},{1}},{{2458.96558, 197.989716, 604.553589, -0.172436118, -0.0109900339, 0.984959364, 0.00225737737, 0.999930739, 0.0115522798, -0.985018134, 0.00421545515, -0.172399372},{0.020267846062779427, 0.0049374704249203205, 0.24720598757266998},{0.012564844451844692, -0.005921123083680868, 0.2506923973560333},{0.0022545098327100277, 0.005724860355257988, 0.22477780282497406},{0.01679939404129982, -0.004534789826720953, 0.23062658309936523},{0},{0.4326363354921341},{0},{1}},{{2458.8877, 197.985428, 604.562927, -0.172446623, -0.00891329069, 0.984978557, -0.00121741637, 0.999960244, 0.00883572269, -0.985018134, 0.000324561552, -0.172450617},{0.2629040479660034, 0.03615271672606468, 1.5603792667388916},{0.2302263379096985, -0.034569673240184784, 1.5653787851333618},{0.2230168730020523, 0.036634400486946106, 1.4986748695373535},{0.24941548705101013, -0.033530399203300476, 1.5004507303237915},{0},{1},{0},{1}},{{2458.72729, 197.987534, 604.590332, -0.172448084, -0.00819085632, 0.984984577, -0.00193032494, 0.999966323, 0.00797748566, -0.985016704, -0.00052563817, -0.172458082},{0.4836522936820984, 0.06892487406730652, 2.7185659408569336},{0.4815227687358856, -0.06129077821969986, 2.7209129333496094},{0.4705268442630768, 0.06650353223085403, 2.6390137672424316},{0.4658382833003998, -0.056203924119472504, 2.652139663696289},{0},{1},{0},{1}},{{2458.39941, 197.988983, 604.64917, -0.17247048, -0.00868297741, 0.984976411, -0.000946970482, 0.999962151, 0.00864926726, -0.98501426, 0.000558999716, -0.172472179},{0.7545178532600403, 0.10641568899154663, 4.2731218338012695},{0.7588870525360107, -0.1001770943403244, 4.274458885192871},{0.7392586469650269, 0.10042034089565277, 4.181248664855957},{0.7439591884613037, -0.09135172516107559, 4.197503566741943},{0},{1},{0},{1}},{{2458.00269, 197.988556, 604.719177, -0.172476679, -0.00847531948, 0.984977126, -0.000591178774, 0.999963701, 0.00850075297, -0.985013425, 0.000883884146, -0.172475427},{0.9971076846122742, 0.14051879942417145, 5.677917957305908},{0.9940889477729797, -0.13444992899894714, 5.678309440612793},{0.9731623530387878, 0.13277782499790192, 5.57097864151001},{0.9847207069396973, -0.12441946566104889, 5.5914998054504395},{0},{1},{0},{1}},{{2457.45874, 197.988129, 604.814636, -0.172475204, -0.00838914327, 0.984978139, -0.000590288662, 0.999964416, 0.00841342006, -0.985013664, 0.000869684853, -0.172474027},{1.2602671384811401, 0.1781819611787796, 7.202683925628662},{1.2604236602783203, -0.17126600444316864, 7.201623439788818},{1.2381258010864258, 0.1691744476556778, 7.081777572631836},{1.246056318283081, -0.15878109633922577, 7.109062671661377},{0},{1},{0},{1}},{{2456.82593, 197.988144, 604.92572, -0.172477856, -0.0084351534, 0.984977305, -0.000601145148, 0.999964058, 0.00845823158, -0.985013187, 0.000866743445, -0.172476724},{1.5182702541351318, 0.2144823968410492, 8.671037673950195},{1.5175405740737915, -0.20582303404808044, 8.670686721801758},{1.4926129579544067, 0.2040480077266693, 8.538084983825684},{1.5026806592941284, -0.1910989135503769, 8.571632385253906},{0},{1},{0},{1}},{{2455.87915, 197.988159, 605.091797, -0.172483936, -0.00834627263, 0.984976947, -0.00066897762, 0.999964893, 0.00835612603, -0.985012114, 0.000782369869, -0.172483459},{1.8471614122390747, 0.26133838295936584, 10.550740242004395},{1.8457444906234741, -0.24959255754947662, 10.551496505737305},{1.8174707889556885, 0.24956728518009186, 10.40138053894043},{1.8307732343673706, -0.23269833624362946, 10.442298889160156},{0},{1},{0},{1}},{{2454.97388, 197.989471, 605.250244, -0.172481075, -0.00820627902, 0.984978676, -0.000732736022, 0.999966085, 0.00820283499, -0.985012531, 0.000693104404, -0.172481239},{2.122812509536743, 0.30066803097724915, 12.121963500976562},{2.120738983154297, -0.28621482849121094, 12.1215238571167},{2.0906288623809814, 0.2878926694393158, 11.964607238769531},{2.106579065322876, -0.2671850621700287, 12.011853218078613},{0},{1},{0},{1}},{{2454.00391, 197.995193, 605.419983, -0.172480404, -0.00770856394, 0.984982789, -0.000767903926, 0.999970138, 0.00769138848, -0.98501265, 0.000570241653, -0.172481164},{2.384183168411255, 0.34073129296302795, 13.594261169433594},{2.3752238750457764, -0.3236815333366394, 13.594371795654297},{2.353257894515991, 0.32410961389541626, 13.468121528625488},{2.3722691535949707, -0.30127179622650146, 13.516427993774414},{0},{1},{0},{1}},{{2452.70117, 198.003632, 605.648376, -0.172473073, -0.00686404435, 0.984990299, -0.000598881918, 0.999976277, 0.00686361082, -0.985014021, 0.000593895209, -0.172473088},{2.70415997505188, 0.37890636920928955, 15.387602806091309},{2.693488121032715, -0.36366507411003113, 15.389076232910156},{2.6797702312469482, 0.36542102694511414, 15.29364013671875},{2.6886141300201416, -0.3488169312477112, 15.308908462524414},{0},{1},{0},{1}},{{2451.4729, 198.009888, 605.864014, -0.172481194, -0.00638663815, 0.984992087, -0.000183912751, 0.999979198, 0.00645160861, -0.98501277, 0.000931628572, -0.17247878},{2.9767110347747803, 0.40933069586753845, 16.95897102355957},{2.972186326980591, -0.4030854105949402, 16.961856842041016},{2.9582197666168213, 0.39755234122276306, 16.880046844482422},{2.9631481170654297, -0.3923516869544983, 16.87938690185547},{0},{1},{0},{1}},{{2449.94312, 198.014496, 606.13208, -0.172483593, -0.00629646331, 0.984992266, 5.58885913e-05, 0.999979496, 0.00640205434, -0.985012412, 0.00115929917, -0.172479719},{3.2869436740875244, 0.4492131769657135, 18.773052215576172},{3.28652286529541, -0.44923895597457886, 18.772994995117188},{3.2714810371398926, 0.4368402659893036, 18.691709518432617},{3.2756423950195312, -0.43919700384140015, 18.69054412841797},{0},{1},{0},{1}},{{2448.06104, 198.023071, 606.461609, -0.172477514, -0.00759426923, 0.984984159, 0.000137104624, 0.999970078, 0.00773381907, -0.985013425, 0.00146895577, -0.172471315},{3.6365103721618652, 0.49706846475601196, 20.759904861450195},{3.6338930130004883, -0.500760555267334, 20.75885009765625},{3.611872434616089, 0.47398847341537476, 20.59958267211914},{3.6027755737304688, -0.4811566472053528, 20.5880184173584},{0},{1},{0},{1}},{{2445.97778, 198.024277, 606.82666, -0.172480345, -0.00691419141, 0.984988689, 0.000205775897, 0.999975085, 0.00705542276, -0.985012949, 0.00141960871, -0.172474623},{4.009410858154297, 0.5445268750190735, 22.886388778686523},{4.004499912261963, -0.5510814189910889, 22.886484146118164},{3.9708383083343506, 0.5273568034172058, 22.739206314086914},{3.990117073059082, -0.5373809933662415, 22.723487854003906},{0},{1},{0},{1}},{{2443.68823, 198.025375, 607.227905, -0.172484308, -0.00642150175, 0.984991312, 0.000171141219, 0.999978542, 0.00654917723, -0.985012233, 0.0012982029, -0.17247951},{4.387676239013672, 0.5943177342414856, 25.053333282470703},{4.385010242462158, -0.6003102660179138, 25.054563522338867},{4.358702182769775, 0.583716630935669, 24.911958694458008},{4.363525867462158, -0.5932123064994812, 24.89912986755371},{0},{1},{0},{1}},{{2441.31567, 198.027206, 607.643677, -0.172486454, -0.00630975934, 0.98499167, 0.000179432725, 0.999979258, 0.00643718941, -0.985011876, 0.00128706766, -0.172481745},{4.763687610626221, 0.6440308690071106, 27.19615364074707},{4.7604169845581055, -0.6497711539268494, 27.19651222229004},{4.733567714691162, 0.632886528968811, 27.05952262878418},{4.740670204162598, -0.6429922580718994, 27.04751968383789},{0},{1},{0},{1}},{{2438.60181, 198.02858, 608.119141, -0.172489613, -0.00603527715, 0.984992862, 0.00016888605, 0.999981046, 0.00615668809, -0.985011339, 0.00122831634, -0.172485322},{5.174951076507568, 0.697003960609436, 29.547773361206055},{5.171102046966553, -0.7032791972160339, 29.547718048095703},{5.14409065246582, 0.6896711587905884, 29.41419792175293},{5.153580188751221, -0.7002263069152832, 29.4017276763916},{0},{1},{0},{1}},{{2435.65796, 198.029572, 608.635071, -0.172488496, -0.00575183146, 0.984994769, 0.000124049067, 0.999982834, 0.00586107653, -0.985011518, 0.00113315589, -0.172484815},{5.600306034088135, 0.752177894115448, 31.979995727539062},{5.5972208976745605, -0.7573758363723755, 31.97848129272461},{5.571529388427734, 0.7504684925079346, 31.848678588867188},{5.5802001953125, -0.7599531412124634, 31.83466339111328},{0},{1},{0},{1}},{{2432.96704, 198.03038, 609.106567, -0.172494054, -0.0055450392, 0.984994948, 0.000131462628, 0.999984026, 0.00565244211, -0.985010564, 0.00110450271, -0.172490567},{5.978078365325928, 0.7999232411384583, 34.12937545776367},{5.97434139251709, -0.8061104416847229, 34.12870788574219},{5.948094367980957, 0.8030422329902649, 33.99974822998047},{5.957747936248779, -0.8132062554359436, 33.986228942871094},{0},{1},{0},{1}},{{2429.74902, 198.031265, 609.669495, -0.172371864, -0.00529720448, 0.985017717, 0.000284939189, 0.999985218, 0.00542755891, -0.985031903, 0.00121622859, -0.172367811},{6.250960350036621, 0.4700525403022766, 36.65640640258789},{6.247863292694092, -1.1915532350540161, 36.6043815612793},{6.392496585845947, 0.8510916233062744, 36.50089645385742},{6.393033504486084, -0.8881703615188599, 36.43428039550781},{1},{1},{0},{1}},{{2426.12036, 198.046051, 610.248169, -0.16314739, -0.00358647457, 0.986595213, 0.00839112513, 0.999952197, 0.00502262032, -0.986566007, 0.00909807067, -0.163109481},{4.611565113067627, -0.1394079029560089, 40.1286506652832},{4.6528449058532715, -1.8442660570144653, 39.03573989868164},{6.711581707000732, 0.48103249073028564, 39.66421890258789},{6.538723468780518, -1.3790433406829834, 38.56519317626953},{1},{1},{0},{1}},{{2422.44165, 198.06073, 610.682922, -0.139079303, -0.00247208704, 0.990278184, 0.0155371623, 0.999868333, 0.00467813946, -0.990159333, 0.0160367452, -0.139022589},{2.4126200675964355, 0.47059202194213867, 43.151466369628906},{2.8638834953308105, -1.4309756755828857, 41.498260498046875},{6.011565685272217, 0.14464561641216278, 42.59601974487305},{5.784452438354492, -1.8105518817901611, 40.92311096191406},{0},{1},{0},{1}},{{2418.08862, 198.043686, 611.069763, -0.113184907, -0.00372148654, 0.99356699, 0.00392027432, 0.999983549, 0.00419210922, -0.993566215, 0.00436953874, -0.113168456},{3.163834810256958, 1.1094826459884644, 45.784908294677734},{3.616676092147827, -0.9640177488327026, 44.62769317626953},{5.060976982116699, 0.6787383556365967, 45.415767669677734},{4.942384719848633, -1.447057843208313, 44.23738479614258},{0},{1},{0},{1}},{{2413.87256, 198.023712, 611.45813, -0.104324058, -0.00492076809, 0.994531214, -0.00856313389, 0.999955118, 0.00404935144, -0.994506478, -0.00809385814, -0.104361512},{4.27301025390625, 1.5873571634292603, 50.75745391845703},{4.460085868835449, -0.680587112903595, 47.68086242675781},{4.953986644744873, 1.4123387336730957, 47.673484802246094},{4.9416937828063965, -0.8641185164451599, 47.45840072631836},{0},{1},{0},{1}},{{2409.40332, 198.034531, 611.906738, -0.100454509, -0.0043225796, 0.994932234, -0.000966369116, 0.999990523, 0.00424698507, -0.994941175, -0.000534843013, -0.100457735},{4.752797603607178, 1.267054796218872, 50.66855239868164},{4.874349117279053, -1.0433555841445923, 50.409854888916016},{5.219747066497803, 1.2141804695129395, 50.49615478515625},{5.200680732727051, -1.1931580305099487, 50.19810104370117},{0},{1},{0},{1}},{{2404.41431, 198.04393, 612.397217, -0.0983059928, -0.00334889162, 0.995150626, 0.00340578961, 0.999987364, 0.00370160933, -0.995150387, 0.00375316408, -0.0982933491},{5.102414608001709, 1.0847632884979248, 54.365455627441406},{5.169179439544678, -1.3323193788528442, 53.55451583862305},{5.24723482131958, 1.113616704940796, 53.462684631347656},{5.325010776519775, -1.422383189201355, 53.65085983276367},{0},{1},{0},{1}},{{2399.13135, 198.031433, 612.920898, -0.099649772, -0.00377217028, 0.995015442, -0.00330731599, 0.999988556, 0.00345979934, -0.995017052, -0.00294606225, -0.0996611044},{6.10978364944458, 1.6105018854141235, 64.33139038085938},{5.889455318450928, -1.136399269104004, 61.45782470703125},{5.600405216217041, 1.4994553327560425, 56.40782165527344},{5.630422115325928, -1.2243216037750244, 56.42759704589844},{0},{1},{0},{1}},{{2394.12646, 198.029022, 613.414307, -0.098519206, -0.0046277754, 0.9951244, -0.0023422807, 0.999987483, 0.0044185007, -0.995132387, -0.00189555343, -0.0985288098},{5.537861347198486, 1.2486852407455444, 59.49003982543945},{5.566168785095215, -1.4417771100997925, 59.32255172729492},{5.910036563873291, 1.5189625024795532, 59.28091049194336},{5.928637981414795, -1.332527756690979, 59.17519760131836},{1},{1},{0},{1}},{{2388.30176, 198.051346, 613.925964, -0.0876815841, -0.00284629641, 0.996144474, 0.0137607977, 0.999897063, 0.00406825729, -0.996053517, 0.0140644545, -0.0876333863},{2.7503535747528076, 0.049351319670677185, 63.04530334472656},{3.4457387924194336, -2.8605830669403076, 67.07311248779297},{5.7414703369140625, 0.6505833864212036, 62.702091217041016},{5.6547322273254395, -2.363377809524536, 61.50935745239258},{1},{1},{0},{1}},{{2381.03613, 198.065323, 614.280701, -0.0548652858, -0.00590893906, 0.998476267, 0.0242541842, 0.999679565, 0.00724880351, -0.998199165, 0.0246149339, -0.0547043867},{-0.331235408782959, 0.8892509937286377, 66.6871109008789},{0.7445799708366394, -2.5317914485931396, 63.840843200683594},{3.6065688133239746, -0.1117987260222435, 65.37289428710938},{3.5086188316345215, -3.061164140701294, 63.57073974609375},{0},{1},{0},{2}},{{2373.16309, 198.027573, 614.429749, -0.0295966603, -0.00602639047, 0.999543726, -0.00188178942, 0.99998039, 0.00597330276, -0.999560177, -0.00170414103, -0.0296074208},{0.7077674865722656, 1.7675617933273315, 67.59851837158203},{1.6935639381408691, -2.1682982444763184, 69.42147064208984},{1.8983553647994995, 1.4689751863479614, 67.47637939453125},{1.8951823711395264, -1.6775803565979004, 66.58745574951172},{0},{1},{0},{2}},{{2366.63062, 198.024017, 614.574402, -0.0257422738, -0.00600984646, 0.999650538, -0.00938330311, 0.999939322, 0.00576995034, -0.99962455, -0.00923149288, -0.0257971045},{1.4465973377227783, 2.1676974296569824, 69.23433685302734},{1.6414061784744263, -1.039290189743042, 68.95783233642578},{1.8868358135223389, 2.0711209774017334, 69.12881469726562},{1.8881258964538574, -1.1069810390472412, 68.85582733154297},{0},{1},{0},{2}},{{2360.93042, 198.039413, 614.722961, -0.0246920828, -0.00590094458, 0.999677718, 0.000151428394, 0.999982536, 0.00590648409, -0.999695122, 0.000297222985, -0.0246907584},{1.633089303970337, 1.6584548950195312, 70.71275329589844},{1.8403372764587402, -1.6014877557754517, 70.7000732421875},{1.8263442516326904, 1.6279215812683105, 70.61128234863281},{1.848935604095459, -1.601159930229187, 70.58618927001953},{0},{1},{0},{2}},{{2354.75073, 198.043152, 614.876831, -0.0242872518, -0.00582094118, 0.999688089, 0.00368451746, 0.999975741, 0.0059121307, -0.999698222, 0.00382695743, -0.0242652148},{1.6346309185028076, 1.4697327613830566, 72.41438293457031},{1.7892919778823853, -1.8830170631408691, 72.37799835205078},{1.7339609861373901, 1.442506194114685, 72.30188751220703},{1.7551060914993286, -1.882219910621643, 72.26882934570312},{0},{1},{0},{2}},{{2348.42236, 198.03418, 615.035095, -0.0260533262, -0.00610682461, 0.999641895, -0.00222341018, 0.999979198, 0.00605093734, -0.999658108, -0.00206496683, -0.0260663629},{2.8548710346221924, 2.218522548675537, 73.79405975341797},{3.3216471672058105, -1.157716989517212, 74.29837036132812},{1.7453210353851318, 1.8781912326812744, 73.72208404541016},{1.7756783962249756, -1.5165331363677979, 74.21762084960938},{-1},{1},{0},{2}},{{2341.93213, 198.010788, 615.322449, -0.0426298976, -0.00705591496, 0.999065995, -0.0183965787, 0.999811053, 0.00627619913, -0.998921573, -0.0181118418, -0.0427516475},{4.964783668518066, 2.8364429473876953, 75.00227355957031},{5.422601222991943, -0.6770687699317932, 76.20393371582031},{3.044398546218872, 3.0095627307891846, 74.97300720214844},{3.1169116497039795, -0.421929270029068, 76.19055938720703},{0},{1},{0},{2}},{{2334.56421, 198.033478, 615.787109, -0.0559329093, -0.00592787238, 0.99841696, -0.0035511863, 0.999977231, 0.00573819317, -0.998428226, -0.00322461058, -0.0559526868},{4.9856276512146, 2.026014566421509, 77.3067626953125},{5.311656951904297, -1.5590970516204834, 77.64143371582031},{4.535511493682861, 2.1298420429229736, 77.28209686279297},{4.610693454742432, -1.4141985177993774, 77.59590911865234},{0},{1},{0},{2}},{{2327.41309, 198.047775, 616.231628, -0.0585732572, -0.00516680209, 0.998269737, 0.0100301262, 0.999933064, 0.00576392654, -0.998232722, 0.0103503829, -0.0585175119},{4.765068054199219, 1.2286635637283325, 79.20944213867188},{5.21187686920166, -2.5702366828918457, 88.47248840332031},{4.646891117095947, 1.2434329986572266, 79.12211608886719},{4.657934188842773, -2.468256711959839, 79.18279266357422},{0},{1},{0},{2}},{{2319.32153, 198.03421, 616.692871, -0.0589755028, -0.00589805702, 0.998242021, -0.000858824002, 0.999982476, 0.00585760176, -0.998259068, -0.000511859136, -0.0589795373},{4.709601879119873, 1.909231424331665, 81.27236938476562},{4.722416400909424, -1.8683606386184692, 81.25459289550781},{4.6868791580200195, 1.9015400409698486, 81.17594146728516},{4.711540222167969, -1.861287236213684, 81.18138122558594},{0},{1},{0},{2}},{{2311.43115, 198.029327, 617.146423, -0.0582068004, -0.00599049171, 0.998286545, -0.00515743531, 0.999970436, 0.00569988322, -0.998291254, -0.00481682643, -0.0582359768},{4.863297939300537, 2.256497383117676, 83.13275146484375},{4.879650115966797, -1.5690603256225586, 83.1585693359375},{4.82425594329834, 2.257338762283325, 83.05781555175781},{4.877421855926514, -1.5749952793121338, 83.07865905761719},{0},{1},{0},{2}},{{2303.76807, 198.030579, 617.602478, -0.0584648438, -0.0060327556, 0.998271227, -0.000577227212, 0.999981761, 0.00600928674, -0.998289287, -0.000224897318, -0.0584672615},{5.034265041351318, 2.0629842281341553, 84.91730499267578},{5.038121223449707, -1.9491528272628784, 84.92378997802734},{5.014974594116211, 2.047105550765991, 84.82186126708984},{5.029625415802002, -1.9331235885620117, 84.83162689208984},{0},{1},{0},{2}},{{2294.69287, 198.040359, 618.141418, -0.058733128, -0.00606181473, 0.998255312, 0.00252955477, 0.999977469, 0.00622110069, -0.998270512, 0.00289052632, -0.0587164685},{5.118334770202637, 1.8523073196411133, 86.93464660644531},{5.116165637969971, -2.200469970703125, 86.93022155761719},{5.087638854980469, 1.8142775297164917, 86.8773422241211},{5.129984378814697, -2.167046070098877, 86.86585235595703},{0},{1},{0},{2}},{{2286.68457, 198.035156, 618.609619, -0.0587013662, -0.00588177191, 0.998258233, 0.000631356786, 0.999982238, 0.00592905562, -0.998275399, 0.000978300814, -0.058696609},{5.191640377044678, 2.025790214538574, 88.68168640136719},{5.191805362701416, -2.124297618865967, 88.67620849609375},{5.180120944976807, 2.0087966918945312, 88.59378051757812},{5.1996355056762695, -2.1151859760284424, 88.58638000488281},{0},{1},{0},{2}},{{2279.38623, 198.032013, 619.034302, -0.0586536676, -0.00645640818, 0.998257518, -0.00217516418, 0.999977529, 0.00633972883, -0.998275995, -0.00179952569, -0.0586663969},{5.242177486419678, 2.0859968662261963, 90.22113037109375},{5.246222972869873, -2.1001639366149902, 90.18802642822266},{5.274354457855225, 2.217599630355835, 90.12334442138672},{5.315479278564453, -1.9231826066970825, 90.10615539550781},{1},{1},{0},{2}},{{2268.89014, 198.063843, 619.582764, -0.0494634584, -0.00555621926, 0.998760462, 0.0123873707, 0.999904215, 0.00617606426, -0.998699129, 0.0126775056, -0.0493898913},{3.2190983295440674, 1.3281280994415283, 92.7967529296875},{3.3332154750823975, -2.7954354286193848, 91.83057403564453},{4.757894039154053, 1.0395891666412354, 92.55684661865234},{4.804421424865723, -3.0330452919006348, 91.68656158447266},{0},{1},{0},{2}},{{2261.32422, 198.041626, 619.871338, -0.0415835977, -0.00667982548, 0.999112725, 0.00884113275, 0.999936044, 0.0070533026, -0.999095917, 0.00912658963, -0.0415218808},{3.182922124862671, 1.5732501745224, 93.53890228271484},{3.2615745067596436, -2.927067518234253, 93.27944946289062},{3.6893980503082275, 1.3864167928695679, 93.45448303222656},{3.733912944793701, -2.928715467453003, 93.23226165771484},{0},{1},{0},{3}},{{2253.21045, 198.016541, 620.161926, -0.0388474166, -0.00870401226, 0.999207258, -0.00565226935, 0.999947965, 0.00849071424, -0.999229193, -0.00531794596, -0.03889459},{3.423837900161743, 2.771116256713867, 94.56620788574219},{3.427699565887451, -1.9567238092422485, 94.471435546875},{3.5981829166412354, 2.530961036682129, 94.49117279052734},{3.606623888015747, -1.7914941310882568, 94.39871978759766},{0},{1},{0},{3}},{{2243.62036, 198.033951, 620.527832, -0.0379425846, -0.0075244247, 0.999251604, -0.00277894596, 0.999968588, 0.00742430426, -0.999276042, -0.00249516894, -0.0379623026},{3.6906304359436035, 2.51005482673645, 95.79285430908203},{3.6731925010681152, -2.026731491088867, 95.78910827636719},{3.6921370029449463, 2.3695318698883057, 95.74052429199219},{3.726292848587036, -1.901772141456604, 95.73180389404297},{0},{1},{0},{3}},{{2233.43506, 198.043228, 620.920593, -0.0379607566, -0.0068271826, 0.999255896, 0.00262324163, 0.999972522, 0.00693173334, -0.999275804, 0.00288442359, -0.0379418023},{3.6900546550750732, 2.0914034843444824, 97.06151580810547},{3.7124524116516113, -2.448669910430908, 97.13597106933594},{3.7005395889282227, 2.0089592933654785, 96.98319244384766},{3.442615270614624, -2.462925434112549, 96.76101684570312},{0},{1},{0},{3}},{{2224.99731, 198.035324, 621.237427, -0.0381295532, -0.00654481957, 0.999251366, -0.000667968066, 0.999978483, 0.00652409345, -0.999272585, -0.000418707234, -0.0381331034},{3.6476333141326904, 2.3182568550109863, 98.20732116699219},{3.7091681957244873, -2.247436285018921, 98.1936264038086},{3.652189016342163, 2.2539284229278564, 98.15100860595703},{3.761101722717285, -2.1929445266723633, 98.1401138305664},{0},{1},{0},{3}},{{2216.94482, 198.026031, 621.542847, -0.0376730748, -0.00780840637, 0.999259591, 0.000138300282, 0.999969423, 0.00781916641, -0.999290109, 0.000432769913, -0.0376708433},{3.7804627418518066, 2.4338014125823975, 99.20419311523438},{3.8101069927215576, -2.431095600128174, 99.14640045166016},{3.760516405105591, 2.2796475887298584, 99.2357177734375},{3.7958359718322754, -2.2834200859069824, 99.10482025146484},{0},{1},{0},{3}},{{2207.36719, 198.031448, 621.908081, -0.0378531739, -0.00814648252, 0.999250114, 0.00153155369, 0.999965131, 0.00821032934, -0.999282122, 0.00184119225, -0.0378393754},{3.8028993606567383, 2.348475456237793, 100.34646606445312},{3.7865846157073975, -2.591585397720337, 100.34159088134766},{3.7795355319976807, 2.148862600326538, 100.27439880371094},{3.801360607147217, -2.3999757766723633, 100.27178955078125},{0},{1},{0},{3}},{{2198.16602, 198.038055, 622.254883, -0.03784189, -0.00727481954, 0.999257267, 0.000131936555, 0.999973476, 0.00728503009, -0.999283731, 0.000407517859, -0.0378399268},{3.8302392959594727, 2.383509874343872, 101.45072937011719},{3.8184494972229004, -2.407590389251709, 101.44361114501953},{3.8139965534210205, 2.2529139518737793, 101.3798599243164},{3.84523606300354, -2.290111780166626, 101.36761474609375},{0},{1},{0},{3}},{{2189.35571, 198.036835, 622.587769, -0.037801154, -0.00722827623, 0.999259114, -0.000129669788, 0.999973893, 0.00722854072, -0.999285281, 0.00014367346, -0.0378011018},{3.79925537109375, 2.381477117538452, 104.17105865478516},{3.903101921081543, -2.3891918659210205, 102.46712493896484},{3.882538318634033, 2.3236312866210938, 102.40216064453125},{3.917370557785034, -2.2845897674560547, 102.3918228149414},{0},{1},{0},{3}},{{2178.95825, 198.033401, 622.984619, -0.0377800092, -0.00729825161, 0.999259412, 0.00112384185, 0.999972403, 0.0073459493, -0.99928546, 0.00140053954, -0.037770763},{3.9124889373779297, 2.377279043197632, 103.80662536621094},{3.918781280517578, -2.6071035861968994, 103.73056030273438},{4.190983295440674, 2.3131213188171387, 103.41394805908203},{3.9164927005767822, -2.4903724193573, 103.66978454589844},{0},{1},{0},{3}},{{2169.9436, 198.033829, 623.326904, -0.0378553718, -0.00711397221, 0.999257922, 0.00209953636, 0.999971867, 0.00719859311, -0.999281049, 0.00237048371, -0.0378393717},{3.9580581188201904, 2.3446011543273926, 104.86800384521484},{3.9660725593566895, -2.7049219608306885, 104.8746109008789},{3.9268667697906494, 2.2241270542144775, 104.80280303955078},{3.97320818901062, -2.584717035293579, 104.81312561035156},{0},{1},{0},{3}},{{2158.7998, 198.03392, 623.745056, -0.0377569497, -0.00739130983, 0.999259591, -8.95748963e-05, 0.999972641, 0.00739319948, -0.99928695, 0.000189636106, -0.0377565809},{3.9968273639678955, 2.5468428134918213, 106.18598937988281},{3.9906530380249023, -2.5359244346618652, 106.1811294555664},{3.988239049911499, 2.40572190284729, 106.11578369140625},{4.009897708892822, -2.40425968170166, 106.1180648803711},{0},{1},{0},{3}},{{2149.57959, 198.036118, 624.092834, -0.0376624651, -0.00744562643, 0.99926275, -0.000364411273, 0.999972284, 0.0074371784, -0.999290466, -8.40401553e-05, -0.0376641341},{4.044196128845215, 2.5788259506225586, 107.2493667602539},{4.046543121337891, -2.5121352672576904, 107.2470932006836},{4.0227179527282715, 2.4333319664001465, 107.17473602294922},{4.0585198402404785, -2.375702142715454, 107.16848754882812},{0},{1},{0},{3}},{{2140.78735, 198.035202, 624.424805, -0.0376116559, -0.00740501145, 0.999265015, -0.000199449772, 0.999972582, 0.00740274787, -0.999292433, 7.91264465e-05, -0.0376121029},{4.079460144042969, 2.5965793132781982, 108.24807739257812},{4.082335948944092, -2.559068202972412, 108.24559020996094},{4.052870273590088, 2.4542675018310547, 108.16255950927734},{4.091817378997803, -2.4235873222351074, 108.16584777832031},{0},{1},{0},{3}},{{2131.38721, 198.034668, 624.778748, -0.0374542028, -0.00668607187, 0.999275982, 0.000198055641, 0.999977529, 0.00669818977, -0.999298334, 0.000448787614, -0.0374520384},{4.060302734375, 2.5623342990875244, 109.34334564208984},{4.0996317863464355, -2.590277910232544, 109.31958770751953},{4.050862789154053, 2.467262029647827, 109.28379821777344},{4.144329071044922, -2.511394739151001, 109.25868225097656},{0},{1},{0},{3}},{{2121.89502, 198.025909, 625.133484, -0.0373883024, -0.00736059435, 0.999273717, 7.28987725e-05, 0.99997282, 0.00736847194, -0.999300838, 0.000348340487, -0.0373867527},{4.125277042388916, 2.704501152038574, 110.38543701171875},{4.127876281738281, -2.713545083999634, 110.3848876953125},{4.120718955993652, 2.5651888847351074, 110.31177520751953},{4.131002426147461, -2.5813581943511963, 110.32241821289062},{0},{1},{0},{3}},{{2111.77905, 198.041245, 625.502563, -0.0355516486, -0.00766119035, 0.999338448, 0.00248201378, 0.99996686, 0.00775430584, -0.999364734, 0.00275605009, -0.0355314538},{3.111734628677368, 2.17470121383667, 111.79955291748047},{3.173098564147949, -3.1001322269439697, 111.2535400390625},{4.126567840576172, 2.16682505607605, 112.3271484375},{4.135580539703369, -2.75236439704895, 111.15010070800781},{1},{1},{0},{3}},{{2102.66113, 198.070419, 625.71167, -0.0198600125, -0.00617468683, 0.999783695, 0.0235157907, 0.999701381, 0.00664130365, -0.999526203, 0.0236425996, -0.0197088793},{-0.7160754203796387, 0.32911598682403564, 113.37181091308594},{-0.18966422975063324, -4.894259452819824, 111.67813873291016},{2.6371467113494873, 0.28250014781951904, 113.25718688964844},{2.6587796211242676, -4.8182477951049805, 111.54631042480469},{0},{1},{0},{3}},{{2092.92993, 198.07309, 625.672424, 0.00209698803, -0.00712005934, 0.999972463, 0.0252185222, 0.999656975, 0.00706492923, -0.999679744, 0.0252030138, 0.00227582618},{-2.289095640182495, 0.48085638880729675, 114.02125549316406},{-1.5598444938659668, -4.910584449768066, 112.9519271850586},{-0.37365612387657166, 0.022160474210977554, 113.95862579345703},{-0.3296566307544708, -5.09562873840332, 112.9083023071289},{0},{1},{0},{3}},{{2083.09424, 198.036301, 625.505249, 0.0115952836, -0.00711690728, 0.999907434, -0.00319591584, 0.999969304, 0.00715440838, -0.99992764, -0.00327857747, 0.0115721831},{-2.272735357284546, 2.8946316242218018, 114.74795532226562},{-1.9338221549987793, -2.4827206134796143, 114.73728942871094},{-1.5668243169784546, 2.61313533782959, 114.6803970336914},{-1.7777127027511597, -2.5065078735351562, 114.06875610351562},{0},{1},{0},{3}},{{2073.71387, 198.012024, 625.359192, 0.0133980317, -0.00636546826, 0.99988997, -0.0139548667, 0.999881148, 0.00655240007, -0.999812841, -0.0140411202, 0.0133076105},{-1.7948569059371948, 4.040188312530518, 115.45878601074219},{-1.4949350357055664, -1.4446818828582764, 115.43411254882812},{-1.5147080421447754, 3.9371211528778076, 115.39125061035156},{-1.4703906774520874, -1.384364128112793, 115.36896514892578},{0},{1},{0},{3}},{{2063.14136, 198.041702, 625.221313, 0.0156818163, -0.00723191909, 0.999850869, 0.00228953199, 0.999971509, 0.00719688181, -0.999874413, 0.00217633042, 0.0156979263},{-3.169020891189575, 1.8533493280410767, 123.32453918457031},{-3.0514163970947266, -3.139042377471924, 116.29312896728516},{-1.6470128297805786, 2.307518482208252, 117.28250122070312},{-1.7921396493911743, -2.829923391342163, 116.05445098876953},{1},{1},{0},{3}},{{2051.9231, 198.050461, 624.956116, 0.0255899224, -0.00768708624, 0.999642968, 0.0167925972, 0.99983263, 0.00725866994, -0.999531448, 0.0166008547, 0.0257147253},{-6.249406337738037, 1.2067571878433228, 125.30751037597656},{-5.110032558441162, -4.382094860076904, 118.57493591308594},{-2.9624547958374023, 1.0700371265411377, 117.78520202636719},{-2.8739452362060547, -4.388136863708496, 117.10201263427734},{0},{1},{0},{3}},{{2040.60217, 198.048615, 624.53064, 0.0368152857, -0.00762218144, 0.999293029, 0.0110697756, 0.999912679, 0.00721908268, -0.999260783, 0.0107961763, 0.0368964486},{-5.600831508636475, 1.7787672281265259, 120.35563659667969},{-5.627300262451172, -3.8531477451324463, 124.76167297363281},{-4.483327388763428, 1.5755387544631958, 118.77442169189453},{-4.4188151359558105, -3.8587703704833984, 118.56703186035156},{0},{1},{0},{3}},{{2030.31494, 198.026291, 624.08429, 0.0413390659, -0.00683640735, 0.999121785, -0.00137802202, 0.999975264, 0.00689926324, -0.999144197, -0.00166202092, 0.0413286239},{-5.362626075744629, 3.1047093868255615, 119.71304321289062},{-4.861682415008545, -2.690680742263794, 119.50199890136719},{-5.040414810180664, 2.8294858932495117, 119.65031433105469},{-4.984500885009766, -2.736931085586548, 119.45254516601562},{-1},{1},{0},{3}},{{2020.51489, 198.030472, 623.676208, 0.0407161452, -0.00701916451, 0.999146104, -0.00519349007, 0.999960303, 0.00723652402, -0.99915725, -0.00548369857, 0.0406780764},{-3.8442978858947754, 3.4974799156188965, 120.49262237548828},{-3.5675625801086426, -1.909415364265442, 127.6360092163086},{-5.070417404174805, 3.1851577758789062, 120.88756561279297},{-4.959979057312012, -2.1628217697143555, 120.6409912109375},{0},{1},{0},{3}},{{2010.03845, 198.01825, 623.341003, 0.0312122311, -0.00618730066, 0.999493659, -0.0100902375, 0.999927938, 0.00650508748, -0.99946183, -0.0102881668, 0.0311475508},{-3.1850874423980713, 3.866281747817993, 122.5174331665039},{-2.603698968887329, -2.008338212966919, 121.93452453613281},{-3.9191601276397705, 3.891434669494629, 121.17884063720703},{-3.858372211456299, -1.7164970636367798, 121.8340835571289},{0},{1},{0},{3}},{{1994.76746, 198.033356, 622.965698, 0.0255099479, -0.00746618258, 0.999646664, 0.000971984467, 0.999971807, 0.00744380709, -0.999674082, 0.000781749957, 0.0255164858},{-3.2095160484313965, 2.905818223953247, 122.888916015625},{-2.851982831954956, -3.044675827026367, 123.02863311767578},{-3.090672016143799, 2.77128267288208, 122.801025390625},{-3.0823495388031006, -2.845073938369751, 122.94697570800781},{0},{1},{0},{3}},{{1983.50537, 198.044937, 622.69458, 0.0249069128, -0.00641373871, 0.999669194, 0.00331696123, 0.99997443, 0.00633305451, -0.999684274, 0.00315812719, 0.0249275509},{-3.2054808139801025, 2.543815851211548, 124.03425598144531},{-3.0531530380249023, -3.171647548675537, 123.91879272460938},{-3.1238608360290527, 2.4483726024627686, 123.9780044555664},{-3.0180108547210693, -3.1307742595672607, 123.86913299560547},{0},{1},{0},{3}},{{1972.15259, 198.028992, 622.408325, 0.0247900933, -0.00675957697, 0.99966985, -4.12660011e-05, 0.999977112, 0.00676267827, -0.999692678, -0.000208899815, 0.0247892477},{-3.1964666843414307, 3.0072309970855713, 124.97258758544922},{-3.117636203765869, -3.015124797821045, 124.92131805419922},{-3.120779275894165, 2.8989555835723877, 124.8909683227539},{-3.1052277088165283, -2.9339497089385986, 124.85018920898438},{0},{1},{0},{3}},{{1957.68518, 198.048401, 622.049072, 0.0247778278, -0.00709233852, 0.999667823, -0.000534397492, 0.999974608, 0.00710776076, -0.999692857, -0.000710334803, 0.0247734077},{-3.1245501041412354, 2.9084508419036865, 126.2244873046875},{-3.109041452407837, -2.819821834564209, 126.77442169189453},{-3.1749587059020996, 2.768873453140259, 126.26853942871094},{-3.3154146671295166, -2.6965723037719727, 126.07262420654297},{0},{1},{0},{3}},{{1945.51807, 198.026749, 621.744629, 0.0250240136, -0.00650453381, 0.999665678, 0.00045306739, 0.999978781, 0.0064952299, -0.999686718, 0.00029037919, 0.0250264294},{-3.1728615760803223, 3.028219223022461, 127.23008728027344},{-3.1634421348571777, -3.1196510791778564, 127.26693725585938},{-3.207648992538452, 2.962226390838623, 127.16471862792969},{-3.1710562705993652, -3.046781539916992, 127.20435333251953},{0},{1},{0},{3}},{{1933.86414, 198.031403, 621.460266, 0.0234623682, -0.00769594917, 0.999695122, -0.00192459894, 0.999968171, 0.00774322078, -0.999722898, -0.00210568635, 0.0234468095},{-2.2950282096862793, 3.485714912414551, 127.98457336425781},{-2.2318525314331055, -2.656299591064453, 128.5040740966797},{-3.177773952484131, 3.116858720779419, 127.90731048583984},{-3.171004056930542, -2.610741138458252, 129.13406372070312},{-1},{1},{0},{3}},{{1920.2439, 198.019226, 621.250977, 0.0141244372, -0.00643706368, 0.999879539, -0.0117139481, 0.99990958, 0.00660273014, -0.999831617, -0.0118057961, 0.0140477568},{-1.3936150074005127, 4.237279891967773, 129.32766723632812},{-1.29897940158844, -1.8116776943206787, 129.4839324951172},{-1.7776570320129395, 4.2074198722839355, 129.29022216796875},{-1.6915712356567383, -1.6530853509902954, 129.4322967529297},{0},{1},{0},{3}},{{1909.64563, 198.029922, 621.140564, 0.012103417, -0.00702384813, 0.99990207, 0.000737019756, 0.999975145, 0.00701544015, -0.999926507, 0.000652036804, 0.0121082924},{-1.3194524049758911, 3.122082233428955, 130.17613220214844},{-1.2747679948806763, -3.175675392150879, 130.30569458007812},{-1.4867092370986938, 3.0304574966430664, 130.10302734375},{-1.4645439386367798, -3.0187184810638428, 130.23130798339844},{0},{1},{0},{3}},{{1898.97986, 198.043167, 621.028748, 0.0113171637, -0.00709256483, 0.999910831, 0.00516721886, 0.999961913, 0.00703444378, -0.999922633, 0.00508714793, 0.011353381},{-1.4962221384048462, 2.5571627616882324, 131.13861083984375},{-1.5007688999176025, -3.6299779415130615, 131.0865020751953},{-1.5293662548065186, 2.4166550636291504, 131.07664489746094},{-1.435140609741211, -3.49949049949646, 131.04141235351562},{0},{1},{0},{3}},{{1888.89575, 198.029282, 620.906677, 0.0115152104, -0.00812985469, 0.999900639, 0.00162963173, 0.999965787, 0.00811161753, -0.999932349, 0.0015360628, 0.0115280654},{-1.6016955375671387, 3.0457444190979004, 131.49594116210938},{-1.5929923057556152, -3.4402992725372314, 131.501708984375},{-1.5870585441589355, 2.811656951904297, 131.43399047851562},{-1.563763976097107, -3.213008403778076, 131.45278930664062},{0},{1},{0},{4}},{{1876.23511, 198.032089, 620.751648, 0.0119774407, -0.00849696063, 0.999892175, -0.00141900487, 0.999962747, 0.00851455797, -0.999927282, -0.00152083451, 0.0119649377},{-1.585225224494934, 3.3663737773895264, 132.2440948486328},{-1.608915090560913, -3.071446418762207, 132.2450408935547},{-1.6127029657363892, 3.0697505474090576, 132.18341064453125},{-1.5635801553726196, -2.786682367324829, 132.1874542236328},{0},{1},{0},{4}},{{1865.41785, 198.036224, 620.623047, 0.0121123679, -0.00745936902, 0.999898791, -0.000556711748, 0.999971986, 0.00746665848, -0.999926507, -0.000647094334, 0.0121078752},{-1.5748430490493774, 3.2209062576293945, 132.86111450195312},{-1.588144063949585, -3.083649158477783, 132.86090087890625},{-1.6187183856964111, 3.0350992679595947, 132.7969207763672},{-1.5670455694198608, -2.9067022800445557, 132.80374145507812},{0},{1},{0},{4}},{{1853.90881, 198.038391, 620.487854, 0.0120795565, -0.00737375161, 0.999899864, 0.00218076305, 0.999970615, 0.00734792836, -0.99992466, 0.00209178473, 0.0120952819},{-1.5875078439712524, 2.946117401123047, 133.4959259033203},{-1.5671331882476807, -3.4025723934173584, 133.53057861328125},{-1.6477288007736206, 2.784090042114258, 133.44386291503906},{-1.5841091871261597, -3.2315375804901123, 133.4801025390625},{0},{1},{0},{4}},{{1841.05481, 198.03331, 620.330872, 0.0120051848, -0.00789515302, 0.999896765, 0.000712375098, 0.999968648, 0.00788716692, -0.9999277, 0.000617614656, 0.0120104318},{-1.6533217430114746, 3.171107292175293, 134.2339324951172},{-1.6420124769210815, -3.3356027603149414, 134.23312377929688},{-1.6483649015426636, 2.9435887336730957, 134.16995239257812},{-1.610779881477356, -3.1188483238220215, 134.17034912109375},{0},{1},{0},{4}},{{1830.72229, 198.035248, 620.203918, 0.0120617626, -0.00790338963, 0.999896049, -0.000226456759, 0.999968708, 0.00790669583, -0.999927223, -0.000321801897, 0.0120595954},{-1.6484373807907104, 3.26031756401062, 134.80978393554688},{-1.6485885381698608, -3.209862470626831, 134.8068084716797},{-1.6526753902435303, 3.027194023132324, 134.73521423339844},{-1.6054316759109497, -2.988906145095825, 134.7455596923828},{0},{1},{0},{4}},{{1817.09253, 198.030472, 620.039673, 0.0120960781, -0.00687140459, 0.999903202, -0.000274133112, 0.999976337, 0.00687522348, -0.999926805, -0.000357269833, 0.0120939082},{-1.659560203552246, 3.267531633377075, 135.56985473632812},{-1.587262511253357, -3.212580680847168, 135.58572387695312},{-1.6904054880142212, 3.1441433429718018, 135.52430725097656},{-1.6007031202316284, -3.089679718017578, 135.5385284423828},{0},{1},{0},{4}},{{1805.34949, 198.036163, 619.900391, 0.0120881042, -0.00766459433, 0.99989754, 0.000686327752, 0.999970436, 0.00765685597, -0.999926686, 0.000593700563, 0.0120930076},{-1.6359611749649048, 3.1760094165802, 136.31048583984375},{-1.6343424320220947, -3.26527738571167, 136.87918090820312},{-1.6844351291656494, 2.978391408920288, 136.21519470214844},{-1.8577715158462524, -3.14475154876709, 136.11341857910156},{0},{1},{0},{4}},{{1794.20593, 198.026382, 619.763489, 0.0122578703, -0.00779120624, 0.9998945, 0.00023957064, 0.999969661, 0.00778885465, -0.999924839, 0.000144070611, 0.0122593641},{-1.674332618713379, 3.347440481185913, 136.84556579589844},{-1.6820931434631348, -3.394514322280884, 136.85369873046875},{-1.7051018476486206, 3.1268742084503174, 136.79026794433594},{-1.657536506652832, -3.18341326713562, 136.80276489257812},{0},{1},{0},{4}},{{1779.05066, 198.03508, 619.577698, 0.0122115156, -0.00794843864, 0.999893844, 4.05502906e-05, 0.99996841, 0.00794853643, -0.999925435, -5.65176924e-05, 0.0122114522},{-1.676053762435913,