return {{{2458.84131, 197.990738, 604.597107, -0.170540586, -0.00881897472, 0.98531121, -0.000738482107, 0.99996084, 0.00882227626, -0.98535037, 0.000776921574, -0.170540422},{0.3595774173736572, 0.04528883472084999, 1.9851720333099365},{0.34466031193733215, -0.045903488993644714, 1.9852087497711182},{0.33322274684906006, 0.04544680193066597, 1.9114810228347778},{0.3494178354740143, -0.04321155324578285, 1.9116400480270386},{0},{1},{0}},{{2458.677, 197.991302, 604.62616, -0.170541063, -0.0085004596, 0.985313892, -0.000348678324, 0.999963224, 0.00856649131, -0.98535049, 0.00111738092, -0.170537755},{0.527967631816864, 0.07187572121620178, 3.0422163009643555},{0.5311817526817322, -0.0718904361128807, 3.045494556427002},{0.5127338767051697, 0.07046735286712646, 2.9550833702087402},{0.51395583152771, -0.0663229376077652, 2.9679906368255615},{0},{1},{0}},{{2458.46094, 197.990921, 604.663513, -0.17052193, -0.00886825379, 0.985313952, -0.00042474299, 0.999960065, 0.00892656762, -0.985353768, 0.00110367034, -0.17051889},{0.6960098147392273, 0.09732826799154282, 4.0346503257751465},{0.6976993680000305, -0.09549494832754135, 4.035268306732178},{0.6807833909988403, 0.09289222210645676, 3.9391379356384277},{0.6810972094535828, -0.08838210254907608, 3.9526703357696533},{0},{1},{0}},{{2458.13477, 197.990952, 604.719971, -0.170540199, -0.00894118473, 0.985310137, -0.000475166074, 0.999959469, 0.00899187662, -0.985350609, 0.00106529042, -0.170537531},{0.9056448340415955, 0.12713372707366943, 5.218352794647217},{0.9026906490325928, -0.12358351796865463, 5.219946384429932},{0.882997989654541, 0.12074223160743713, 5.111391067504883},{0.8892304301261902, -0.11425691097974777, 5.128209590911865},{0},{1},{0}},{{2457.75439, 197.990707, 604.786072, -0.17054671, -0.0088897245, 0.985309482, -0.000454221445, 0.999959886, 0.00894328393, -0.985349476, 0.00107769889, -0.170543909},{1.1020188331604004, 0.1554459184408188, 6.360098361968994},{1.1016072034835815, -0.15139080584049225, 6.361942768096924},{1.0777199268341064, 0.14754444360733032, 6.241236686706543},{1.0862386226654053, -0.13987302780151367, 6.261530876159668},{0},{1},{0}},{{2457.26172, 197.990356, 604.871582, -0.170552775, -0.0088214241, 0.985309064, -0.000431896799, 0.999960482, 0.00887783803, -0.985348463, 0.00108858815, -0.170549855},{1.3230990171432495, 0.1869249790906906, 7.63064432144165},{1.3211058378219604, -0.18183444440364838, 7.63275146484375},{1.295163631439209, 0.17762550711631775, 7.497888565063477},{1.3048994541168213, -0.16865459084510803, 7.522433280944824},{0},{1},{0}},{{2456.59204, 197.990341, 604.987671, -0.170556664, -0.0086752018, 0.98530966, -0.00045194893, 0.999961853, 0.00872597471, -0.985347748, 0.00104296359, -0.170554087},{1.5823047161102295, 0.22398844361305237, 9.144177436828613},{1.5801506042480469, -0.21758931875228882, 9.142556190490723},{1.553449273109436, 0.213292196393013, 8.993618965148926},{1.5632861852645874, -0.20325741171836853, 9.020941734313965},{0},{1},{0}},{{2455.94946, 197.990295, 605.099121, -0.170565099, -0.00863957405, 0.985308528, -0.000498666952, 0.999962211, 0.00868173968, -0.985346258, 0.000989460968, -0.170562953},{1.8038585186004639, 0.2557063102722168, 10.41995620727539},{1.8022027015686035, -0.24745741486549377, 10.419205665588379},{1.771985411643982, 0.2441146969795227, 10.255760192871094},{1.7830983400344849, -0.23141169548034668, 10.288159370422363},{0},{1},{0}},{{2454.88184, 197.992126, 605.284058, -0.170575559, -0.00849509705, 0.985307992, -0.00057636475, 0.999963522, 0.0085216742, -0.98534441, 0.000885692483, -0.170574233},{2.128791332244873, 0.303792268037796, 12.291157722473145},{2.1261484622955322, -0.29234039783477783, 12.293124198913574},{2.0938949584960938, 0.28949180245399475, 12.121147155761719},{2.107767105102539, -0.27263617515563965, 12.160649299621582},{0},{1},{0}},{{2454.09058, 197.996597, 605.421021, -0.170575812, -0.0080913296, 0.985311329, -0.000613770389, 0.999966979, 0.0081054261, -0.98534435, 0.000777834735, -0.170575142},{2.3429136276245117, 0.33604925870895386, 13.50552749633789},{2.3336050510406494, -0.3225213885307312, 13.50830364227295},{2.306840181350708, 0.3194584548473358, 13.360309600830078},{2.32532000541687, -0.3001202940940857, 13.403282165527344},{0},{1},{0}},{{2453.22168, 198.001419, 605.571472, -0.170588255, -0.00737007102, 0.985314846, -0.000625369721, 0.999972641, 0.00737143913, -0.985342205, 0.000641294988, -0.170588195},{2.5646157264709473, 0.3655456602573395, 14.76468276977539},{2.550388813018799, -0.35086217522621155, 14.769689559936523},{2.5286664962768555, 0.351602703332901, 14.639958381652832},{2.5490305423736572, -0.3303016126155853, 14.68630599975586},{0},{1},{0}},{{2452.11938, 198.007553, 605.762451, -0.170585677, -0.0066672354, 0.98532027, -0.000562939211, 0.999977589, 0.00666895509, -0.985342681, 0.000582952751, -0.170585603},{2.8184258937835693, 0.39633360505104065, 16.228618621826172},{2.8083934783935547, -0.3814508616924286, 16.232891082763672},{2.791076898574829, 0.38636672496795654, 16.126216888427734},{2.8014116287231445, -0.3683081269264221, 16.150602340698242},{0},{1},{0}},{{2450.48022, 198.013306, 606.046814, -0.170589089, -0.00630300213, 0.985322118, -0.000242777198, 0.999979794, 0.00635473384, -0.985342205, 0.000844834547, -0.170587182},{3.167332649230957, 0.4401540160179138, 18.26611328125},{3.164135217666626, -0.43234115839004517, 18.26523208618164},{3.1488406658172607, 0.42907941341400146, 18.1834659576416},{3.154961109161377, -0.4225177466869354, 18.18151092529297},{0},{1},{0}},{{2449.12158, 198.018097, 606.282593, -0.1705852, -0.00672958512, 0.985319972, 3.28714414e-05, 0.999976635, 0.00683537917, -0.98534292, 0.00119840342, -0.170580983},{3.4269654750823975, 0.47471949458122253, 19.769319534301758},{3.4249377250671387, -0.4747050106525421, 19.765491485595703},{3.4158990383148193, 0.4653366506099701, 19.607322692871094},{3.3791327476501465, -0.4725564420223236, 19.573715209960938},{0},{1},{0}},{{2447.75122, 198.024353, 606.520264, -0.170602068, -0.00739845959, 0.985312223, 0.000330702489, 0.99997133, 0.00756579032, -0.98533994, 0.00161658472, -0.170594722},{3.6904501914978027, 0.5047763586044312, 21.28438949584961},{3.6845061779022217, -0.5149410963058472, 21.28388786315918},{3.6606223583221436, 0.4815134108066559, 21.133668899536133},{3.6575803756713867, -0.4983856678009033, 21.09697723388672},{0},{1},{0}},{{2445.61426, 198.02507, 606.890747, -0.170603305, -0.00656736875, 0.985317886, 0.00046911565, 0.999977112, 0.00674630096, -0.985339701, 0.00161316933, -0.170596331},{4.069122314453125, 0.5514172911643982, 23.48565673828125},{4.06370735168457, -0.5680999159812927, 23.48808479309082},{4.033517360687256, 0.5377494692802429, 23.349016189575195},{4.044920444488525, -0.5616472363471985, 23.307815551757812},{0},{1},{0}},{{2444.11108, 198.02565, 607.151062, -0.170600131, -0.00633834535, 0.985319972, 0.000439323689, 0.999978721, 0.00650870707, -0.985340238, 0.00154326076, -0.170593724},{4.315844535827637, 0.5850280523300171, 24.916322708129883},{4.312054634094238, -0.6015369892120361, 24.918519973754883},{4.286625862121582, 0.5742213726043701, 24.78449821472168},{4.287024021148682, -0.5982592701911926, 24.744287490844727},{0},{1},{0}},{{2442.00854, 198.027084, 607.515503, -0.170604244, -0.00633078674, 0.985319316, 0.000414363982, 0.999978781, 0.00649672141, -0.985339522, 0.00151664903, -0.170598},{4.64709997177124, 0.6302183270454407, 26.829875946044922},{4.6426286697387695, -0.6472686529159546, 26.828842163085938},{4.619547367095947, 0.6172231435775757, 26.703569412231445},{4.619981288909912, -0.6423984169960022, 26.65867805480957},{0},{1},{0}},{{2440.02173, 198.028244, 607.859863, -0.170613468, -0.00621913048, 0.985318422, 0.000411959016, 0.999979556, 0.0063830018, -0.985337973, 0.00149493688, -0.170607418},{4.949490070343018, 0.6699634194374084, 28.567546844482422},{4.94304084777832, -0.6880191564559937, 28.56747055053711},{4.919854164123535, 0.6574704647064209, 28.444116592407227},{4.922652244567871, -0.6839055418968201, 28.397933959960938},{0},{1},{0}},{{2437.90869, 198.029175, 608.226074, -0.170612261, -0.00607416499, 0.985319495, 0.000381201215, 0.999980509, 0.00623055175, -0.985338151, 0.00143861352, -0.170606628},{5.251797199249268, 0.7101665735244751, 30.319255828857422},{5.245625019073486, -0.7277808785438538, 30.318872451782227},{5.223399639129639, 0.6992377042770386, 30.201641082763672},{5.225857734680176, -0.7261415123939514, 30.15184211730957},{0},{1},{0}},{{2434.57617, 198.030136, 608.803528, -0.170619488, -0.00585011672, 0.985319614, 0.000342492829, 0.99998194, 0.00599647779, -0.985336959, 0.00136058091, -0.170614406},{5.712067604064941, 0.7709986567497253, 32.969757080078125},{5.705406188964844, -0.7879815101623535, 32.96990966796875},{5.683368682861328, 0.7640977501869202, 32.8551139831543},{5.685824394226074, -0.7907291650772095, 32.803768157958984},{0},{1},{0}},{{2431.30078, 198.030975, 609.371155, -0.170621946, -0.00573035842, 0.985319912, 0.00034133895, 0.999982715, 0.00587474043, -0.985336483, 0.00133868773, -0.170617029},{6.1355791091918945, 0.827042818069458, 35.420875549316406},{6.129856586456299, -0.8450868129730225, 35.419673919677734},{6.109685897827148, 0.8219264149665833, 35.31050109863281},{6.110162258148193, -0.8507644534111023, 35.25472640991211},{0},{1},{0}},{{2428.14966, 198.031494, 609.917236, -0.170630291, -0.00563868042, 0.985319018, 0.000349038892, 0.999983191, 0.00578304334, -0.985335052, 0.00133067695, -0.170625448},{6.525646686553955, 0.8782536387443542, 37.66891860961914},{6.518848419189453, -0.8980220556259155, 37.66749572753906},{6.4986491203308105, 0.8748683333396912, 37.56087875366211},{6.500724792480469, -0.9058959484100342, 37.50142288208008},{0},{1},{0}},{{2425.56152, 198.031982, 610.36554, -0.170643449, -0.00545504224, 0.985317767, 0.000361898972, 0.999984264, 0.00559891667, -0.985332787, 0.00131200394, -0.170638785},{6.840739727020264, 0.9178851246833801, 39.477073669433594},{6.83159875869751, -0.9388362169265747, 39.476104736328125},{6.810966968536377, 0.9191850423812866, 39.36913299560547},{6.814874172210693, -0.9524174332618713, 39.30747985839844},{0},{1},{0}},{{2422.25488, 198.032486, 610.938538, -0.170643747, -0.00529075041, 0.985318601, 0.000344660977, 0.999985218, 0.00542919431, -0.985332727, 0.001266059, -0.170639411},{7.225428104400635, 0.9670407772064209, 41.69816207885742},{7.216867446899414, -0.9885552525520325, 41.697967529296875},{7.196688652038574, 0.974141001701355, 41.590904235839844},{7.197978496551514, -1.0078688859939575, 41.52771759033203},{0},{1},{0}},{{2418.12842, 198.03302, 611.653564, -0.170660838, -0.00514703104, 0.985316396, 0.00032404915, 0.999985993, 0.00527978782, -0.985329807, 0.00122034387, -0.170656785},{7.692570686340332, 1.0274544954299927, 44.38710403442383},{7.683660507202148, -1.0491251945495605, 44.39046859741211},{7.662201881408691, 1.0404309034347534, 44.278472900390625},{7.664445400238037, -1.074172019958496, 44.21363830566406},{0},{1},{0}},{{2414.19043, 198.033432, 612.335938, -0.170668557, -0.00498536602, 0.985315859, 0.000337462261, 0.999986827, 0.00511804828, -0.985328436, 0.00120599684, -0.170664638},{8.124669075012207, 1.0820430517196655, 46.87626266479492},{8.114105224609375, -1.1055405139923096, 46.87657165527344},{8.092985153198242, 1.101352334022522, 46.76262664794922},{8.095701217651367, -1.1379010677337646, 46.69649124145508},{0},{1},{0}},{{2410.03491, 198.031464, 613.055054, -0.17070201, -0.00426177261, 0.985313475, -0.000185247452, 0.999990761, 0.00429316284, -0.985322654, 0.000550324679, -0.170701221},{8.5634765625, 1.1528359651565552, 49.4181022644043},{8.549304008483887, -1.140407681465149, 49.389156341552734},{8.531533241271973, 1.2055035829544067, 49.29769515991211},{8.549856185913086, -1.1921937465667725, 49.30134582519531},{0},{1},{0}},{{2406.896, 198.031784, 613.599182, -0.170721844, -0.00433520321, 0.98530972, -9.48896923e-05, 0.999990404, 0.00438335445, -0.985319257, 0.00065483863, -0.170720607},{8.88840389251709, 1.194263219833374, 51.278194427490234},{8.875222206115723, -1.185553789138794, 51.26276397705078},{8.862595558166504, 1.2465580701828003, 51.15379333496094},{8.86932373046875, -1.2398319244384766, 51.157127380371094},{0},{1},{0}},{{2403.64087, 198.032639, 614.163208, -0.170702934, -0.00450248644, 0.985312283, 5.01541581e-06, 0.999989569, 0.00457042502, -0.985322535, 0.000785126642, -0.170701131},{9.213262557983398, 1.234681248664856, 53.145423889160156},{9.202110290527344, -1.233130931854248, 53.1491584777832},{9.181096076965332, 1.2817493677139282, 53.020931243896484},{9.192937850952148, -1.2822763919830322, 53.028873443603516},{0},{1},{0}},{{2399.7334, 198.033279, 614.840149, -0.170725346, -0.00433023414, 0.985309124, 4.15468021e-05, 0.999990284, 0.00440195343, -0.985318661, 0.000792461506, -0.170723513},{9.612493515014648, 1.2811181545257568, 55.41691589355469},{9.615157127380371, -1.2879457473754883, 55.60163116455078},{9.570454597473145, 1.33737051486969, 55.28443145751953},{9.588155746459961, -1.3402297496795654, 55.295074462890625},{0},{1},{0}},{{2394.82886, 198.033813, 615.690063, -0.170742065, -0.0040983283, 0.985307217, 3.07980881e-05, 0.999991298, 0.00416474277, -0.98531574, 0.000741442374, -0.170740455},{10.089070320129395, 1.3377411365509033, 58.149662017822266},{10.110639572143555, -1.348085641860962, 58.50973129272461},{10.044708251953125, 1.4099642038345337, 58.01430892944336},{10.061137199401855, -1.410154104232788, 58.03406524658203},{0},{1},{0}},{{2390.85229, 198.034027, 616.379761, -0.170767635, -0.00413280213, 0.985302687, 4.12313493e-05, 0.999991179, 0.00420155842, -0.985311329, 0.000758115551, -0.170765951},{10.446589469909668, 1.3872880935668945, 60.28491973876953},{10.431272506713867, -1.3881072998046875, 60.27577590942383},{10.417943000793457, 1.4574034214019775, 60.13956069946289},{10.431111335754395, -1.4648330211639404, 60.14447021484375},{0},{1},{0}},{{2386.73193, 198.034027, 617.093811, -0.170755193, -0.00422470691, 0.985304415, 3.76803546e-05, 0.999990761, 0.00429420779, -0.985313475, 0.000770384911, -0.170753449},{10.81497859954834, 1.4381656646728516, 62.375919342041016},{10.803722381591797, -1.439496397972107, 62.38108444213867},{10.778569221496582, 1.5089985132217407, 62.232173919677734},{10.793115615844727, -1.512581467628479, 62.24430847167969},{0},{1},{0}},{{2382.80371, 198.036148, 617.7724, -0.170312434, -0.00573427323, 0.985373437, 0.000517536653, 0.999982417, 0.00590873975, -0.985389948, 0.00151629874, -0.170306474},{10.59938907623291, 1.2707054615020752, 63.191200256347656},{10.728968620300293, -1.7203978300094604, 63.04435348510742},{10.97135066986084, 1.4459285736083984, 63.10190963745117},{10.887016296386719, -1.5329350233078003, 62.99977111816406},{1},{0},{0}},{{2377.05737, 198.036697, 618.743286, -0.167647302, -0.0122213336, 0.985771298, 0.0021853745, 0.999916077, 0.012768358, -0.985844612, 0.00429486018, -0.167606533},{10.50432300567627, 1.5448548793792725, 63.0760383605957},{10.61874008178711, -1.741929054260254, 63.01748275756836},{10.684170722961426, 1.1758919954299927, 63.02066421508789},{10.692059516906738, -1.425690770149231, 62.97625732421875},{0},{0},{0}},{{2373.1272, 198.028229, 619.403564, -0.166868418, -0.0124775534, 0.985900223, 0.000571644865, 0.99991852, 0.0127517236, -0.985979021, 0.00269144471, -0.166847691},{10.51560115814209, 1.6545566320419312, 63.03815460205078},{10.559094429016113, -1.6993416547775269, 62.95089340209961},{10.610651016235352, 1.273891568183899, 62.99607467651367},{10.662959098815918, -1.3732730150222778, 62.905426025390625},{0},{0},{0}},{{2367.69531, 198.031967, 620.311279, -0.165508196, -0.0102998288, 0.986154616, 0.000511991151, 0.999944448, 0.0105297836, -0.98620826, 0.0022476681, -0.165493727},{9.977293014526367, 1.290329098701477, 63.10352325439453},{9.853519439697266, -1.9912939071655273, 62.793609619140625},{10.632037162780762, 1.2939459085464478, 62.96367645263672},{10.606154441833496, -1.4412472248077393, 62.636722564697266},{1},{0},{0}},{{2362.58325, 198.059021, 621.080444, -0.152003422, -0.00803993642, 0.988347292, 0.0142710237, 0.999844849, 0.0103282854, -0.988276958, 0.0156746618, -0.151865095},{7.351142406463623, 0.1732676923274994, 63.91558074951172},{6.577816486358643, -3.0853025913238525, 62.38045883178711},{10.042576789855957, 0.38322213292121887, 63.48419189453125},{9.818184852600098, -2.2773733139038086, 61.95659255981445},{1},{0},{0}},{{2358.68335, 198.074371, 621.540222, -0.131760463, -0.00767670386, 0.991251886, 0.024977738, 0.999626815, 0.0110616861, -0.990966856, 0.026216723, -0.131519541},{3.988985061645508, -0.5340001583099365, 64.28413391113281},{2.2000701427459717, -4.020227432250977, 63.306644439697266},{8.653093338012695, -0.3104744553565979, 63.760746002197266},{8.405705451965332, -2.903653860092163, 61.714962005615234},{1},{0},{0}},{{2354.77246, 198.059235, 621.889282, -0.110513963, -0.0090132365, 0.993833721, 0.0203856844, 0.999727964, 0.0113335736, -0.993665457, 0.0215124972, -0.110300153},{2.090404748916626, 0.9505211114883423, 65.48202514648438},{0.24338875710964203, -2.7596964836120605, 66.4216079711914},{7.063962936401367, -0.08952012658119202, 64.36421203613281},{6.957240104675293, -2.749523401260376, 62.432987213134766},{0},{1},{0}},{{2349.55103, 198.034241, 622.21228, -0.0813684613, -0.00661515351, 0.99666214, 0.00977281854, 0.9999246, 0.00743466988, -0.996636152, 0.0103451461, -0.0812976807},{2.3696982860565186, 1.4006578922271729, 66.37635040283203},{1.0909332036972046, -2.3997297286987305, 68.05362701416016},{5.320573329925537, 0.6548662781715393, 66.0107650756836},{5.221594333648682, -2.413949728012085, 64.18345642089844},{0},{1},{0}},{{2344.49927, 198.018021, 622.479858, -0.0670822635, -0.0074447724, 0.997719646, -0.00610643253, 0.999956489, 0.00705089374, -0.997728765, -0.00561951799, -0.0671248063},{3.2275407314300537, 2.0191519260406494, 67.1144790649414},{2.233708381652832, -1.616365909576416, 68.83433532714844},{4.371906280517578, 1.7204151153564453, 66.93512725830078},{4.320258140563965, -1.3965692520141602, 66.33702087402344},{0},{1},{0}},{{2340.62866, 198.018539, 622.696838, -0.0622727238, -0.00843696948, 0.99802351, -0.010497774, 0.999914467, 0.00779793551, -0.99800396, -0.00999142602, -0.0623559691},{3.6029555797576904, 2.2650389671325684, 68.08405303955078},{3.036123037338257, -0.8214896321296692, 68.4053726196289},{4.273561954498291, 2.009608507156372, 67.96105194091797},{4.257315158843994, -1.0538173913955688, 67.55853271484375},{0},{1},{0}},{{2335.03833, 198.030823, 623.003601, -0.0557818785, -0.00700793648, 0.998418391, 0.000193511121, 0.999975264, 0.00702967588, -0.998442948, 0.000585333561, -0.0557791404},{3.9865832328796387, 1.7169110774993896, 69.62171173095703},{3.3293864727020264, -1.562029480934143, 69.23181915283203},{4.029263019561768, 1.5457837581634521, 69.51995849609375},{4.052298545837402, -1.638708472251892, 69.09929656982422},{0},{1},{0}},{{2328.97803, 198.036499, 623.322388, -0.053153988, -0.00668092491, 0.998564005, 0.00467562024, 0.999965012, 0.00693918392, -0.998575389, 0.00503775105, -0.0531208888},{3.9006359577178955, 1.4311391115188599, 71.04732513427734},{3.4513022899627686, -1.9488316774368286, 70.99948120117188},{3.740403890609741, 1.3642029762268066, 70.96273803710938},{3.751983404159546, -1.9213275909423828, 70.91465759277344},{0},{1},{0}},{{2323.12012, 198.033997, 623.624207, -0.0525741056, -0.00703816721, 0.998592198, 0.000684648054, 0.999974668, 0.00708395615, -0.998616815, 0.00105611689, -0.0525679551},{3.9334466457366943, 1.6776597499847412, 72.65861511230469},{3.593167543411255, -1.7614567279815674, 72.58256530761719},{3.7809414863586426, 1.591400384902954, 72.56307220458984},{3.7977805137634277, -1.720995306968689, 72.47782897949219},{0},{1},{0}},{{2317.13306, 198.033386, 623.928528, -0.0514666103, -0.00688980473, 0.998650968, -0.000264751085, 0.999976277, 0.00688530412, -0.998674691, 8.99693405e-05, -0.0514672138},{3.992060661315918, 1.7639625072479248, 74.21089935302734},{3.7476425170898438, -1.7370972633361816, 74.18891906738281},{3.805608034133911, 1.7004228830337524, 74.12496185302734},{3.8302478790283203, -1.6870405673980713, 74.08116149902344},{0},{1},{0}},{{2312.4668, 198.032913, 624.168762, -0.05143594, -0.00690107374, 0.998652458, -0.000186314865, 0.999976158, 0.00690062484, -0.9986763, 0.00016887633, -0.0514359996},{4.034979343414307, 1.7971148490905762, 75.4052963256836},{3.8446359634399414, -1.7742048501968384, 75.39877319335938},{3.8734679222106934, 1.7330925464630127, 75.322021484375},{3.896850347518921, -1.7162766456604004, 75.29398345947266},{0},{1},{0}},{{2307.35767, 198.033234, 624.430786, -0.0512113906, -0.00693792524, 0.998663723, 0.000154519759, 0.999975801, 0.00695496378, -0.998687804, 0.000510486658, -0.051209081},{3.784181833267212, 1.594348669052124, 76.72683715820312},{3.5118699073791504, -2.091609239578247, 76.68421173095703},{3.924365282058716, 1.7370773553848267, 76.63097381591797},{3.947117805480957, -1.771935224533081, 76.5739974975586},{1},{1},{0}},{{2300.29321, 198.049377, 624.741577, -0.0437050201, -0.00651280582, 0.999023259, 0.00867200084, 0.999938607, 0.00689815404, -0.999006867, 0.00896501448, -0.043645855},{1.7165088653564453, 1.1799286603927612, 79.22418212890625},{0.5846001505851746, -2.52644681930542, 87.73377227783203},{3.911569356918335, 1.1426568031311035, 78.65825653076172},{3.6522250175476074, -2.4229421615600586, 77.8974609375},{0},{1},{0}},{{2295.37476, 198.053223, 624.868652, -0.0313694291, -0.00580528565, 0.999490976, 0.0158855151, 0.999853909, 0.00630596699, -0.999381602, 0.0160752442, -0.0312726274},{1.1173622608184814, 1.054337739944458, 80.28215026855469},{0.22504128515720367, -2.662344217300415, 88.69890594482422},{2.583406925201416, 0.6548671722412109, 80.19144439697266},{2.625596761703491, -3.0342721939086914, 79.19192504882812},{0},{1},{0}},{{2288.80957, 198.027847, 624.984314, -0.0236304756, -0.00650781067, 0.999699593, 0.00458749756, 0.999967575, 0.00661799219, -0.999710262, 0.00474250549, -0.0235998556},{1.3911315202713013, 1.682206392288208, 81.54894256591797},{0.8826572895050049, -2.2661633491516113, 81.216552734375},{1.742387056350708, 1.5289198160171509, 81.43624877929688},{1.7709122896194458, -2.3514599800109863, 81.14207458496094},{0},{1},{0}},{{2281.71509, 198.020264, 625.097412, -0.0188371725, -0.00766004203, 0.999793231, -0.00400115876, 0.999963224, 0.00758595858, -0.99981457, -0.00385743356, -0.0188671276},{1.674933671951294, 2.303659200668335, 83.17639923095703},{1.1809875965118408, -1.7454614639282227, 82.8949966430664},{1.573813796043396, 2.1282777786254883, 83.07738494873047},{1.5704599618911743, -1.7167714834213257, 82.80652618408203},{0},{1},{0}},{{2274.47144, 198.032013, 625.224854, -0.017865872, -0.00691937469, 0.999816477, -0.00245363219, 0.999973357, 0.00687661627, -0.999837399, -0.00233032508, -0.0178823732},{1.724851131439209, 2.1664555072784424, 84.69682312011719},{1.4127178192138672, -1.8098403215408325, 84.67166137695312},{1.542669415473938, 2.091226100921631, 84.61189270019531},{1.5720442533493042, -1.7526776790618896, 84.55860900878906},{0},{1},{0}},{{2267.08716, 198.036484, 625.358826, -0.0176414177, -0.00652550114, 0.999823093, 0.000862847955, 0.999978244, 0.00654173829, -0.999844015, 0.000978100812, -0.0176354032},{1.6762396097183228, 1.9667165279388428, 86.26165771484375},{1.4696013927459717, -2.0701136589050293, 86.28688049316406},{1.5153712034225464, 1.9208177328109741, 86.17120361328125},{1.5456264019012451, -2.028364658355713, 86.17118072509766},{0},{1},{0}},{{2259.13745, 198.027008, 625.512512, -0.0206500851, -0.00677955849, 0.999763787, -0.00500888517, 0.999965131, 0.00667746551, -0.999774218, -0.0048698117, -0.020683324},{2.58016300201416, 2.724238395690918, 87.75775146484375},{2.4428675174713135, -1.4673717021942139, 88.13455200195312},{1.6463662385940552, 2.382723569869995, 87.67359161376953},{1.7226848602294922, -1.6239874362945557, 88.08406066894531},{-1},{1},{0}},{{2253.17798, 198.012482, 625.677551, -0.0262974594, -0.00696089864, 0.999629915, -0.00942584407, 0.999933004, 0.00671504159, -0.999609709, -0.00924576726, -0.0263613109},{3.023399829864502, 2.752931594848633, 88.95719146728516},{2.877967357635498, -1.5430859327316284, 89.352783203125},{2.308702230453491, 2.825596332550049, 88.87872314453125},{2.345677137374878, -1.3539797067642212, 89.29301452636719},{0},{1},{0}},{{2244.96924, 198.031754, 625.930786, -0.0286413971, -0.00729331048, 0.999563158, -0.000253167964, 0.999973416, 0.00728904968, -0.999589741, -4.42888086e-05, -0.0286424812},{3.6993627548217773, 2.196566343307495, 99.3863754272461},{2.7919235229492188, -2.153765916824341, 90.7893295288086},{2.6766605377197266, 2.1376965045928955, 90.60877990722656},{2.692713737487793, -2.0052762031555176, 90.71150970458984},{0},{1},{0}},{{2236.62598, 198.042068, 626.182556, -0.029534189, -0.0071757189, 0.999538004, 0.00555232307, 0.999957621, 0.00734279025, -0.999548376, 0.00576662133, -0.0294930954},{2.878401517868042, 1.7361102104187012, 91.55989837646484},{2.826866388320923, -2.6163251399993896, 91.75325775146484},{2.620368480682373, 1.6940052509307861, 91.55866241455078},{2.6448731422424316, -2.4634883403778076, 91.75939178466797},{0},{0},{0}},{{2229.15845, 198.033997, 626.37793, -0.0262366589, -0.0116818622, 0.999587476, 0.00485136034, 0.999918461, 0.011813066, -0.999643981, 0.0051592947, -0.0261778478},{1.201132893562317, 1.619474172592163, 91.80426788330078},{0.668057382106781, -3.1966183185577393, 91.173095703125},{2.505059242248535, 1.5078463554382324, 91.75660705566406},{2.4973177909851074, -2.391906261444092, 91.1495361328125},{1},{0},{0}},{{2223.47021, 198.054504, 626.451294, -0.0154779339, -0.0125210993, 0.999801815, 0.0140912859, 0.999819577, 0.0127394684, -0.999780893, 0.0142856734, -0.0152987028},{-0.7879014015197754, 1.0766854286193848, 92.51519775390625},{-1.2273558378219604, -3.4276435375213623, 91.84469604492188},{1.8462615013122559, 0.7217568159103394, 91.77220153808594},{1.6271944046020508, -3.0229744911193848, 90.7900619506836},{0},{0},{0}},{{2217.35913, 198.057114, 626.420044, 0.000107076048, -0.0110916011, 0.999938488, 0.0202197842, 0.999734104, 0.0110871689, -0.999795556, 0.0202173535, 0.000331317366},{-1.7571263313293457, 1.0460129976272583, 91.8967056274414},{-2.144455671310425, -3.58363938331604, 90.525634765625},{0.043033454567193985, 0.24242191016674042, 91.90264129638672},{0.14711622893810272, -3.643378257751465, 90.52546691894531},{0},{0},{0}},{{2211.68433, 198.043411, 626.335815, 0.00836267229, -0.0108618988, 0.999906063, 0.0118091954, 0.999872327, 0.0107627669, -0.999895275, 0.0117180794, 0.00848987512},{-1.4739930629730225, 1.4430702924728394, 91.19020080566406},{-1.7296079397201538, -3.1938703060150146, 90.96355438232422},{-1.0318989753723145, 0.9999915361404419, 91.17488861083984},{-0.96791011095047, -2.953948974609375, 90.9841079711914},{0},{0},{0}},{{2203.39502, 198.016464, 626.201477, 0.0126472097, -0.0111769978, 0.999857545, -0.00643079402, 0.999915957, 0.0112589942, -0.999899328, -0.00657227309, 0.0125742694},{-1.3290519714355469, 2.7645609378814697, 91.70513916015625},{-1.6288306713104248, -1.8675432205200195, 90.67048645019531},{-1.1617015600204468, 2.3394615650177, 91.01872253417969},{-1.1367979049682617, -1.5835322141647339, 90.66091918945312},{0},{0},{0}},{{2197.28345, 198.031479, 626.105652, 0.0148277944, -0.0100428183, 0.999839604, -0.0047802492, 0.999937415, 0.0101146931, -0.999878645, -0.00492946105, 0.014778859},{-1.1275824308395386, 2.5503742694854736, 91.29989624023438},{-1.3825275897979736, -1.8772437572479248, 91.48954772949219},{-1.4361677169799805, 2.2754669189453125, 91.24015045166016},{-1.2938369512557983, -1.5342246294021606, 91.4357681274414},{0},{1},{0}},{{2190.6731, 198.021301, 626.017151, 0.0145331295, -0.00717254076, 0.999868691, -0.00113735266, 0.999973536, 0.00718982425, -0.999893725, -0.00124169397, 0.0145245874},{-1.1377365589141846, 2.370784282684326, 92.25808715820312},{-1.409622073173523, -2.154808759689331, 92.20841979980469},{-1.2960323095321655, 2.2614991664886475, 92.19467163085938},{-1.2388416528701782, -2.0672292709350586, 92.14947509765625},{0},{1},{0}},{{2184.896, 198.030243, 625.937561, 0.0144135226, -0.0076791225, 0.999866605, 0.00159680692, 0.999969423, 0.00765689323, -0.999894857, 0.00148623111, 0.0144253438},{-1.206621527671814, 2.1544392108917236, 92.89808654785156},{-1.4286137819290161, -2.371441602706909, 92.95864868164062},{-1.3276996612548828, 2.0384459495544434, 92.82720947265625},{-1.3376284837722778, -2.2432894706726074, 92.89347076416016},{0},{1},{0}},{{2176.37842, 198.052338, 625.801086, 0.017560916, -0.00867274124, 0.999808192, 0.00671422202, 0.999940872, 0.00855596177, -0.999823272, 0.00656268327, 0.0176181067},{-1.7923928499221802, 1.734308123588562, 100.83521270751953},{-3.1605417728424072, -2.7269206047058105, 99.568115234375},{-1.5477044582366943, 1.419905424118042, 94.54629516601562},{-1.4282548427581787, -2.5782411098480225, 93.53663635253906},{0},{1},{0}},{{2168.21924, 198.038162, 625.612427, 0.0221264679, -0.00728825806, 0.99972862, 0.00759825017, 0.99994576, 0.00712167285, -0.999726295, 0.00743861077, 0.0221806467},{-2.439438581466675, 1.7245017290115356, 95.1153564453125},{-2.5496647357940674, -2.854196310043335, 94.89966583251953},{-2.2187390327453613, 1.558739185333252, 95.06802368164062},{-2.1009068489074707, -2.8267533779144287, 94.86788177490234},{0},{1},{0}},{{2162.72925, 198.018051, 625.471069, 0.0233560205, -0.00786105543, 0.999696314, 0.00140667043, 0.99996835, 0.00783033017, -0.999726236, 0.00122335786, 0.0233663395},{-2.4771058559417725, 2.3030760288238525, 95.69198608398438},{-2.528895378112793, -2.5514931678771973, 95.61031341552734},{-2.337620496749878, 2.1151413917541504, 95.65099334716797},{-2.323854684829712, -2.443129539489746, 95.55514526367188},{0},{1},{0}},{{2156.27515, 198.025482, 625.303467, 0.0247909874, -0.0089218393, 0.999652863, -0.000732652552, 0.999959767, 0.00894274749, -0.99969238, -0.000954097719, 0.024783453},{-2.368720293045044, 2.4626271724700928, 96.43013763427734},{-2.444319725036621, -2.373326063156128, 96.53645324707031},{-2.4644312858581543, 2.2250847816467285, 96.3621826171875},{-2.445934534072876, -2.1251981258392334, 96.4559097290039},{0},{1},{0}},{{2149.29858, 198.030884, 625.129395, 0.0249662418, -0.00822087005, 0.999654472, -0.00148659211, 0.999964774, 0.00826054905, -0.999687195, -0.00169231335, 0.0249531418},{-2.4259464740753174, 2.4875285625457764, 97.3490982055664},{-2.491246223449707, -2.240748405456543, 97.2977066040039},{-2.4282140731811523, 2.2810146808624268, 97.27873229980469},{-2.3865315914154053, -2.062058925628662, 97.2362289428711},{0},{1},{0}},{{2141.31958, 198.035248, 624.931763, 0.0249553192, -0.00765428971, 0.99965924, -0.00012596976, 0.999970675, 0.00765981898, -0.999688566, -0.000317080063, 0.0249536224},{-2.5344510078430176, 2.2308437824249268, 98.25321960449219},{-2.5931127071380615, -2.486828088760376, 98.22798156738281},{-2.4454567432403564, 2.212463140487671, 98.1847152709961},{-2.407743453979492, -2.1885874271392822, 98.16402435302734},{1},{1},{0}},{{2133.27612, 198.055038, 624.691528, 0.0314981192, -0.00809582975, 0.999471009, 0.0102308672, 0.999917448, 0.0077770222, -0.999451458, 0.00998049416, 0.0315783471},{-4.4146013259887695, 1.5170093774795532, 99.62025451660156},{-4.853601455688477, -3.132270097732544, 98.6433334350586},{-2.9123470783233643, 1.2749502658843994, 99.69876098632812},{-2.8011226654052734, -3.0596466064453125, 98.63555145263672},{0},{1},{0}},{{2124.68188, 198.047379, 624.322632, 0.0401230343, -0.00837806333, 0.999159634, 0.0109308679, 0.999908686, 0.00794539601, -0.999134958, 0.0106028887, 0.0402109511},{-4.563223361968994, 1.509164810180664, 100.05899810791016},{-4.753505706787109, -3.3082282543182373, 100.2591781616211},{-4.287723541259766, 1.3149664402008057, 100.00708770751953},{-4.215885162353516, -3.1847825050354004, 100.42677307128906},{0},{1},{0}},{{2117.4502, 198.021667, 623.986877, 0.0434610732, -0.00825539045, 0.999020994, -0.00198768289, 0.999963164, 0.00834964775, -0.999053121, -0.00234862161, 0.0434430651},{-4.621408939361572, 2.6539061069488525, 101.0382308959961},{-4.870248794555664, -2.367675542831421, 100.79106140136719},{-4.490350723266602, 2.3817505836486816, 100.99425506591797},{-4.448136806488037, -2.2488784790039062, 100.74232482910156},{0},{1},{0}},{{2109.177, 198.023224, 623.609436, 0.0446701087, -0.0081950957, 0.998968184, -0.00522008492, 0.999950767, 0.00843657926, -0.998988152, -0.00559156155, 0.0446251333},{-4.507586479187012, 2.9345808029174805, 101.92182922363281},{-4.669193267822266, -2.0572638511657715, 101.8586654663086},{-4.530619144439697, 2.7007663249969482, 101.86353302001953},{-4.496618747711182, -1.8736175298690796, 101.77246856689453},{0},{1},{0}},{{2102.7937, 198.034073, 623.32666, 0.0439671613, -0.00767581305, 0.99900347, -0.00429553865, 0.999959767, 0.00787221175, -0.999023736, -0.00463737734, 0.0439324193},{-4.398043632507324, 2.7509958744049072, 102.52538299560547},{-4.5087761878967285, -2.0693247318267822, 102.84919738769531},{-4.585295677185059, 2.629887104034424, 102.44783782958984},{-4.52322244644165, -1.8484774827957153, 102.8597412109375},{0},{1},{0}},{{2096.36548, 198.030273, 623.044617, 0.0447265618, -0.0070866039, 0.998974144, -0.000590425683, 0.999974489, 0.00712013524, -0.998999119, -0.000908279151, 0.0447212383},{-4.583765029907227, 2.560270071029663, 103.43708801269531},{-4.628355503082275, -2.398568868637085, 103.36925506591797},{-4.583802700042725, 2.433488607406616, 103.35664367675781},{-4.5266265869140625, -2.3106021881103516, 103.30430603027344},{0},{1},{0}},{{2089.8894, 198.040405, 622.760742, 0.0449892916, -0.00766748097, 0.998958051, 0.00356986583, 0.99996537, 0.00751443952, -0.998981118, 0.00322807697, 0.0450151078},{-4.744982719421387, 2.196938991546631, 104.43536376953125},{-4.687227725982666, -2.7176895141601562, 104.03575897216797},{-4.659623622894287, 2.019707202911377, 104.60738372802734},{-4.54590368270874, -2.6363346576690674, 103.9881820678711},{0},{1},{0}},{{2081.34717, 198.033203, 622.374756, 0.0448675081, -0.00783807132, 0.998962224, 0.00329657621, 0.999964952, 0.00769787654, -0.998987496, 0.00294777052, 0.0448917747},{-4.800528049468994, 2.2816779613494873, 105.19310760498047},{-4.768821716308594, -2.8613944053649902, 105.16695404052734},{-4.778166770935059, 2.1191821098327637, 105.11009979248047},{-4.741156578063965, -2.710002899169922, 105.0855484008789},{0},{1},{0}},{{2072.72266, 198.029099, 621.976196, 0.0449986495, -0.0071563418, 0.998961389, -0.00303001585, 0.999968767, 0.00730004674, -0.99898243, -0.00335536106, 0.0449755602},{-4.892037391662598, 2.782777786254883, 106.23594665527344},{-4.859440326690674, -2.3050289154052734, 106.18329620361328},{-4.845911026000977, 2.6323111057281494, 106.16094970703125},{-4.779812335968018, -2.18072772026062, 106.1261215209961},{0},{1},{0}},{{2064.0144, 198.028458, 621.58197, 0.045207303, -0.00699585909, 0.998953104, -0.00243991055, 0.999971747, 0.00711341016, -0.998974621, -0.0027589344, 0.045188956},{-4.828470706939697, 2.791224479675293, 107.21836853027344},{-4.817322254180908, -2.3475024700164795, 107.23025512695312},{-4.8341383934021, 2.67687726020813, 107.13934326171875},{-4.808131694793701, -2.2411036491394043, 107.15495300292969},{0},{1},{0}},{{2055.22339, 198.044357, 621.190857, 0.0453624725, -0.00729969982, 0.998943925, 0.00230907556, 0.99997139, 0.00720235193, -0.998967946, 0.00197992055, 0.0453780293},{-4.877315521240234, 2.352888345718384, 108.24846649169922},{-4.805158615112305, -2.6980865001678467, 108.2536849975586},{-4.901806354522705, 2.222169876098633, 108.2123031616211},{-4.829506874084473, -2.5670480728149414, 108.17733001708984},{0},{1},{0}},{{2045.82556, 198.03653, 620.762939, 0.0457892232, -0.0070756455, 0.998926044, 0.00353945396, 0.99996978, 0.00692079542, -0.998944879, 0.00321875489, 0.0458128825},{-5.4916605949401855, 2.143523693084717, 109.38188171386719},{-5.528997421264648, -3.1353001594543457, 109.16410064697266},{-4.9930338859558105, 2.1828413009643555, 109.32310485839844},{-4.948930740356445, -2.857468843460083, 109.1229248046875},{1},{1},{0}},{{2037.41345, 198.05722, 620.30365, 0.0552398898, -0.00794815458, 0.998441458, 0.0129718175, 0.999889612, 0.00724200252, -0.998388827, 0.0125515535, 0.0553368963},{-7.728946208953857, 1.4822328090667725, 110.60437774658203},{-7.781280517578125, -3.7189888954162598, 109.53560638427734},{-5.914609432220459, 1.195955514907837, 110.66236877441406},{-5.7781476974487305, -3.7138402462005615, 109.57225036621094},{0},{1},{0}},{{2027.33813, 198.038361, 619.615601, 0.0651358217, -0.00830297545, 0.997841835, 0.00743275555, 0.999941707, 0.00783526246, -0.997848749, 0.00690635853, 0.0651937351},{-7.926618576049805, 2.0284769535064697, 111.29354858398438},{-8.018548011779785, -3.418412208557129, 111.0083999633789},{-7.4727277755737305, 1.7583441734313965, 111.23673248291016},{-7.397947311401367, -3.3398756980895996, 111.00690460205078},{0},{1},{0}},{{2018.23267, 198.01915, 618.96936, 0.0682493076, -0.00789136253, 0.997637093, -0.00493071647, 0.999953866, 0.00824700389, -0.997656107, -0.00548191788, 0.068207249},{-7.856003761291504, 3.1950840950012207, 112.1407241821289},{-7.949151515960693, -2.3723244667053223, 112.09062957763672},{-7.759305000305176, 2.9528591632843018, 112.07601928710938},{-7.7332682609558105, -2.1851649284362793, 112.02801513671875},{0},{1},{0}},{{2008.50305, 198.029083, 618.29541, 0.0692309737, -0.00772297569, 0.997570753, -0.00375921442, 0.999960899, 0.0080023678, -0.997593582, -0.00430409424, 0.0691992417},{-7.774866104125977, 3.094860792160034, 113.11923217773438},{-7.847107887268066, -2.365974187850952, 113.1161880493164},{-7.806753635406494, 2.88677978515625, 113.06059265136719},{-7.765443801879883, -2.174391508102417, 113.03436279296875},{0},{1},{0}},{{1998.67847, 198.032242, 617.642273, 0.0652687475, -0.0068566557, 0.99784416, -0.00550646242, 0.999958694, 0.00723136216, -0.997852504, -0.00596657349, 0.0652282909},{-6.3130364418029785, 3.110736608505249, 113.82279968261719},{-6.588900566101074, -2.2094240188598633, 114.6331787109375},{-7.691612243652344, 3.0916378498077393, 113.68061828613281},{-7.667054653167725, -1.9517775774002075, 114.60794830322266},{0},{1},{0}},{{1988.75684, 198.01915, 617.068848, 0.0583868511, -0.00663676858, 0.998271942, -0.0095715411, 0.999928236, 0.00720759947, -0.99824816, -0.00997583009, 0.0583191365},{-6.393448829650879, 3.6369340419769287, 115.2348861694336},{-6.427087783813477, -1.8364734649658203, 115.24585723876953},{-6.665178298950195, 3.532815456390381, 115.19098663330078},{-6.56679630279541, -1.6858423948287964, 115.17000579833984},{0},{1},{0}},{{1982.09729, 198.01915, 616.69928, 0.0573040918, -0.00761932041, 0.998327672, -0.00142418349, 0.999969244, 0.00771359727, -0.998355746, -0.00186382246, 0.0572914779},{-6.3220343589782715, 3.0545284748077393, 115.82452392578125},{-6.3627753257751465, -2.7252025604248047, 116.01408386230469},{-6.575934886932373, 2.931375503540039, 115.75436401367188},{-6.546219825744629, -2.509702205657959, 115.9256591796875},{0},{1},{0}},{{1972.03662, 198.036652, 616.139771, 0.0564607456, -0.0085073607, 0.998368561, 0.00429993076, 0.999956489, 0.00827771798, -0.998395562, 0.0038255495, 0.0564948693},{-6.513241767883301, 2.478152275085449, 116.8980484008789},{-6.576301097869873, -3.2742087841033936, 116.94915771484375},{-6.622312545776367, 2.25962233543396, 116.81049346923828},{-6.606770038604736, -3.0295257568359375, 116.87464904785156},{0},{1},{0}},{{1962.45679, 198.040222, 615.596497, 0.0562253222, -0.00749242073, 0.998390019, 0.00137546472, 0.999971449, 0.00742682815, -0.998417139, 0.00095567439, 0.0562340245},{-6.674145698547363, 2.6418063640594482, 117.86241912841797},{-6.7105841636657715, -2.9343926906585693, 117.8531265258789},{-6.697869300842285, 2.480787515640259, 117.7791976928711},{-6.649624824523926, -2.7816531658172607, 117.7852096