return {{{2458.98242, 197.992981, 604.563843, -0.170534104, -0.0135442317, 0.985258698, -0.00219095196, 0.999908268, 0.0133663956, -0.985349357, 0.000120771925, -0.170548141},{0.015017788857221603, -0.0009362988057546318, 0.0018530840752646327},{0.012179276905953884, -0.001498276717029512, 0.011647888459265232},{0.0066655538976192474, 0.0016790449153631926, 0.0012414655648171902},{0.009231922216713428, 0.0012358214007690549, 0.008174293674528599},{0},{0},{0}},{{2458.98242, 197.994507, 604.565552, -0.170530364, -0.0131424144, 0.985264778, -0.000700169709, 0.999912441, 0.0132166129, -0.985352159, 0.00156398118, -0.170524627},{0.02678871527314186, -0.0009157905005849898, -0.0016094150487333536},{0.030092190951108932, -0.0011118564289063215, 0.0025548096746206284},{0.0241681095212698, 0.0005074609071016312, -0.0007224933942779899},{0.02879156731069088, 0.0003296647628303617, -0.0011887593427672982},{0},{0},{0}},{{2458.98242, 197.995239, 604.567688, -0.170560211, -0.0129703982, 0.985261858, 0.000757243135, 0.999911368, 0.0132943373, -0.985346973, 0.00301356777, -0.170535266},{0.011407001875340939, -0.000345224398188293, 0.0011187335476279259},{0.01559052150696516, -0.0004924754612147808, 0.00002065090484393295},{0.013874097727239132, -0.0002735762682277709, -0.00011100038682343438},{0.014076629653573036, -0.00023029233852867037, -0.0025943161454051733},{0},{0},{0}},{{2458.98242, 197.994904, 604.567871, -0.170546219, -0.0131079247, 0.985262513, 0.000946890563, 0.999908864, 0.0134666851, -0.985349238, 0.00322962785, -0.170518264},{-0.0041847145184874535, -0.00017321463383268565, 0.00552509305998683},{-0.004205215722322464, -0.00034096676972694695, 0.004602642729878426},{-0.0035452102310955524, -0.000048491714551346377, 0.0025902169290930033},{-0.00495042884722352, -0.00014194737013895065, 0.002641189843416214},{0},{0},{0}},{{2458.98242, 197.994537, 604.567383, -0.170538962, -0.0131670265, 0.98526293, 0.000401505706, 0.999909699, 0.0134322615, -0.985350847, 0.00268631242, -0.170518264},{-0.003730937372893095, -0.00012527575017884374, 0.006658597849309444},{-0.006660315208137035, -0.0002227494987891987, 0.0060499282553792},{-0.005296263378113508, 0.000013864997526980005, 0.0038518765941262245},{-0.0051609524525702, -0.00022505776723846793, 0.003641178598627448},{0},{0},{0}},{{2458.98242, 197.994553, 604.567261, -0.170538232, -0.0131056467, 0.985263884, 0.000176662928, 0.999911129, 0.0133310575, -0.985351026, 0.00244751479, -0.170520768},{0.0010628759628161788, -0.000017751906852936372, 0.0046318466775119305},{-0.0008636454585939646, -0.00026985222939401865, 0.0050147343426942825},{-0.0008993426454253495, 0.0001580669777467847, 0.0022254828363656998},{-0.0001919092028401792, -0.00004848350727115758, 0.002521970309317112},{0},{0},{0}},{{2458.98242, 197.994568, 604.567261, -0.170542791, -0.0130854314, 0.985263407, 0.000168477694, 0.999911427, 0.013309137, -0.985350251, 0.00243577221, -0.170525476},{0.0006382900755852461, -0.00005835817501065321, 0.0031647314317524433},{0.0006544942152686417, -0.00017328790272586048, 0.0032450747676193714},{0.0001923410891322419, 0.00004860331682721153, 0.0008907928131520748},{0.00015417889517266303, -0.000020749836039613, 0.0009640676435083151},{0},{0},{0}},{{2458.98242, 197.99437, 604.567261, -0.170540974, -0.0131187476, 0.985263228, 0.000167996666, 0.999910951, 0.0133428611, -0.985350549, 0.00244102557, -0.170523584},{0.000498755369335413, -0.00007054531306494027, 0.002747221849858761},{0.0007596079958602786, -0.0001883446821011603, 0.00293524912558496},{0.00008776659524301067, 0.00005872133624507114, 0.0004767185600940138},{0.00011459962843218818, 0.000008581680049246643, 0.0006485578487627208},{0},{0},{0}},{{2458.98169, 197.994217, 604.567444, -0.170554161, -0.0130834496, 0.98526144, 0.000164387209, 0.999911427, 0.0133064454, -0.985348284, 0.00243143411, -0.170536906},{0.014723130501806736, 0.00032177293905988336, 0.06091998517513275},{0.01302892155945301, 0.0007086175610311329, 0.0665213018655777},{0.006641886662691832, 0.0021608255337923765, 0.054128289222717285},{0.011993120424449444, -0.00041470283758826554, 0.05817954242229462},{0},{0.19409535080194473},{0}},{{2458.94971, 197.993561, 604.573364, -0.170631632, -0.0115553606, 0.985267103, 0.000188052931, 0.999930859, 0.0117599061, -0.985334873, 0.00219189445, -0.170617655},{0.17192232608795166, 0.01944577321410179, 0.9059593677520752},{0.14897726476192474, -0.01811649464070797, 0.9132372736930847},{0.13149328529834747, 0.020334424450993538, 0.8555001020431519},{0.16571837663650513, -0.019256364554166794, 0.8526570200920105},{0},{0.9919664785265923},{0}},{{2458.86499, 197.995193, 604.588196, -0.170632467, -0.00973732769, 0.985286653, 0.000266112766, 0.999950707, 0.0099283345, -0.985334694, 0.00195629359, -0.170621455},{0.3346897065639496, 0.04301731288433075, 1.8693652153015137},{0.3156726360321045, -0.04307501018047333, 1.8780540227890015},{0.3030674159526825, 0.04149255529046059, 1.7921268939971924},{0.31709688901901245, -0.04226156696677208, 1.789168119430542},{0},{1},{0}},{{2458.73511, 197.997345, 604.610779, -0.170635924, -0.00940064993, 0.985289276, 0.000247789227, 0.999954045, 0.00958347879, -0.985334098, 0.00187942991, -0.170625761},{0.4768981337547302, 0.06571818888187408, 2.749772071838379},{0.47355037927627563, -0.06460648030042648, 2.750521183013916},{0.4627749025821686, 0.060762882232666016, 2.6578097343444824},{0.45669639110565186, -0.06226332485675812, 2.6569483280181885},{0},{1},{0}},{{2458.46338, 197.99765, 604.657837, -0.170634925, -0.00989060011, 0.985284686, 0.00021474775, 0.999949217, 0.0100749983, -0.985334277, 0.00193073414, -0.170624137},{0.7016372084617615, 0.09761956334114075, 4.063697814941406},{0.7038149833679199, -0.09735532104969025, 4.062854766845703},{0.6840386390686035, 0.0895417109131813, 3.954392910003662},{0.6846373081207275, -0.09147360920906067, 3.9514949321746826},{0},{1},{0}},{{2458.18359, 197.997177, 604.70636, -0.170633718, -0.00986490678, 0.985285163, 0.000218637681, 0.999949455, 0.0100495936, -0.985334516, 0.00193021994, -0.17062293},{0.8865472078323364, 0.12314973771572113, 5.116047382354736},{0.8846715092658997, -0.12318692356348038, 5.116665840148926},{0.8617140054702759, 0.11336962133646011, 4.99320125579834},{0.8673283457756042, -0.11579174548387527, 4.98875093460083},{0},{1},{0}},{{2457.89526, 197.996704, 604.756409, -0.170630231, -0.00975724775, 0.985286832, 0.000246233045, 0.999950528, 0.0099451039, -0.985335112, 0.00193954562, -0.170619383},{1.0449421405792236, 0.14532428979873657, 6.039796829223633},{1.044689416885376, -0.1462804526090622, 6.03830623626709},{1.0194199085235596, 0.13424625992774963, 5.903782367706299},{1.0246299505233765, -0.13764122128486633, 5.897913932800293},{0},{1},{0}},{{2457.35522, 197.99617, 604.850098, -0.170629978, -0.00976492185, 0.985286772, 0.000252687227, 0.999950409, 0.00995400921, -0.985335171, 0.00194742181, -0.170619056},{1.2980681657791138, 0.18068468570709229, 7.497681140899658},{1.2977538108825684, -0.18245065212249756, 7.498117923736572},{1.2695839405059814, 0.1674281358718872, 7.342100143432617},{1.272614598274231, -0.17140308022499084, 7.336461544036865},{0},{1},{0}},{{2456.90356, 197.99617, 604.928467, -0.170627207, -0.00977895875, 0.98528713, 0.000253890234, 0.99995029, 0.00996845774, -0.985335648, 0.00195104477, -0.170616239},{1.4809867143630981, 0.20616202056407928, 8.554408073425293},{1.4802895784378052, -0.20846925675868988, 8.554082870483398},{1.448912501335144, 0.19122043251991272, 8.383832931518555},{1.452919363975525, -0.1956774890422821, 8.377623558044434},{0},{1},{0}},{{2456.34644, 197.996201, 605.024963, -0.170624197, -0.00975740049, 0.985287845, 0.000223641269, 0.999950588, 0.00994133484, -0.985336125, 0.00191658328, -0.170613572},{1.6787632703781128, 0.23380674421787262, 9.703269004821777},{1.6776221990585327, -0.23650208115577698, 9.70160961151123},{1.6453007459640503, 0.21714679896831512, 9.518863677978516},{1.649141550064087, -0.2223469763994217, 9.51048469543457},{0},{1},{0}},{{2455.76953, 197.996246, 605.125, -0.170625031, -0.00972292293, 0.985288084, 0.000194842549, 0.999950945, 0.00990135875, -0.985336006, 0.0018813957, -0.170614764},{1.8675388097763062, 0.26011523604393005, 10.785338401794434},{1.8665220737457275, -0.2624131441116333, 10.786025047302246},{1.8296339511871338, 0.24232779443264008, 10.586719512939453},{1.8346186876296997, -0.24684365093708038, 10.579304695129395},{0},{1},{0}},{{2455.07373, 197.997101, 605.245667, -0.170620665, -0.00959632825, 0.985290051, 0.000185097349, 0.999952257, 0.009771185, -0.985336781, 0.00184954063, -0.170610741},{2.076369285583496, 0.2897508144378662, 11.995043754577637},{2.074483871459961, -0.2919856905937195, 11.993349075317383},{2.036517858505249, 0.26972901821136475, 11.7827787399292},{2.042353391647339, -0.2752969563007355, 11.77245807647705},{0},{1},{0}},{{2454.30273, 198.001678, 605.37915, -0.170618579, -0.00925938133, 0.985293627, 0.000179137554, 0.999955535, 0.0094281882, -0.985337138, 0.00178512721, -0.17060934},{2.284634590148926, 0.3204777240753174, 13.178512573242188},{2.2774546146392822, -0.3231813311576843, 13.177809715270996},{2.243659019470215, 0.2971203625202179, 12.987197875976562},{2.2523159980773926, -0.30278852581977844, 12.976483345031738},{0},{1},{0}},{{2453.31787, 198.007111, 605.549622, -0.170620054, -0.0084813172, 0.985300362, 0.000180936098, 0.999962687, 0.00863885973, -0.9853369, 0.00165223924, -0.170612156},{2.532036542892456, 0.35354894399642944, 14.58984088897705},{2.519062042236328, -0.3566824495792389, 14.590252876281738},{2.4906539916992188, 0.3311413824558258, 14.419035911560059},{2.5011088848114014, -0.3374113142490387, 14.407157897949219},{0},{1},{0}},{{2452.30542, 198.011993, 605.724976, -0.170610622, -0.00773911923, 0.985308111, 0.000186133766, 0.999968886, 0.00788650196, -0.985338509, 0.00152892014, -0.170603871},{2.763054370880127, 0.38204020261764526, 15.93254566192627},{2.752168893814087, -0.38554683327674866, 15.932284355163574},{2.727247476577759, 0.36338332295417786, 15.778361320495605},{2.7348504066467285, -0.3703632652759552, 15.766164779663086},{0},{1},{0}},{{2451.19946, 198.015549, 605.916443, -0.170613661, -0.00727696251, 0.985311151, 0.000179975337, 0.999972463, 0.00741640711, -0.985337973, 0.00144267199, -0.170607656},{3.001020908355713, 0.4129462242126465, 17.31853485107422},{2.995863676071167, -0.4161408841609955, 17.320640563964844},{2.9696261882781982, 0.39637014269828796, 17.17949104309082},{2.977306842803955, -0.4031648635864258, 17.168428421020508},{0},{1},{0}},{{2449.99854, 198.017548, 606.12439, -0.170611024, -0.00700385403, 0.985313594, 0.000173156921, 0.999974489, 0.00713805016, -0.985338449, 0.00138844387, -0.170605451},{3.2444798946380615, 0.4470633566379547, 18.738658905029297},{3.2423882484436035, -0.45120489597320557, 18.73810577392578},{3.2175676822662354, 0.4300350248813629, 18.612567901611328},{3.2258858680725098, -0.437524676322937, 18.600215911865234},{0},{1},{0}},{{2448.70312, 198.021393, 606.348389, -0.170684338, -0.00749993743, 0.985297203, -3.20016152e-05, 0.999971092, 0.00760608912, -0.985325754, 0.00126670918, -0.170679644},{3.4781506061553955, 0.4854971766471863, 20.118675231933594},{3.475864887237549, -0.48200857639312744, 20.11213493347168},{3.44472336769104, 0.47129157185554504, 19.899686813354492},{3.4397873878479004, -0.46530577540397644, 19.955455780029297},{0},{1},{0}},{{2447.41357, 198.024231, 606.571167, -0.170643166, -0.00775542296, 0.985302389, -0.000421931676, 0.999969482, 0.00779779581, -0.985332787, 0.000914910226, -0.170641229},{3.714968204498291, 0.522735595703125, 21.473834991455078},{3.7106540203094482, -0.5073695182800293, 21.474002838134766},{3.6724627017974854, 0.5041630864143372, 21.261489868164062},{3.6926655769348145, -0.4824333190917969, 21.319671630859375},{0},{1},{0}},{{2445.81934, 198.024521, 606.847046, -0.170648813, -0.00728511158, 0.985305011, -0.000624304113, 0.999973238, 0.00728543987, -0.985331714, 0.000628121605, -0.170648798},{3.9920895099639893, 0.5636987090110779, 23.0594539642334},{3.987967014312744, -0.5392192006111145, 23.057443618774414},{3.948880434036255, 0.5504028797149658, 22.851163864135742},{3.976134777069092, -0.5199212431907654, 22.910253524780273},{0},{1},{0}},{{2443.7522, 198.025543, 607.205261, -0.170643657, -0.00688922592, 0.985308707, -0.000567823648, 0.999976099, 0.00689343922, -0.985332668, 0.000616840145, -0.170643494},{4.333709716796875, 0.6090540885925293, 25.019855499267578},{4.330480575561523, -0.5847169160842896, 25.02046012878418},{4.293218612670898, 0.6011084318161011, 24.812061309814453},{4.314060211181641, -0.5691461563110352, 24.880062103271484},{0},{1},{0}},{{2441.64209, 198.025772, 607.571838, -0.170595601, -0.00599148963, 0.985322893, 0.000184761433, 0.999981284, 0.00611261232, -0.985341132, 0.00122483447, -0.17059131},{4.680508613586426, 0.63753342628479, 26.93600082397461},{4.677823543548584, -0.642768919467926, 26.946826934814453},{4.643791675567627, 0.6280036568641663, 26.847667694091797},{4.664090633392334, -0.637883722782135, 26.80902671813965},{0},{1},{0}},{{2439.64697, 198.026627, 607.917908, -0.170597583, -0.00553520629, 0.985325217, 0.000630989962, 0.99998343, 0.00572679937, -0.985340595, 0.00159870845, -0.170591265},{4.966516017913818, 0.6663634777069092, 28.68282127380371},{4.9622368812561035, -0.6935850381851196, 28.682390213012695},{4.9474196434021, 0.6631796360015869, 28.588842391967773},{4.946987152099609, -0.6989994049072266, 28.54865264892578},{0},{1},{0}},{{2437.95874, 198.028, 608.210327, -0.170603141, -0.00559328217, 0.985323966, 0.000553245714, 0.999983191, 0.00577228796, -0.985339642, 0.00152989675, -0.170597181},{5.215243339538574, 0.7000068426132202, 30.127147674560547},{5.210722923278809, -0.7255457639694214, 30.128496170043945},{5.194250583648682, 0.6964631080627441, 30.029556274414062},{5.194728374481201, -0.7293142676353455, 29.995956420898438},{0},{1},{0}},{{2435.42261, 198.029114, 608.649353, -0.17059876, -0.00556226633, 0.98532486, 0.000395749608, 0.999983609, 0.0057135364, -0.985340476, 0.00136466417, -0.170593768},{5.576906204223633, 0.7512129545211792, 32.210140228271484},{5.572416305541992, -0.7701712250709534, 32.21207809448242},{5.552937030792236, 0.7485473155975342, 32.111148834228516},{5.558361530303955, -0.7743013501167297, 32.082340240478516},{0},{1},{0}},{{2433.20483, 198.029663, 609.033325, -0.170593441, -0.00546154054, 0.98532635, 0.000311123003, 0.999984264, 0.00559665356, -0.98534143, 0.00126131007, -0.17058906},{5.880771636962891, 0.792857825756073, 33.964900970458984},{5.875713348388672, -0.8079208135604858, 33.96714782714844},{5.855658531188965, 0.7934496402740479, 33.86341094970703},{5.862832546234131, -0.8150076270103455, 33.83887481689453},{0},{1},{0}},{{2430.52393, 198.030182, 609.49762, -0.170582622, -0.00535962917, 0.985328794, 0.000236533611, 0.99998498, 0.0054802997, -0.985343337, 0.00116790726, -0.170578793},{6.2332329750061035, 0.840929388999939, 36.00328063964844},{6.227159023284912, -0.8530381321907043, 36.00184631347656},{6.208951950073242, 0.84489905834198, 35.89946365356445},{6.215703010559082, -0.8635173439979553, 35.87455749511719},{0},{1},{0}},{{2428.04736, 198.03067, 609.926514, -0.170583203, -0.00524146855, 0.98532933, 0.000195555869, 0.999985635, 0.00535328826, -0.985343277, 0.00110586802, -0.170579731},{6.552011013031006, 0.8833258748054504, 37.83846664428711},{6.544516086578369, -0.8933707475662231, 37.83893585205078},{6.526007175445557, 0.8912596106529236, 37.733154296875},{6.5342559814453125, -0.9077931046485901, 37.71146011352539},{0},{1},{0}},{{2425.44653, 198.031189, 610.376831, -0.170578629, -0.00513303373, 0.985330701, 0.000160128562, 0.999986291, 0.00523710251, -0.985344052, 0.00105111732, -0.17057547},{6.874906063079834, 0.9256978034973145, 39.70233154296875},{6.867279052734375, -0.9343342781066895, 39.7047004699707},{6.847606182098389, 0.9382194876670837, 39.59432601928711},{6.856564521789551, -0.9523624777793884, 39.57622146606445},{0},{1},{0}},{{2423.11572, 198.031525, 610.780334, -0.170570597, -0.0050131157, 0.985332727, 0.000134641887, 0.999986947, 0.00511098048, -0.985345423, 0.00100445002, -0.170567691},{7.157448768615723, 0.9628395438194275, 41.338375091552734},{7.149188995361328, -0.9699510931968689, 41.33797836303711},{7.130645751953125, 0.979525089263916, 41.228572845458984},{7.139911651611328, -0.9929735660552979, 41.20928955078125},{0},{1},{0}},{{2420.27637, 198.031952, 611.271912, -0.17056562, -0.00490484247, 0.985334098, 0.000120028279, 0.999987483, 0.00499856239, -0.985346317, 0.000970850815, -0.170562893},{7.493041515350342, 1.0064959526062012, 43.270042419433594},{7.484240531921387, -1.01308012008667, 43.27205276489258},{7.464085578918457, 1.0281727313995361, 43.1577033996582},{7.473853588104248, -1.0401434898376465, 43.142494201660156},{0},{1},{0}},{{2417.52295, 198.032288, 611.748657, -0.170553803, -0.00481524551, 0.985336602, 0.000124951985, 0.99998796, 0.0049084737, -0.985348344, 0.000960278616, -0.170551151},{7.806865692138672, 1.0468604564666748, 45.08957290649414},{7.798395156860352, -1.0542078018188477, 45.08903121948242},{7.778933525085449, 1.0727323293685913, 44.976318359375},{7.7886962890625, -1.085697054862976, 44.961055755615234},{0},{1},{0}},{{2414.42969, 198.032593, 612.284363, -0.170552954, -0.0047411616, 0.985337079, 0.000123417325, 0.999988317, 0.00483302167, -0.985348523, 0.000945893757, -0.170550376},{8.15066909790039, 1.0920233726501465, 47.07526779174805},{8.141997337341309, -1.0993492603302002, 47.07707214355469},{8.121710777282715, 1.1217139959335327, 46.96026611328125},{8.132193565368652, -1.1346516609191895, 46.94609832763672},{0},{1},{0}},{{2411.20166, 198.032883, 612.843018, -0.170539483, -0.00466438755, 0.98533982, 0.000117103831, 0.999988675, 0.00475399988, -0.985350847, 0.00092613179, -0.17053701},{8.497261047363281, 1.137270450592041, 49.080474853515625},{8.487885475158691, -1.1445585489273071, 49.08020782470703},{8.46790599822998, 1.17131507396698, 48.96360397338867},{8.477981567382812, -1.184582233428955, 48.947750091552734},{0},{1},{0}},{{2407.83813, 198.033112, 613.425293, -0.170539856, -0.00461325282, 0.985339999, 9.83355567e-05, 0.999988973, 0.0046988572, -0.985350788, 0.000898236351, -0.170537516},{8.849074363708496, 1.183759093284607, 51.10837173461914},{8.83846664428711, -1.1897780895233154, 51.11084747314453},{8.817631721496582, 1.2218310832977295, 50.98871612548828},{8.828715324401855, -1.2336986064910889, 50.9741096496582},{0},{1},{0}},{{2404.07739, 198.033325, 614.07605, -0.170527026, -0.00433172612, 0.985343456, 0.000108158856, 0.999990225, 0.00441483408, -0.985352993, 0.000859422202, -0.170524895},{9.24554443359375, 1.2318229675292969, 53.399169921875},{9.237149238586426, -1.2397208213806152, 53.455509185791016},{9.211501121520996, 1.2826852798461914, 53.273311614990234},{9.226428031921387, -1.2962102890014648, 53.25813293457031},{0},{1},{0}},{{2400.41895, 198.033813, 614.709229, -0.170542702, -0.00415333034, 0.985341549, 9.49636669e-05, 0.999991059, 0.00423151627, -0.985350311, 0.000815225882, -0.17054078},{9.616915702819824, 1.2760505676269531, 55.52660369873047},{9.604472160339355, -1.2816656827926636, 55.53076934814453},{9.581652641296387, 1.3392635583877563, 55.39828109741211},{9.592538833618164, -1.349873661994934, 55.39048767089844},{0},{1},{0}},{{2396.33936, 198.03421, 615.4151, -0.170539737, -0.00417871866, 0.985341966, 8.51577497e-05, 0.99999094, 0.00425558258, -0.985350788, 0.000809655408, -0.170537844},{10.008970260620117, 1.327947735786438, 57.80522537231445},{9.998104095458984, -1.3335556983947754, 57.807281494140625},{9.975431442260742, 1.3930308818817139, 57.67302322387695},{9.985808372497559, -1.4039905071258545, 57.663326263427734},{0},{1},{0}},{{2391.81006, 198.034302, 616.198914, -0.170517594, -0.00425562728, 0.985345423, 8.42565132e-05, 0.999990582, 0.00433345931, -0.985354602, 0.000821952824, -0.170515627},{10.423124313354492, 1.3857051134109497, 60.21225357055664},{10.411434173583984, -1.3909926414489746, 60.21342086791992},{10.390568733215332, 1.4495028257369995, 60.07939910888672},{10.400968551635742, -1.4618319272994995, 60.066558837890625},{0},{1},{0}},{{2387.99414, 198.034439, 616.859131, -0.170512155, -0.00431325333, 0.985346138, 6.60650912e-05, 0.999990344, 0.00438878965, -0.985355556, 0.000813438965, -0.170510232},{10.754809379577637, 1.4314264059066772, 62.12649917602539},{10.742976188659668, -1.4355820417404175, 62.128353118896484},{10.721202850341797, 1.495409369468689, 61.99271011352539},{10.731907844543457, -1.50607168674469, 61.97847366333008},{0},{1},{0}},{{2382.64502, 198.036133, 617.785339, -0.170691013, -0.0104358653, 0.985269368, -0.000270392309, 0.999944389, 0.0105444584, -0.985324562, 0.00153343496, -0.170684338},{10.663958549499512, 1.5609619617462158, 61.85062789916992},{10.824899673461914, -1.5398046970367432, 61.8582878112793},{10.725613594055176, 1.3454264402389526, 61.82042694091797},{10.683426856994629, -1.313194990158081, 61.84931564331055},{0},{0},{0}},{{2378.49072, 198.03038, 618.505432, -0.170680106, -0.0130187366, 0.985240459, -3.78839577e-05, 0.999912798, 0.0132060498, -0.985326469, 0.0022166851, -0.170665711},{10.679219245910645, 1.6415326595306396, 61.814720153808594},{10.77967643737793, -1.638539433479309, 61.81450653076172},{10.679736137390137, 1.278613805770874, 61.79199981689453},{10.728483200073242, -1.2722256183624268, 61.78630065917969},{0},{0},{0}},{{2374.04517, 198.027893, 619.276733, -0.170783833, -0.011521372, 0.985241175, 0.000172829081, 0.999931276, 0.011723116, -0.985308528, 0.00217239698, -0.170770109},{10.686761856079102, 1.6149942874908447, 61.72571563720703},{10.72165298461914, -1.629436731338501, 61.71607208251953},{10.669967651367188, 1.3165642023086548, 61.6937255859375},{10.720818519592285, -1.3375269174575806, 61.673641204833984},{0},{0},{0}},{{2369.31274, 198.035187, 620.097473, -0.170780227, -0.0100645088, 0.985257745, 0.000190721141, 0.999947488, 0.0102476245, -0.985309124, 0.00193800102, -0.170769334},{10.663034439086914, 1.542020559310913, 61.57856369018555},{10.6893310546875, -1.5605462789535522, 61.57304000854492},{10.656861305236816, 1.322091817855835, 61.54216766357422},{10.67347240447998, -1.3451464176177979, 61.529762268066406},{0},{0},{0}},{{2365.18115, 198.039032, 620.813721, -0.170762897, -0.0100671351, 0.985260725, 0.000124789251, 0.999947548, 0.01023883, -0.985312164, 0.00187136221, -0.170752689},{10.6300687789917, 1.5193231105804443, 61.453311920166016},{10.67419147491455, -1.5314736366271973, 61.44593048095703},{10.632638931274414, 1.303829550743103, 61.41637420654297},{10.650415420532227, -1.3202697038650513, 61.406639099121094},{0},{0},{0}},{{2360.76367, 198.036469, 621.579651, -0.170734078, -0.0105664916, 0.985260487, 7.61571355e-05, 0.999942362, 0.0107371453, -0.985317171, 0.00190823129, -0.170723423},{10.601266860961914, 1.5402737855911255, 61.32646942138672},{10.654065132141113, -1.5457279682159424, 61.314998626708984},{10.604705810546875, 1.3000696897506714, 61.29115295410156},{10.63339900970459, -1.3122830390930176, 61.27714157104492},{0},{0},{0}},{{2356.5979, 198.032242, 622.301514, -0.170728147, -0.00810237881, 0.985284865, 0.000322686363, 0.999965668, 0.00827901904, -0.985318124, 0.00173139956, -0.170719668},{10.86169719696045, 1.5358984470367432, 62.6786003112793},{10.781092643737793, -1.5550657510757446, 62.655181884765625},{10.810135841369629, 1.3940989971160889, 62.57532501220703},{10.886307716369629, -1.4383121728897095, 62.52240753173828},{0},{1},{0}},{{2352.34888, 198.034256, 623.03656, -0.170566991, -0.00562310591, 0.985330045, 0.000297257473, 0.99998337, 0.0057581868, -0.985346019, 0.00127505336, -0.170562491},{11.070721626281738, 1.4954893589019775, 63.875308990478516},{11.014623641967773, -1.5222684144973755, 63.88079833984375},{11.025136947631836, 1.49306058883667, 63.767852783203125},{11.043994903564453, -1.529062032699585, 63.75413513183594},{0},{1},{0}},{{2347.70532, 198.03949, 623.837097, -0.170141533, -0.00582030276, 0.985402465, 0.000553028542, 0.999981821, 0.00600190321, -0.985419452, 0.00156612869, -0.17013523},{10.948208808898926, 1.220983862876892, 65.30316925048828},{10.85400676727295, -1.8736106157302856, 65.18665313720703},{11.280616760253906, 1.4638257026672363, 65.136962890625},{11.256599426269531, -1.563094973564148, 65.00183868408203},{1},{1},{0}},{{2343.60718, 198.049728, 624.503235, -0.163234249, -0.00550535368, 0.986571968, 0.00808725879, 0.999943376, 0.00691805547, -0.986554205, 0.00910792593, -0.163180485},{9.396414756774902, 0.637626051902771, 67.22968292236328},{8.851224899291992, -2.6151719093322754, 66.1210708618164},{11.289657592773438, 0.9224689602851868, 66.80208587646484},{11.119460105895996, -2.1031298637390137, 65.67589569091797},{1},{1},{0}},{{2339.43701, 198.059647, 625.095642, -0.149030656, -0.0047517973, 0.988821149, 0.0174727533, 0.999819696, 0.00743806502, -0.988678217, 0.0183859281, -0.14892076},{8.397777557373047, 0.8524215817451477, 68.56092071533203},{7.75123405456543, -2.356724500656128, 67.38167572021484},{10.368790626525879, 0.3807058334350586, 68.16947174072266},{10.211837768554688, -2.6922123432159424, 66.94165802001953},{0},{1},{0}},{{2335.18237, 198.046631, 625.651306, -0.13963078, -0.00591620896, 0.990185976, 0.0107169924, 0.999914527, 0.00748558901, -0.990145624, 0.011657034, -0.139555439},{8.738086700439453, 1.1406375169754028, 69.42713928222656},{8.181090354919434, -2.169604778289795, 68.75763702392578},{9.602215766906738, 0.8202306628227234, 69.18133544921875},{9.535453796386719, -2.3428845405578613, 68.49185943603516},{0},{1},{0}},{{2329.83545, 198.030518, 626.325806, -0.132807299, -0.00756838825, 0.991113007, -0.00354033988, 0.999968112, 0.00716160936, -0.991135538, -0.0025577629, -0.13282986},{9.038222312927246, 1.8639217615127563, 70.58525085449219},{9.479063987731934, -1.5053106546401978, 70.78599548339844},{9.244308471679688, 1.697303295135498, 70.45303344726562},{9.263960838317871, -1.5122134685516357, 70.25985717773438},{0},{1},{0}},{{2325.05908, 198.013794, 626.947876, -0.131967202, -0.00749377301, 0.991225779, -0.0115172882, 0.99991554, 0.00602611015, -0.991187155, -0.0106209842, -0.132042363},{9.334966659545898, 2.4029428958892822, 71.9796371459961},{9.015525817871094, -0.9734805822372437, 71.64678192138672},{9.624360084533691, 2.290588140487671, 71.8397216796875},{9.641194343566895, -1.083903431892395, 71.47077941894531},{0},{1},{0}},{{2320.54761, 198.021179, 627.536682, -0.129160881, -0.0066690133, 0.991601229, -0.00288591371, 0.999975681, 0.00634943135, -0.991619468, -0.00204157759, -0.129176974},{9.73790168762207, 1.9696961641311646, 73.01380920410156},{9.414767265319824, -1.5497777462005615, 72.97679901123047},{9.617610931396484, 1.9301762580871582, 72.92036437988281},{9.615180969238281, -1.5558983087539673, 72.84040832519531},{0},{1},{0}},{{2315.60059, 198.033997, 628.188599, -0.129244864, -0.00687125977, 0.991588891, 0.00271916506, 0.99996978, 0.00728375465, -0.991608977, 0.00363768172, -0.129222274},{9.836006164550781, 1.6562825441360474, 74.27052307128906},{9.653069496154785, -1.9439963102340698, 74.28069305419922},{9.707084655761719, 1.5743610858917236, 74.18916320800781},{9.713401794433594, -1.8672077655792236, 74.20059967041016},{0},{1},{0}},{{2309.83618, 198.034897, 628.943481, -0.129644975, -0.00676820474, 0.991537392, 0.00110805186, 0.999975085, 0.00697067985, -0.991559863, 0.00200238847, -0.129634246},{9.860227584838867, 1.7600096464157104, 75.92586517333984},{9.709221839904785, -1.8583686351776123, 75.73916625976562},{9.91987419128418, 1.642234444618225, 75.8110122680664},{9.946027755737305, -1.8384279012680054, 75.6182632446289},{0},{1},{0}},{{2304.69922, 198.030548, 629.611511, -0.129416347, -0.00647453824, 0.991569221, -0.000134278496, 0.999978781, 0.00651192339, -0.991590321, 0.0007096029, -0.129414469},{10.108234405517578, 1.84138822555542, 77.11717987060547},{10.003188133239746, -1.8478602170944214, 77.0956802368164},{10.004796981811523, 1.7947685718536377, 77.05322265625},{10.040708541870117, -1.8105602264404297, 77.00653076171875},{0},{1},{0}},{{2299.4751, 198.031235, 630.290527, -0.129016906, -0.00658475887, 0.991620541, -4.9351449e-05, 0.999978006, 0.00663383491, -0.991642416, 0.000806938915, -0.129014388},{10.270779609680176, 1.8840514421463013, 78.4158935546875},{10.153007507324219, -1.872194766998291, 78.38009643554688},{10.189202308654785, 1.825065016746521, 78.32836151123047},{10.203432083129883, -1.831658959388733, 78.29344177246094},{0},{1},{0}},{{2294.92798, 198.03186, 630.881165, -0.128917903, -0.00673867669, 0.991632402, -6.59405341e-05, 0.999976993, 0.00678681023, -0.99165529, 0.000809552555, -0.128915384},{10.391737937927246, 1.9090957641601562, 79.50040435791016},{10.320653915405273, -1.9001562595367432, 79.50747680664062},{10.31218147277832, 1.8467433452606201, 79.42339324951172},{10.334242820739746, -1.8412809371948242, 79.42765808105469},{0},{1},{0}},{{2289.54199, 198.032028, 631.581604, -0.128934145, -0.00684052147, 0.991629541, -0.000107893342, 0.999976277, 0.00688407058, -0.991653144, 0.00078060152, -0.12893182},{10.544276237487793, 1.9454103708267212, 80.79148864746094},{10.497466087341309, -1.9289032220840454, 80.8004379272461},{10.4802885055542, 1.8751935958862305, 80.70512390136719},{10.505803108215332, -1.8623967170715332, 80.70820617675781},{0},{1},{0}},{{2284.06885, 198.035843, 632.290833, -0.128988326, -0.00705418363, 0.991621017, -0.000868780189, 0.999975145, 0.00700060371, -0.991645753, 4.14954484e-05, -0.128991246},{9.964323043823242, 1.6783711910247803, 82.34480285644531},{9.528543472290039, -2.2871999740600586, 81.93911743164062},{10.780173301696777, 1.8462573289871216, 82.60926818847656},{10.769379615783691, -1.8515126705169678, 81.7986068725586},{1},{1},{0}},{{2278.11914, 198.052979, 632.986694, -0.116678961, -0.00436093798, 0.993160129, 0.0161532667, 0.999849737, 0.00628803857, -0.993038297, 0.016776463, -0.116590992},{7.765781402587891, 0.7462418675422668, 84.49960327148438},{6.9055657386779785, -3.2935307025909424, 83.09493255615234},{10.189176559448242, 0.7103415727615356, 84.1401596069336},{10.079200744628906, -3.2056467533111572, 82.72579956054688},{0},{1},{0}},{{2271.25049, 198.069244, 633.631531, -0.0978512987, -0.00460173143, 0.995190382, 0.0230468027, 0.999710679, 0.00688869134, -0.994934142, 0.0236100238, -0.097716935},{7.097318172454834, 0.5410417318344116, 86.06302642822266},{6.597105026245117, -3.4330830574035645, 84.84919738769531},{8.4142484664917, 0.13794775307178497, 85.88423156738281},{8.312113761901855, -3.7262699604034424, 84.60807800292969},{0},{1},{0}},{{2265.896, 198.039963, 634.085083, -0.092252478, -0.00649620546, 0.995714486, 0.00641575921, 0.999954104, 0.00711828284, -0.995714962, 0.00704494305, -0.0922065601},{7.398397922515869, 1.5931698083877563, 86.75148010253906},{6.908942699432373, -2.546255588531494, 86.36219787597656},{7.746352672576904, 1.385279655456543, 86.59194946289062},{7.752657413482666, -2.5983924865722656, 86.23207092285156},{0},{1},{0}},{{2260.04541, 198.01947, 634.571777, -0.0878070742, -0.00743894186, 0.996109724, -0.00671699923, 0.999953806, 0.00687554618, -0.99611485, -0.0060871467, -0.0878529847},{7.659387111663818, 2.4648473262786865, 87.95757293701172},{7.186438083648682, -1.8591861724853516, 87.6452865600586},{7.665712356567383, 2.4150753021240234, 87.81478881835938},{7.666667938232422, -1.6685720682144165, 87.49627685546875},{1},{1},{0}},{{2253.68237, 198.026093, 635.10144, -0.0840884745, -0.00680499757, 0.996435046, -0.00602674531, 0.999961853, 0.0063204905, -0.996440053, -0.00547377998, -0.0841262788},{7.431084156036377, 2.0609021186828613, 98.53215026855469},{5.628602027893066, -2.132169008255005, 88.77754974365234},{7.78382682800293, 2.3896684646606445, 89.54253387451172},{7.773785591125488, -1.694320797920227, 88.56944274902344},{1},{1},{0}},{{2245.93726, 198.063232, 635.628784, -0.0657740384, -0.00488743978, 0.997822583, 0.0236660428, 0.999699056, 0.00645663869, -0.997553885, 0.0240391921, -0.0656385794},{2.784668207168579, -0.9652671813964844, 97.65681457519531},{0.16205522418022156, -4.816172122955322, 93.77879333496094},{6.374083995819092, 0.10904725641012192, 92.040771484375},{5.954988956451416, -4.060784816741943, 89.541015625},{1},{1},{0}},{{2239.38354, 198.069992, 635.91217, -0.0486279614, -0.00558818458, 0.998801351, 0.0263969488, 0.999627888, 0.00687797926, -0.998468101, 0.0266997702, -0.0484623536},{-0.9833229780197144, -0.27664321660995483, 101.18649291992188},{-3.1667938232421875, -4.250128746032715, 96.5420913696289},{4.50009822845459, -0.10537829250097275, 92.6994400024414},{4.484530448913574, -4.303974628448486, 91.16776275634766},{0},{1},{0}},{{2233.18945, 198.054535, 636.049927, -0.0311418083, -0.00695985788, 0.999490738, 0.0168090072, 0.999830723, 0.00748595502, -0.999373615, 0.0170335732, -0.031019548},{-0.861259937286377, 1.0857577323913574, 94.46685791015625},{-1.955445647239685, -3.293628454208374, 90.2341537475586},{2.8580167293548584, 0.5582113265991211, 93.43669128417969},{2.8362691402435303, -3.6660571098327637, 92.08547973632812},{0},{0},{0}},{{2226.98438, 198.045898, 636.100891, -0.0164943337, -0.010733149, 0.999806345, 0.00778684951, 0.999910653, 0.0108627332, -0.999833643, 0.00796451513, -0.0164092835},{-0.2287379950284958, 1.8224804401397705, 93.21105194091797},{-0.7675564289093018, -2.751708984375, 92.55570983886719},{1.5023818016052246, 1.1375885009765625, 93.21405792236328},{1.5162599086761475, -2.7690370082855225, 92.03093719482422},{0},{0},{0}},{{2221.66528, 198.025391, 636.109436, -0.00809511356, -0.0123336902, 0.999891162, 0.00189587194, 0.999921918, 0.0123494193, -0.999965429, 0.00199563568, -0.00807109848},{0.10417644679546356, 2.3337247371673584, 92.79867553710938},{-0.49036699533462524, -2.5048112869262695, 92.16067504882812},{0.6933427453041077, 1.6786597967147827, 92.80778503417969},{0.7544513940811157, -2.256495475769043, 92.1571044921875},{0},{0},{0}},{{2215.46436, 198.018356, 636.107605, -0.002711799, -0.0123123443, 0.999920547, -0.00135662965, 0.999923348, 0.0123086991, -0.99999541, -0.00132314314, -0.00272829435},{0.2575124204158783, 2.5619418621063232, 92.46012115478516},{-0.26937124133110046, -2.328695297241211, 92.16817474365234},{0.22792164981365204, 2.0189173221588135, 92.45211029052734},{0.2727828323841095, -1.9556169509887695, 92.14924621582031},{0},{0},{0}},{{2208.82935, 198.029129, 636.104065, -0.000163087185, -0.0113351922, 0.999935746, -0.000825336145, 0.999935389, 0.0113350544, -0.999999642, -0.0008234345, -0.000172431988},{-0.6690494418144226, 2.075205087661743, 92.18281555175781},{-1.4195184707641602, -3.0299882888793945, 91.77566528320312},{0.039094459265470505, 1.9873102903366089, 92.18978881835938},{0.0758674219250679, -1.9229382276535034, 91.98884582519531},{1},{0},{0}},{{2203.0957, 198.046127, 636.078369, 0.00432633515, -0.0103749977, 0.999936819, 0.00693065254, 0.999922454, 0.0103448629, -0.999966621, 0.00688545918, 0.00439790543},{-2.9887869358062744, 1.2998440265655518, 94.32279968261719},{-5.058764457702637, -3.1476802825927734, 90.27386474609375},{-0.2597240209579468, 1.3998442888259888, 92.12071228027344},{-0.20392639935016632, -2.488461494445801, 91.61184692382812},{0},{0},{0}},{{2195.18457, 198.042557, 635.963501, 0.0134323016, -0.0116243986, 0.999842227, 0.0110587906, 0.999872983, 0.011476188, -0.999848604, 0.0109028947, 0.0135591477},{-3.632514715194702, 1.5663822889328003, 93.09674072265625},{-4.322667598724365, -3.0324578285217285, 90.34869384765625},{-1.2388100624084473, 1.0385035276412964, 91.94515991210938},{-1.1692594289779663, -2.878394842147827, 91.30109405517578},{0},{0},{0}},{{2188.57227, 198.046631, 635.770691, 0.0254228618, -0.00929946359, 0.999633551, 0.0123041887, 0.99988389, 0.00898887031, -0.999601066, 0.0120711569, 0.0255343318},{-3.392408847808838, 1.1934230327606201, 94.65755462646484},{-3.889505624771118, -3.0347838401794434, 91.99906158447266},{-2.311814308166504, 0.9760445356369019, 93.01992797851562},{-2.1573522090911865, -3.1158363819122314, 91.9757308959961},{0},{1},{0}},{{2182.33301, 198.031464, 635.553162, 0.0304782465, -0.0066243601, 0.999513507, 0.00531249493, 0.999965012, 0.00646535819, -0.999521315, 0.00511285756, 0.030512372},{-3.3601644039154053, 1.8549995422363281, 93.45064544677734},{-3.707960844039917, -2.6697402000427246, 93.26863098144531},{-3.0328028202056885, 1.7320431470870972, 93.38774108886719},{-2.9795138835906982, -2.703880786895752, 93.24394989013672},{0},{1},{0}},{{2176.0376, 198.024124, 635.327332, 0.0332165249, -0.00740126707, 0.999420762, -0.00283336174, 0.999967873, 0.0074994876, -0.999444187, -0.00308082765, 0.0331944861},{-3.276949882507324, 2.5005440711975098, 94.22443389892578},{-3.5338451862335205, -2.069584608078003, 93.9857177734375},{-3.1517293453216553, 2.316049098968506, 94.18360900878906},{-3.1616926193237305, -2.0322346687316895, 93.93323516845703},{0},{1},{0}},{{2169.68628, 198.027878, 635.108459, 0.0332805887, -0.00844341516, 0.999410391, -0.00561390445, 0.999946952, 0.00863489322, -0.999430299, -0.00589796854, 0.033231426},{-1.8557246923446655, 3.0406301021575928, 94.71675109863281},{-2.236893892288208, -1.831408143043518, 96.98728942871094},{-3.3011622428894043, 2.524989128112793, 94.6229248046875},{-3.2754626274108887, -1.6271802186965942, 95.0782241821289},{-1},{1},{0}},{{2162.80371, 198.005402, 634.957092, 0.0227056779, -0.00781401526, 0.999711633, -0.0161487423, 0.999836147, 0.00818176195, -0.999611735, -0.0163298585, 0.0225757714},{1.731325626373291, 4.5355024337768555, 96.42083740234375},{0.8362798094749451, -0.5865966081619263, 96.42615509033203},{-2.409788131713867, 3.552232503890991, 95.01636505126953},{-2.3695638179779053, -0.748425304889679, 96.306640625},{-1},{1},{0}},{{2155.85425, 197.992386, 634.949341, 0.00535292318, -0.00822715927, 0.999951839, -0.0206144843, 0.99975276, 0.00833587442, -0.999773145, -0.0206581131, 0.00518200127},{6.453075885772705, 3.9911322593688965, 100.42035675048828},{4.139121055603027, -0.07532735168933868, 104.70205688476562},{-0.6438342928886414, 4.0391998291015625, 95.72393798828125},{-0.6112341284751892, -0.3728940486907959, 97.2054214477539},{0},{1},{0}},{{2148.84521, 198.001648, 635.091125, -0.0142565919, -0.00889489334, 0.999858797, -0.017703427, 0.999805927, 0.00864199642, -0.999741614, -0.0175777227, -0.0144112958},{5.942855358123779, 3.745380163192749, 97.23152160644531},{5.639372825622559, -1.7923376560211182, 98.50131225585938},{1.280263066291809, 3.8368101119995117, 96.55322265625},{1.355913758277893, -0.5160307884216309, 98.07508087158203},{0},{1},{0}},{{2142.2522, 198.015793, 635.342529, -0.0308905803, -0.00823625363, 0.999488831, -0.0120425886, 0.999896526, 0.00786742009, -0.999450207, -0.011793403, -0.0309865698},{5.190932750701904, 3.1070170402526855, 97.34346008300781},{5.082777976989746, -1.7784829139709473, 100.67552947998047},{2.8836493492126465, 3.3854236602783203, 97.35250091552734},{3.0006308555603027, -0.9849941730499268, 98.85575103759766},{0},{1},{0}},{{2135.14502, 198.034607, 635.655884, -0.0381831266, -0.00704692584, 0.999245882, 0.000278785941, 0.999975026, 0.0070627206, -0.999270737, 0.000548252487, -0.0381802097},{4.668187141418457, 2.34340763092041, 99.07994842529297},{4.462885856628418, -2.30949068069458, 98.99231719970703},{3.9591305255889893, 2.3048527240753174, 99.30109405517578},{4.061151504516602, -2.157127857208252, 98.93856811523438},{0},{1},{0}},{{2128.46313, 198.032547, 635.954651, -0.0423254296, -0.00755923474, 0.999075294, 0.00646696053, 0.999948382, 0.00783981103, -0.999082923, 0.00679280376, -0.0422743596},{4.457959175109863, 1.8094744682312012, 99.59236907958984},{4.081848621368408, -3.1599717140197754, 99.82454681396484},{4.189084053039551, 1.8646364212036133, 99.53050231933594},{4.223701477050781, -2.7833101749420166, 99.78461456298828},{1},{1},{0}},{{2121.25781, 198.050201, 636.236084, -0.0379356593, -0.0079398267, 0.999248624, 0.012780766, 0.999882758, 0.0084