return {{{2460.05981, 197.907166, 604.710938, -0.160139307, -0.00124960404, 0.987093627, 0.00364328874, 0.999991655, 0.00185699435, -0.987087727, 0.00389364501, -0.160133421},{0.027369707822799683, 0.0007833113195374608, 0.01313825324177742},{0.02586633339524269, 0.0013602792751044035, 0.027774913236498833},{0.02426142245531082, -0.00009046151535585523, -0.005141413304954767},{0.020683998242020607, -0.00007046418613754213, -0.005383089184761047},{0},{0},{0},{1}},{{2460.05933, 197.906113, 604.71051, -0.160125434, -0.00130575849, 0.987095833, 0.00310062617, 0.999993503, 0.00182579958, -0.98709178, 0.00335297198, -0.160120353},{-0.018405769020318985, 0.005639985203742981, 0.0345241017639637},{-0.019018547609448433, 0.0054318103939294815, 0.017149757593870163},{-0.02367347478866577, -0.00008873054321156815, 0.0047514066100120544},{-0.020114609971642494, -0.00010248467879137024, 0.0038308165967464447},{0},{0},{0},{1}},{{2460.03271, 197.899567, 604.711731, -0.160111964, -0.000112643742, 0.987098873, 0.000136358882, 1, 0.000136233997, -0.987098873, 0.000156412396, -0.160111949},{0.10024097561836243, 0.0038415580056607723, 0.6158403158187866},{0.07583136856555939, -0.0009946473874151707, 0.6128171682357788},{0.06625847518444061, 0.006422094069421291, 0.5879684090614319},{0.09903416782617569, -0.00656023109331727, 0.5804800391197205},{0},{0.5292186476290226},{0},{1}},{{2459.85767, 197.897186, 604.73999, -0.160105869, 0.00566098979, 0.987083614, 9.84808867e-05, 0.999983668, -0.00571899861, -0.987099826, -0.000818436383, -0.160103813},{0.4402434825897217, 0.006570246536284685, 2.384946823120117},{0.37855619192123413, -0.010518734343349934, 2.393740653991699},{0.369118332862854, 0.030983636155724525, 2.363704204559326},{0.41117051243782043, -0.032633353024721146, 2.3468058109283447},{0},{1},{0},{1}},{{2459.55493, 197.898163, 604.789978, -0.160109639, 0.00820117071, 0.987065196, 0.000929328147, 0.999966323, -0.00815761741, -0.987098813, -0.000388805754, -0.160111874},{0.6581593155860901, 0.010887597687542439, 4.002472877502441},{0.6556306481361389, -0.018970025703310966, 4.008147716522217},{0.6562065482139587, 0.052983012050390244, 4.010644912719727},{0.6570284366607666, -0.0617963969707489, 3.9935717582702637},{0},{1},{0},{1}},{{2459.02661, 197.896225, 604.875977, -0.160091951, 0.00759709068, 0.987072885, 0.00117607112, 0.999971151, -0.00750561804, -0.987101376, -4.07211737e-05, -0.160096258},{0.9561327695846558, 0.020344428718090057, 5.9422831535339355},{0.9687432646751404, -0.03119986690580845, 5.9390764236450195},{0.9664199948310852, 0.07757491618394852, 5.95931339263916},{0.9627285003662109, -0.093593068420887, 5.933640956878662},{0},{1},{0},{1}},{{2458.42065, 197.894333, 604.974487, -0.16008912, 0.00719721755, 0.987076342, 0.00126600137, 0.999974072, -0.00708593428, -0.987101734, 0.000115259005, -0.160094082},{1.2379097938537598, 0.02659107930958271, 7.632004737854004},{1.2411376237869263, -0.04210926964879036, 7.63238000869751},{1.2406108379364014, 0.10016314685344696, 7.640836238861084},{1.2356070280075073, -0.12100881338119507, 7.6098856925964355},{0},{1},{0},{1}},{{2457.6106, 197.89505, 605.105835, -0.16008383, 0.00752555998, 0.987074733, 0.00133345218, 0.999971688, -0.00740762847, -0.987102509, 0.000130375454, -0.160089329},{1.5384494066238403, 0.030140671879053116, 9.475052833557129},{1.5348373651504517, -0.05029625818133354, 9.475056648254395},{1.5361884832382202, 0.12469926476478577, 9.47826862335205},{1.5314269065856934, -0.15177924931049347, 9.439270973205566},{0},{1},{0},{1}},{{2456.62573, 197.896057, 605.265381, -0.160081267, 0.00802472048, 0.987071216, 0.00120963913, 0.999967813, -0.00793339033, -0.987103105, -7.59871327e-05, -0.160085812},{1.8390759229660034, 0.03392660617828369, 11.349935531616211},{1.8382933139801025, -0.056107159703969955, 11.348081588745117},{1.838384747505188, 0.15181715786457062, 11.353384017944336},{1.8324214220046997, -0.1821872889995575, 11.307156562805176},{0},{1},{0},{1}},{{2455.31128, 197.902969, 605.478455, -0.160095274, 0.0085508246, 0.98706454, 0.00103397539, 0.999963403, -0.00849486142, -0.987101018, -0.000339386781, -0.160098255},{2.182664632797241, 0.04309535026550293, 13.478071212768555},{2.1810545921325684, -0.06529214233160019, 13.475412368774414},{2.1812493801116943, 0.18903033435344696, 13.482085227966309},{2.180718421936035, -0.21378584206104279, 13.466033935546875},{0},{1},{0},{1}},{{2454.02173, 197.909653, 605.686951, -0.160096675, 0.00925315917, 0.987057984, 0.000580667052, 0.999956787, -0.00927989651, -0.987101197, -0.000912528543, -0.160095125},{2.4835691452026367, 0.050530146807432175, 15.33207893371582},{2.478297233581543, -0.06655864417552948, 15.32828140258789},{2.479992151260376, 0.22648783028125763, 15.333006858825684},{2.482151508331299, -0.24127903580665588, 15.332436561584473},{0},{1},{0},{1}},{{2452.26758, 197.916504, 605.971069, -0.160099849, 0.0100780213, 0.987049401, 0.00019824176, 0.999948204, -0.0101775667, -0.98710078, -0.00143375248, -0.160093561},{2.853456735610962, 0.05703432857990265, 17.595075607299805},{2.854034662246704, -0.06478561460971832, 17.59471321105957},{2.854355812072754, 0.27131426334381104, 17.601673126220703},{2.8528661727905273, -0.27674534916877747, 17.60284996032715},{0},{1},{0},{1}},{{2450.26855, 197.923264, 606.296265, -0.159987763, 0.00982829742, 0.987070084, -9.53992712e-05, 0.99995029, -0.00997200795, -0.987119019, -0.00168956514, -0.159978867},{3.20015025138855, 0.0618877075612545, 19.829973220825195},{3.200608253479004, -0.05869778245687485, 19.76996612548828},{3.482661724090576, 0.34786978363990784, 21.38622283935547},{3.4295871257781982, -0.35779011249542236, 21.325763702392578},{0},{1},{0},{1}},{{2447.89038, 197.92775, 606.682495, -0.159913287, 0.0100508444, 0.987079918, 0.000405782368, 0.99994874, -0.0101161413, -0.987131, -0.00121716573, -0.159909174},{3.6321122646331787, 0.06474676728248596, 22.401174545288086},{3.6383447647094727, -0.08387070149183273, 22.40411376953125},{3.6360771656036377, 0.33977317810058594, 22.40487289428711},{3.625107526779175, -0.36535871028900146, 22.34037208557129},{0},{1},{0},{1}},{{2445.77856, 197.929428, 607.025146, -0.159859747, 0.0106677394, 0.987082124, 0.000802086841, 0.99994266, -0.0106768282, -0.987139404, -0.000915069482, -0.159859136},{3.9659461975097656, 0.06227026507258415, 24.46880340576172},{3.973635196685791, -0.09399188309907913, 24.47675132751465},{3.9662296772003174, 0.36989739537239075, 24.480728149414062},{3.9542484283447266, -0.4094923734664917, 24.423763275146484},{0},{1},{0},{1}},{{2443.17456, 197.931076, 607.446899, -0.159850299, 0.01119697, 0.987077773, 0.000754981767, 0.999936759, -0.0112205725, -0.987140954, -0.00104838621, -0.159848645},{4.342227935791016, 0.06205017864704132, 26.858015060424805},{4.351665019989014, -0.09628744423389435, 26.85491180419922},{4.351321220397949, 0.41071340441703796, 26.87018585205078},{4.336709976196289, -0.4534777104854584, 26.814685821533203},{0},{1},{0},{1}},{{2439.31665, 197.931763, 608.071228, -0.159851432, 0.0118227201, 0.987070262, 0.000401216355, 0.999928951, -0.011911761, -0.987141013, -0.00150808343, -0.159844831},{4.874550819396973, 0.0705137625336647, 30.15218734741211},{4.886336803436279, -0.09328387677669525, 30.14822769165039},{4.885550022125244, 0.47863084077835083, 30.1660099029541},{4.873262882232666, -0.5074256062507629, 30.132699966430664},{0},{1},{0},{1}},{{2436.30884, 197.932632, 608.558594, -0.159762934, 0.0122316778, 0.98707962, 0.000273467653, 0.999923766, -0.0123465778, -0.987155378, -0.00170259096, -0.159754083},{5.268186092376709, 0.07383353263139725, 32.56940460205078},{5.281425952911377, -0.09219919145107269, 32.565792083740234},{5.279596328735352, 0.5255488753318787, 32.585350036621094},{5.276498317718506, -0.5498096346855164, 32.64041519165039},{0},{1},{0},{1}},{{2432.66797, 197.933853, 609.15094, -0.159241289, 0.0127021149, 0.987158, 0.000215055683, 0.999917626, -0.0128316069, -0.987239659, -0.00183102768, -0.159230903},{5.709900856018066, 0.07017775624990463, 35.3625373840332},{5.717686176300049, -0.0974939614534378, 35.31975555419922},{5.878549575805664, 0.5870742797851562, 36.35478973388672},{5.881687641143799, -0.6229883432388306, 36.44629669189453},{0},{1},{0},{1}},{{2428.29932, 197.935776, 609.858215, -0.159214646, 0.0128867915, 0.987159908, 0.000630238908, 0.999915898, -0.0129516656, -0.987243772, -0.00143994822, -0.159209371},{6.1824188232421875, 0.059543631970882416, 38.34732437133789},{6.207292556762695, -0.11000730842351913, 38.33792495727539},{6.395090103149414, 0.6316523551940918, 39.5883674621582},{6.4822845458984375, -0.6932651400566101, 40.266361236572266},{0},{1},{0},{1}},{{2424.27075, 197.935211, 610.508972, -0.159278363, 0.0128126414, 0.98715055, 0.000639856094, 0.999916911, -0.0128750987, -0.98723352, -0.00141909043, -0.159273326},{6.596491813659668, 0.0701405331492424, 40.92115783691406},{6.620431900024414, -0.1201852336525917, 40.920318603515625},{7.145276069641113, 0.708704948425293, 44.23092269897461},{7.196898937225342, -0.7676912546157837, 44.6524658203125},{0},{1},{0},{1}},{{2420.22534, 197.936569, 611.156616, -0.158559725, 0.0131393624, 0.987261951, 0.00167379517, 0.999913573, -0.0130389212, -0.98734796, -0.000414973503, -0.15856801},{6.552276611328125, -0.3404507040977478, 43.506690979003906},{6.584844589233398, -0.49290531873703003, 43.34096145629883},{7.807936668395996, 0.7008374929428101, 48.224483489990234},{7.857587814331055, -0.9140647053718567, 48.62961959838867},{1},{1},{0},{1}},{{2415.43433, 197.950775, 611.856262, -0.145483047, 0.0148588438, 0.98924917, 0.0125167854, 0.999834836, -0.0131770736, -0.989281535, 0.0104651786, -0.145644993},{4.805533409118652, -0.4739939868450165, 46.95036315917969},{5.05354642868042, -0.6685841083526611, 45.783294677734375},{7.3902106285095215, 0.07193443179130554, 48.828025817871094},{7.721783638000488, -1.6131752729415894, 51.22853469848633},{0},{1},{0},{1}},{{2410.90967, 197.960815, 612.426514, -0.122640729, 0.0149151096, 0.992339075, 0.0185012706, 0.999747694, -0.0127399368, -0.992278695, 0.0167970974, -0.122885734},{4.685043811798096, -0.27941811084747314, 49.40179443359375},{5.023183345794678, -0.5417496562004089, 47.975894927978516},{6.511998653411865, -0.23404261469841003, 52.144588470458984},{6.8021931648254395, -2.0074074268341064, 54.74582290649414},{0},{1},{0},{1}},{{2405.58228, 197.946075, 613.04187, -0.106399812, 0.0128716426, 0.994240105, 0.00648358651, 0.999903917, -0.0122511191, -0.994302273, 0.00514272507, -0.106473051},{5.246752738952637, -0.087490975856781, 51.49836730957031},{5.410164833068848, -0.38931459188461304, 50.897220611572266},{5.667800426483154, 0.4416545331478119, 53.97145462036133},{5.932666778564453, -1.3457523584365845, 56.55654525756836},{0},{1},{0},{1}},{{2399.67529, 197.940033, 613.669006, -0.103204459, 0.0107071176, 0.994602561, 0.000142786041, 0.999942183, -0.0107497843, -0.994660139, -0.000967410335, -0.103200026},{5.529193878173828, 0.13288897275924683, 53.10527420043945},{5.739095687866211, -0.2160121202468872, 53.143531799316406},{5.509252071380615, 0.8303507566452026, 53.135284423828125},{5.446934223175049, -0.8324541449546814, 53.180625915527344},{0},{1},{0},{2}},{{2393.87573, 197.93663, 614.278259, -0.104553901, 0.0077153137, 0.994489312, -0.00213097688, 0.999965847, -0.00798183773, -0.994516909, -0.00295376591, -0.104533896},{5.733545303344727, 0.31673717498779297, 54.93095016479492},{5.889400959014893, -0.16438792645931244, 54.981544494628906},{5.771008014678955, 0.9063697457313538, 54.93687438964844},{5.766717433929443, -0.7055672407150269, 54.9759635925293},{0},{1},{0},{2}},{{2388.84155, 197.937271, 614.812927, -0.105216973, 0.00875995681, 0.994410694, -0.00150671881, 0.999958634, -0.00896825269, -0.994448125, -0.00244190963, -0.105199419},{5.931805610656738, 0.2882794439792633, 56.45772933959961},{6.0453410148620605, -0.15956085920333862, 56.493316650390625},{5.989686012268066, 0.9210226535797119, 56.450347900390625},{5.986389636993408, -0.7735525965690613, 56.460777282714844},{0},{1},{0},{2}},{{2382.36182, 197.941116, 615.502441, -0.105476439, 0.0101092113, 0.994370401, 0.000185209909, 0.999948502, -0.0101462742, -0.99442178, -0.000886025664, -0.105472885},{6.120419025421143, 0.18353593349456787, 58.300716400146484},{6.228856086730957, -0.19771872460842133, 58.318302154541016},{6.197947978973389, 0.8860355615615845, 58.29883575439453},{6.18419075012207, -0.8968207836151123, 58.29545211791992},{0},{1},{0},{2}},{{2377.02905, 197.940781, 616.069336, -0.105577171, 0.0100436332, 0.994360387, 0.000438893272, 0.999949396, -0.0100534856, -0.994410992, -0.000625000452, -0.105576232},{6.266605377197266, 0.17736461758613586, 59.7641716003418},{6.369072437286377, -0.21789102256298065, 59.76169204711914},{6.354323387145996, 0.8932263851165771, 59.76609802246094},{6.334997177124023, -0.9370126128196716, 59.7524299621582},{0},{1},{0},{2}},{{2368.78174, 197.938797, 616.944946, -0.105601557, 0.00983264018, 0.99435991, 0.000366649416, 0.999951422, -0.00984899234, -0.994408429, -0.000675487507, -0.105600037},{6.516226768493652, 0.20283634960651398, 61.96637725830078},{6.604444980621338, -0.2376127392053604, 61.96340560913086},{6.586813449859619, 0.9343874454498291, 61.961036682128906},{6.569637298583984, -0.9729666113853455, 61.950103759765625},{0},{1},{0},{2}},{{2361.68237, 197.939636, 617.692261, -0.104259312, 0.0100965602, 0.994498909, 0.00182536012, 0.99994874, -0.00996052567, -0.9945485, 0.000776841014, -0.104272395},{5.74332332611084, -0.1717967391014099, 63.98824691772461},{6.101930618286133, -0.5910479426383972, 63.71922302246094},{6.790352821350098, 0.8443106412887573, 63.94454574584961},{6.744527339935303, -1.1313596963882446, 63.634159088134766},{1},{1},{0},{2}},{{2353.64502, 197.963562, 618.399231, -0.0836953819, 0.0108335549, 0.996432483, 0.0217523463, 0.999722481, -0.00904223602, -0.996253967, 0.0209179521, -0.0839078128},{1.9060943126678467, -0.9537353515625, 64.78636169433594},{2.4835691452026367, -1.6794949769973755, 65.01807403564453},{5.885126113891602, -0.3548353910446167, 66.54547882080078},{5.752243518829346, -2.329806089401245, 65.24822235107422},{1},{1},{0},{2}},{{2345.34619, 197.969055, 618.885376, -0.0589153543, 0.00814530347, 0.998229742, 0.0288324412, 0.999563396, -0.0064544999, -0.997846544, 0.0284011327, -0.0591244809},{0.364910751581192, -0.38598886132240295, 67.29904174804688},{1.088660478591919, -1.2486584186553955, 68.58551788330078},{4.0675177574157715, -0.7963546514511108, 68.63887023925781},{4.008062362670898, -2.733954906463623, 67.5711669921875},{0},{1},{0},{2}},{{2338.34839, 197.957169, 619.156311, -0.0428057984, 0.00850406475, 0.99904722, 0.0187477563, 0.999794543, -0.00770714786, -0.998907506, 0.0183999818, -0.0429564342},{1.318439245223999, -0.3607032001018524, 70.51708221435547},{1.5093048810958862, -1.1080503463745117, 69.41075897216797},{2.983412742614746, -0.2436114102602005, 70.48163604736328},{2.950873851776123, -2.2977077960968018, 69.35946655273438},{0},{1},{0},{2}},{{2330.35376, 197.939392, 619.390991, -0.0330776945, 0.0094127031, 0.999408484, 0.0014287479, 0.999955058, -0.00937056355, -0.999451756, 0.00111794611, -0.0330896564},{1.7596914768218994, 0.25476884841918945, 71.99781799316406},{1.8545267581939697, -0.30310481786727905, 71.61148071289062},{2.221627950668335, 0.8986312747001648, 71.9517593383789},{2.2265052795410156, -1.273492455482483, 71.68358612060547},{0},{1},{0},{2}},{{2322.97095, 197.929153, 619.604492, -0.0306692272, 0.00826118514, 0.999495447, -0.0071656853, 0.999938309, -0.00848472305, -0.999503911, -0.00742228981, -0.0306081381},{2.12050461769104, 0.7144805788993835, 73.46385955810547},{2.185063123703003, 0.11772450804710388, 73.42367553710938},{2.2198939323425293, 1.4831775426864624, 73.52271270751953},{2.2341442108154297, -0.6949508190155029, 73.48802185058594},{0},{1},{0},{2}},{{2314.13916, 197.927444, 619.875427, -0.0301751588, 0.00786840636, 0.999513626, -0.00349048432, 0.999962091, -0.00797731336, -0.999538541, -0.0037295036, -0.0301465504},{2.312160015106201, 0.583093523979187, 75.47695922851562},{2.316286087036133, -0.14175450801849365, 75.5102310180664},{2.3514657020568848, 1.367997169494629, 75.4881362915039},{2.329702854156494, -0.9270675778388977, 75.48076629638672},{0},{1},{0},{2}},{{2306.38257, 197.941528, 620.113953, -0.030018039, 0.00919592753, 0.99950707, 0.00153843802, 0.999956906, -0.00915386248, -0.999548197, 0.00126289867, -0.0300308932},{2.3333301544189453, 0.199094757437706, 77.16350555419922},{2.3406739234924316, -0.373851478099823, 77.17655181884766},{2.3640363216400146, 1.0743099451065063, 77.15576934814453},{2.3418116569519043, -1.2400611639022827, 77.15389251708984},{0},{1},{0},{2}},{{2298.90308, 197.943695, 620.338684, -0.0299053304, 0.00969765801, 0.999505699, 0.00236887601, 0.999950826, -0.00963109918, -0.999549925, 0.00207968382, -0.0299268328},{2.3250372409820557, 0.1161503866314888, 78.68962860107422},{2.346365451812744, -0.41743284463882446, 78.67497253417969},{2.3589704036712646, 1.0388023853302002, 78.68318176269531},{2.3382394313812256, -1.3340123891830444, 78.68426513671875},{0},{1},{0},{2}},{{2291.72974, 197.939011, 620.55127, -0.0298303925, 0.00944045465, 0.999510407, 0.00122007716, 0.999954998, -0.00940824114, -0.999554217, 0.000938828336, -0.0298405681},{2.359426736831665, 0.21554170548915863, 80.11735534667969},{2.386510133743286, -0.37991878390312195, 80.1040267944336},{2.382720470428467, 1.1412886381149292, 80.10719299316406},{2.3680174350738525, -1.3011077642440796, 80.11902618408203},{0},{1},{0},{2}},{{2283.96826, 197.934891, 620.781555, -0.0298171025, 0.00939035229, 0.999511242, 0.00014399807, 0.999955893, -0.00939023402, -0.999555349, -0.000136061877, -0.0298171397},{2.4199464321136475, 0.30839410424232483, 81.61016082763672},{2.4341301918029785, -0.3375672996044159, 81.60511016845703},{2.4364304542541504, 1.2537569999694824, 81.58317565917969},{2.419207811355591, -1.2729657888412476, 81.60100555419922},{0},{1},{0},{2}},{{2275.12207, 197.930725, 621.067261, -0.033495713, 0.00941325724, 0.999394536, -0.00541775068, 0.999939263, -0.00959996972, -0.99942416, -0.00573602831, -0.0334426798},{3.5179283618927, 0.6187822818756104, 82.97245025634766},{3.2493369579315186, 0.14185385406017303, 83.1019515991211},{2.627234697341919, 1.7006007432937622, 82.95681762695312},{2.6347153186798096, -0.8439307808876038, 83.599365234375},{0},{1},{0},{2}},{{2267.05566, 197.922318, 621.38623, -0.0399201848, 0.00817612465, 0.999169409, -0.0127303451, 0.999881208, -0.00869056955, -0.999121785, -0.0130667016, -0.0398113579},{2.977581024169922, 0.6491029858589172, 85.4024429321289},{3.4618072509765625, 0.19004783034324646, 84.70081329345703},{3.4034979343414307, 2.1449427604675293, 84.59173583984375},{3.3947393894195557, -0.3923943340778351, 84.74202728271484},{1},{1},{0},{2}},{{2257.43994, 197.929565, 621.76178, -0.0361389667, 0.00221361592, 0.999344349, 0.00386205828, 0.999990404, -0.00207538484, -0.999339283, 0.00378452381, -0.0361471698},{1.1872254610061646, 0.530956506729126, 87.6279067993164},{3.2472786903381348, -0.5421949625015259, 84.63572692871094},{3.3870346546173096, 0.9023400545120239, 85.91502380371094},{3.329596996307373, -1.4551002979278564, 85.4591064453125},{0},{1},{0},{3}},{{2249.17139, 197.965469, 622.014526, -0.0282948297, 0.00236972212, 0.999596834, 0.021190824, 0.99977386, -0.00177030929, -0.999374986, 0.0211321879, -0.0283386484},{1.6260372400283813, -0.6070643067359924, 87.1622314453125},{1.8252512216567993, -1.866139531135559, 86.51373291015625},{2.643490791320801, -0.4683188199996948, 87.39872741699219},{2.648688554763794, -2.5917768478393555, 86.46891784667969},{0},{1},{0},{3}},{{2239.30127, 197.960342, 622.225952, -0.0226590931, 0.0066479384, 0.999721169, 0.0136181545, 0.999887168, -0.00634038122, -0.999650478, 0.0134706898, -0.0227470696},{1.5819549560546875, -0.5214652419090271, 88.22993469238281},{1.6525933742523193, -1.3491142988204956, 87.98490905761719},{1.79897940158844, 0.1793879270553589, 88.13976287841797},{1.8247368335723877, -2.2257556915283203, 88.02948760986328},{0},{1},{0},{3}},{{2231.30151, 197.93924, 622.379761, -0.0218138229, 0.00762221124, 0.999732971, -0.00325714145, 0.999965072, -0.00769505044, -0.999756753, -0.00342413038, -0.0217882339},{1.7240517139434814, 0.552868664264679, 89.13026428222656},{1.751430630683899, -0.16985242068767548, 88.98869323730469},{1.795063853263855, 1.4316586256027222, 89.06134033203125},{1.7714074850082397, -1.114917278289795, 89.02301788330078},{0},{1},{0},{3}},{{2222.19702, 197.936417, 622.562866, -0.0205180775, 0.00660991902, 0.999767661, -0.00793796498, 0.999945521, -0.00677400501, -0.999757946, -0.00807511061, -0.0204644892},{0.9510236978530884, 0.6255432367324829, 91.14651489257812},{1.4533542394638062, -0.03705904260277748, 90.06845092773438},{1.9505544900894165, 1.7703216075897217, 90.29783630371094},{1.930077314376831, -0.7086502909660339, 90.03467559814453},{1},{1},{0},{3}},{{2213.50366, 197.965225, 622.675537, -0.00981579348, 0.00531630544, 0.999937713, 0.0111496868, 0.999924302, -0.00520678423, -0.999889672, 0.0110978829, -0.00987432525},{-0.6338930726051331, -0.23358607292175293, 91.60265350341797},{-0.29539763927459717, -1.0514295101165771, 90.73624420166016},{1.2177242040634155, 0.1723686158657074, 92.25296783447266},{1.2947403192520142, -2.0373306274414062, 90.69242095947266},{0},{1},{0},{3}},{{2203.67358, 197.974533, 622.646118, 0.00517799472, 0.00394441327, 0.99997884, 0.0306339581, 0.999522269, -0.00410123821, -0.999517262, 0.0306545459, 0.00505468762},{-1.0236066579818726, -1.5492663383483887, 92.48350524902344},{-0.9308018684387207, -2.641826629638672, 92.21036529541016},{-0.5179100632667542, -1.02692711353302, 92.53952026367188},{-0.4698092043399811, -3.478964328765869, 92.28202819824219},{0},{1},{0},{3}},{{2193.70117, 197.942093, 622.543823, 0.00788801629, 0.00566631742, 0.999952853, 0.0106646726, 0.999926567, -0.00575029571, -0.999912024, 0.0107095279, 0.00782700814},{-1.1192363500595093, -0.2558898329734802, 93.75972747802734},{-1.1136376857757568, -1.3754936456680298, 93.49858856201172},{-0.9950838685035706, 0.4805554449558258, 93.62533569335938},{-1.0010675191879272, -2.2604331970214844, 93.54901123046875},{0},{1},{0},{3}},{{2183.59839, 197.929504, 622.435669, 0.00820483081, 0.00760521274, 0.999937415, -0.0108471559, 0.999912918, -0.00751602184, -0.999907494, -0.0107848095, 0.00828661118},{-0.9100316762924194, 1.162876009941101, 94.82320404052734},{-0.9024370908737183, 0.36158645153045654, 94.73869323730469},{-0.8747491836547852, 2.1044392585754395, 94.74852752685547},{-0.9067242741584778, -0.6094085574150085, 94.73490142822266},{0},{1},{0},{3}},{{2174.99487, 197.938766, 622.362732, 0.00830661599, 0.00754802488, 0.999936998, -0.0106773637, 0.999915183, -0.0074591618, -0.999908507, -0.0106147304, 0.00838650484},{-0.7933429479598999, 1.1264854669570923, 95.97455596923828},{-0.7075662612915039, 0.44350287318229675, 95.67791748046875},{-0.48206329345703125, 2.1849989891052246, 98.05612182617188},{-0.7140903472900391, -0.44735807180404663, 96.10101318359375},{0},{1},{0},{3}},{{2165.75464, 197.936111, 622.294434, 0.00857403781, 0.00575279864, 0.999946713, -0.000601799868, 0.999983311, -0.00574784912, -0.999963045, -0.000552485464, 0.00857735705},{-0.7406800389289856, 0.5718114376068115, 96.7027816772461},{-0.6922289729118347, -0.4404931664466858, 96.7786636352539},{-0.739990770816803, 1.4432826042175293, 96.79041290283203},{-0.7114840745925903, -1.2636127471923828, 96.80774688720703},{0},{1},{0},{3}},{{2155.30713, 197.935516, 622.211121, 0.00867805444, 0.00514491694, 0.999949098, 0.00557202613, 0.999970973, -0.00519338623, -0.999946833, 0.0056168111, 0.00864913501},{-0.8381705284118652, 0.18608041107654572, 98.01754760742188},{-0.8497480750083923, -1.0319832563400269, 98.02305603027344},{-0.8270728588104248, 1.004790186882019, 97.99777221679688},{-0.8536173105239868, -1.8411027193069458, 98.00094604492188},{0},{1},{0},{3}},{{2145.28979, 197.945221, 622.120605, 0.00877623633, 0.00638732547, 0.999941111, 0.00317571522, 0.99997437, -0.00641541043, -0.999956429, 0.00323183136, 0.00875572767},{-0.9210459589958191, 0.21667522192001343, 99.17483520507812},{-0.9208656549453735, -0.7331566214561462, 99.13745880126953},{-0.898913562297821, 1.1266798973083496, 99.12096405029297},{-0.9248471856117249, -1.6503959894180298, 99.12088775634766},{0},{1},{0},{3}},{{2134.02783, 197.943298, 622.016907, 0.00879124552, 0.00714094099, 0.999935865, -0.000952514994, 0.999974132, -0.00713283941, -0.999960899, -0.000889747404, 0.00879781973},{-0.9186279773712158, 0.4807610809803009, 100.35592651367188},{-0.8941962122917175, -0.36039069294929504, 100.34050750732422},{-0.9026480913162231, 1.4693470001220703, 100.32553100585938},{-0.9111145734786987, -1.3393185138702393, 100.34098052978516},{0},{1},{0},{3}},{{2124.3457, 197.941757, 621.933899, 0.00840823725, 0.00654189102, 0.999943256, 3.48044305e-05, 0.999978602, -0.00654241489, -0.999964654, 8.98126309e-05, 0.00840782933},{-0.8609060645103455, 0.45926493406295776, 101.3670425415039},{-0.8216255307197571, -0.4734067916870117, 101.36001586914062},{-0.842107355594635, 1.4154123067855835, 101.39411926269531},{-0.8410653471946716, -1.4157862663269043, 101.37788391113281},{0},{1},{0},{3}},{{2113.40625, 197.937454, 621.841797, 0.00845405925, 0.00580803631, 0.999947369, 0.000601099862, 0.999982893, -0.00581332482, -0.999964058, 0.000650214439, 0.0084504243},{-0.8694702982902527, 0.4919801652431488, 102.57821655273438},{-0.8610266447067261, -0.6008815169334412, 102.57772064208984},{-0.8576210737228394, 1.401944637298584, 102.56051635742188},{-0.8760161995887756, -1.4982138872146606, 102.55970764160156},{0},{1},{0},{3}},{{2101.75488, 197.940582, 621.742981, 0.00846710056, 0.00655227993, 0.99994266, 0.000443696073, 0.999978423, -0.00655627111, -0.999964058, 0.000499183254, 0.00846401043},{-0.8861152529716492, 0.455396831035614, 103.80663299560547},{-0.8760172128677368, -0.5409597158432007, 103.80452728271484},{-0.8725038170814514, 1.4319560527801514, 103.77460479736328},{-0.8887743949890137, -1.5037351846694946, 103.78366088867188},{0},{1},{0},{3}},{{2089.96631, 197.94606, 621.642944, 0.00829243008, 0.00699701952, 0.999941111, 0.00101062015, 0.999974966, -0.00700563705, -0.999965131, 0.00106865435, 0.00828515086},{-0.8644254803657532, 0.29463991522789, 105.8416748046875},{-0.8061343431472778, -0.5231911540031433, 104.98695373535156},{-0.8680325746536255, 1.4058171510696411, 104.97040557861328},{-0.8787260055541992, -1.5351654291152954, 104.97420501708984},{0},{1},{0},{3}},{{2078.04077, 197.947647, 621.54657, 0.00805942249, 0.00507088704, 0.999954641, 0.000916945806, 0.999986708, -0.00507844007, -0.999967098, 0.000957833545, 0.00805466622},{-0.8624058961868286, 0.4002465605735779, 106.25560760498047},{-1.3211687803268433, -0.45304790139198303, 105.98018646240234},{-0.9219107031822205, 1.2119754552841187, 106.77801513671875},{-0.8294510245323181, -1.4605481624603271, 106.16983795166016},{0},{1},{0},{3}},{{2065.97632, 197.93161, 621.44873, 0.00800169818, 0.00307747093, 0.999963224, -0.000519397436, 0.999995112, -0.00307341293, -0.999967873, -0.00049478584, 0.00800325815},{-0.9135074615478516, 0.5501641035079956, 108.53828430175781},{-0.8589757084846497, -0.6597900986671448, 107.51285552978516},{-0.8924353718757629, 1.4906998872756958, 107.37973022460938},{-0.789107620716095, -1.289097785949707, 108.02301025390625},{0},{1},{0},{3}},{{2052.5437, 197.929825, 621.342102, 0.0078895567, 0.00366492243, 0.999962151, -0.000467304606, 0.999993205, -0.00366134918, -0.999968767, -0.000438400515, 0.00789121632},{-0.8497781753540039, 0.7486504912376404, 108.73612213134766},{-0.8830099701881409, -0.6317666172981262, 109.80994415283203},{-0.8900068998336792, 1.5273648500442505, 108.78495788574219},{-0.8462977409362793, -1.4899559020996094, 108.76203918457031},{0},{1},{0},{3}},{{2042.67126, 197.936005, 621.263611, 0.00788349099, 0.00436155777, 0.999959409, -0.000426578394, 0.999990404, -0.00435832981, -0.999968827, -0.000392202201, 0.00788527634},{-0.34872040152549744, 0.553517758846283, 109.62552642822266},{-0.9074593782424927, -0.5872911810874939, 110.12378692626953},{-0.8850790858268738, 1.5126467943191528, 109.71855163574219},{-1.1310738325119019, -1.5279591083526611, 111.96916961669922},{0},{1},{0},{3}},{{2031.4624, 197.937653, 621.173889, 0.00786975585, 0.00434561539, 0.999959588, 0.000216451983, 0.999990523, -0.00434745336, -0.999969006, 0.000250656623, 0.00786874071},{-0.8955915570259094, 0.5542714595794678, 111.77567291259766},{-0.8968663215637207, -0.6365007758140564, 110.79312896728516},{-0.8928313851356506, 1.5134574174880981, 110.75312042236328},{-0.8441241979598999, -1.4732521772384644, 111.09767150878906},{0},{1},{0},{3}},{{2020.14587, 197.93515, 621.084351, 0.00792893581, 0.00395357935, 0.999960721, 0.000399797951, 0.999992073, -0.00395687344, -0.999968469, 0.000431156048, 0.00792729203},{-0.8730742335319519, 0.6279013752937317, 111.87904357910156},{-1.4297008514404297, -0.5864638090133667, 111.67726135253906},{-0.9103062748908997, 1.445266604423523, 112.16236877441406},{-0.8514019846916199, -1.5551385879516602, 111.83505249023438},{0},{1},{0},{3}},{{2008.72168, 197.935043, 620.990479, 0.00822306983, 0.00378592615, 0.999959052, 0.000117085874, 0.999992847, -0.00378701696, -0.999966204, 0.000148221981, 0.00822256692},{-1.2883671522140503, 0.5428181886672974, 112.87847900390625},{-1.2620335817337036, -0.8191287517547607, 113.27719116210938},{-0.9109907746315002, 1.4850620031356812, 112.97576141357422},{-1.1481468677520752, -1.624954342842102, 115.07891845703125},{1},{1},{0},{3}},{{1995.27966, 197.948395, 620.765015, 0.0220275968, 0.00434165914, 0.999747932, 0.0185846798, 0.999816, -0.00475143362, -0.999584615, 0.0186846573, 0.0219428558},{-5.1294331550598145, -1.0551568269729614, 113.48182678222656},{-4.867560863494873, -2.211688280105591, 115.37088775634766},{-2.210926055908203, -0.048143450170755386, 114.44983673095703},{-2.1932713985443115, -3.350980043411255, 113.67823028564453},{1},{1},{0},{3}},{{1983.00659, 197.963898, 620.379395, 0.0341956839, 0.00250659138, 0.999412, 0.0322089568, 0.999474645, -0.00360880373, -0.998896003, 0.0323134214, 0.0340969823},{-7.237558841705322, -2.02274227142334, 118.29090118408203},{-6.3726277351379395, -3.202831745147705, 113.8729248046875},{-3.8814220428466797, -1.4213275909423828, 116.04896545410156},{-3.8391716480255127, -4.620082378387451, 114.75343322753906},{0},{1},{0},{3}},{{1970.61841, 197.954819, 619.851135, 0.0423284583, 0.00286501297, 0.999099612, 0.0212695803, 0.999766648, -0.00376804569, -0.998877347, 0.0214099269, 0.0422576442},{-6.371950149536133, -1.2361376285552979, 117.30416107177734},{-5.797476291656494, -2.598276376724243, 115.80183410644531},{-5.139756679534912, -0.6395161747932434, 117.20186614990234},{-5.03856086730957, -3.6925899982452393, 116.23046875},{0},{1},{0},{3}},{{1958.77051, 197.946304, 619.275635, 0.0469767675, 0.00558143854, 0.998880386, 0.00495237252, 0.999970794, -0.00582043873, -0.998883724, 0.00522025302, 0.0469477549},{-5.885643482208252, 0.12122786790132523, 117.20085144042969},{-5.8174262046813965, -1.069374442100525, 117.0078353881836},{-5.689072132110596, 1.0621280670166016, 117.1778564453125},{-5.644918918609619, -2.161714553833008, 117.07694244384766},{0},{1},{0},{3}},{{1946.81848, 197.926727, 618.68988, 0.0478414707, 0.00723060314, 0.998828769, -0.00646664295, 0.999955058, -0.0069290204, -0.998834014, -0.00612757448, 0.047886081},{-5.763962268829346, 1.1707735061645508, 118.14893341064453},{-5.748733043670654, -0.026875639334321022, 118.08892059326172},{-5.696778297424316, 2.296283721923828, 118.11762237548828},{-5.72416353225708, -1.1834282875061035, 118.07365417480469},{0},{1},{0},{3}},{{1934.76099, 197.934723, 618.125671, 0.0455506854, 0.00683507696, 0.99893862, -0.0100489249, 0.99992913, -0.00638363231, -0.9989115, -0.00974748097, 0.0456161425},{-4.178552627563477, 1.4578825235366821, 118.7504653930664},{-4.555423259735107, 0.5798770785331726, 119.3652114868164},{-5.553112506866455, 2.6223819255828857, 118.8238754272461},{-5.5774407386779785, -0.5975074768066406, 119.3716049194336},{-1},{1},{0},{3}},{{1921.22827, 197.909561, 617.663147, 0.0300434995, 0.00518590584, 0.999535143, -0.0225452408, 0.999735653, -0.00450929301, -0.999294281, -0.0223992858, 0.0301524755},{-1.8355108499526978, 2.4512267112731934, 121.31464385986328},{-1.1367332935333252, 1.3478471040725708, 121.82058715820312},{-3.747833013534546, 3.843172550201416, 119.84638214111328},{-4.133586883544922, 0.5710490345954895, 122.5954818725586},{0},{1},{0},{3}},{{1910.34705, 197.910904, 617.411438, 0.0231566448, 0.00264943507, 0.999728322, -0.0200270694, 0.999797046, -0.00218573143, -0.999531209, -0.0199710149, 0.0232050065},{-2.001436948776245, 2.6003308296203613, 120.54829406738281},{-1.3915295600891113, 0.9113924503326416, 121.58900451660156},{-2.7362301349639893, 3.5489368438720703, 120.8813247680664},{-2.7360212802886963, 0.4215978682041168, 120.87886047363281},{0},{1},{0},{4}},{{1895.96851, 197.933548, 617.15979, 0.0183167495, 0.00413877098, 0.999823689, -0.00488611916, 0.999979854, -0.00404990371, -0.999820292, -0.00481107645, 0.0183366034},{-1.9675607681274414, 1.1977883577346802, 121.61157989501953},{-1.915477991104126, -0.2568541169166565, 121.78753662109375},{-2.115082025527954, 2.159353256225586, 121.62998962402344},{-2.081897497177124, -1.0642640590667725, 121.72608947753906},{0},{1},{0},{4}},{{1884.25391, 197.94426, 616.965149, 0.0175659657, 0.00606351998, 0.999827325, 0.00456908811, 0.999970675, -0.00614466378, -0.999835253, 0.00467623584, 0.0175377466},{-2.0590336322784424, 0.20354750752449036, 122.3918228149414},{-2.047438621520996, -1.0497143268585205, 122.45381164550781},{-2.0822336673736572, 1.3302377462387085, 122.37433624267578},{-2.105034112930298, -2.124002456665039, 122.4085464477539},{0},{1},{0},{4}},{{1872.47192, 197.952988, 616.760742, 0.0173714645, 0.0061910809, 0.999829948, 0.00562194735, 0.999964416, -0.00628959155, -0.999833286, 0.00573025038, 0.0173360407},{-1.693429946899414, -0.11759162694215775, 122.94918823242188},{-2.1239333152770996, -1.0984214544296265, 123.11852264404297},{-2.168858528137207, 1.111499309539795, 123.3127670288086},{-2.183048725128174, -2.220240354537964, 123.11052703857422},{0},{1},{0},{4}},{{1859.91858, 197.953918, 616.543457, 0.0167314671, 0.00420893775, 0.999851167, 0.00170787284, 0.999989569, -0.00423809979, -0.999858558, 0.00177852833, 0.0167241041},{-2.1418652534484863, 0.3854942321777344, 123.97876739501953},{-2.5707757472991943, -0.6272250413894653, 123.67002868652344},{-2.194777250289917, 1.2456697225570679, 124.46273803710938},{-2.089609146118164, -1.7111350297927856, 123.89423370361328},{0},{1},{0},{4}},{{1847.28589, 197.928131, 616.326904, 0.0167652853, 0.00175991643, 0.999857903, -0.00244223699, 0.99999553, -0.00171920808, -0.999856472, -0.00241306704, 0.0167695079},{-1.570980429649353, 0.9970099925994873, 124.5549545288086},{-2.106048822402954, -0.5957032442092896, 125.18495178222656},{-2.1458823680877686, 1.8443528413772583, 124.66584014892578},{-2.3704397678375244, -1.4524884223937988, 126.46144104003906},{0},{1},{0},{4}},{{1833.8623, 197.915787, 616.102173, 0.0166476741, 0.00271415943, 0.999857724, -0.00159901916, 0.999995112, -0.00268790871, -0.999860168, -0.00155404431, 0.0166519322},{-2.0397961139678955, 1.1750240325927734, 125.57721710205078},{-2.0905120372772217, -0.8677572011947632, 125.59667205810547},{-2.0734975337982178, 1.984483242034912, 125.54156494140625},{-2.0809924602508545, -1.6579681634902954, 125.55237579345703},{0},{1},{0},{4}},{{1822.48987, 197.937851, 615.914734, 0.0166033152, 0.0047970931, 0.999850631, -0.000168149039, 0.999988496, -0.00479496224, -0.999862134, -8.85116606e-05, 0.0166039318},{-2.0532736778259277, 0.7454701662063599, 126.27100372314453},{-2.0885491371154785, -0.7196131348609924, 126.28972625732422},{-2.0603771209716797, 1.7647087574005127, 126.21922302246094},{-2.1054165363311768, -1.7110035419464111, 126.23784637451172},{0},{1},{0},{4}},{{1809.62244, 197.960327, 615.701294, 0.0169914868, 0.00581176067, 0.999838769, 0.00210765772, 0.999980688, -0.00584840355, -0.999853432, 0.00220669108, 0.0169789102},{-2.1811563968658447, 0.2693019509315491, 126.95697784423828},{-2.130852699279785, -0.6190894842147827, 127.96455383300781},{-2.1536977291107178, 1.3799796104431152, 127.03636932373047},{-2.1364974975585938, -1.8126672506332397, 127.0006103515625},{0},{1},{0},{4}},{{1796.67578, 197.950348, 615.481506, 0.0168148633, 0.00378955016, 0.999851465, 0.00190838741, 0.99999088, -0.00382217276, -0.99985677, 0.00197237311, 0.0168074779},{-2.1906821727752686, 0.42667651176452637, 128.1854248046875},{-2.1283347606658936, -0.8438472151756287, 127.64534759521484},{-1.9674583673477173, 1.471937656402588, 129.51783752441406},{-2.135209321975708, -1.767386555671692, 127.85501098632812},{0},{1},{0},{4}},{{1782.9248, 197.921249, 615.24823, 0.0168341864, 0.00165206438, 0.999856949, 0.000197230736, 0.999998629, -0.00165561913, -0.99985826, 0.000225073527, 0.0168338362},{-2.1590640544891357, 1.0027375221252441, 128.57469177246094},{-2.1719846725463867, -1.072642207145691, 128.5613250732422},{-2.204263925552368, 1.7435098886489868, 128.61648559570312},{-2.1391186714172363, -1.790549874305725, 128.60093688964844},{0},{1},{0},{4}},{{1770.54541, 197.920746, 615.040588, 0.0166847408, 0.00322710187, 0.999855578, -0.000515941181, 0.999994695, -0.00321894139, -0.999860644, -0.000462159485, 0.0166863166},{-2.13046932220459, 1.0384821891784668, 129.40164184570312},{-2.191854953765869, -0.956019937992096, 129.40103149414062},{-2.1434383392333984, 1.9207124710083008, 129.33824157714844},{-2.178450584411621, -1.8230946063995361, 129.33621215820312},{0},{1},{0},{4}},{{1757.36255, 197.950989, 614.820129, 0.0168650858, 0.00548128085, 0.999842763, 0.000619342376, 0.999984741, -0.00549250608, -0.999857605, 0.00071187655, 0.0168614332},{-2.218169927597046, 0.4930447041988373, 131.2349395751953},{-2.204805374145508, -0.6180036664009094, 130.07382202148438},{-2.129735231399536, 1.659767746925354, 130.1521453857422},{-2.1534030437469482, -1.7589845657348633, 130.0258026123047},{-1},{1},{0},{4}},{{1742.61829, 197.945251, 614.603027, 0.0121049974, 0.00512096239, 0.999913633, -0.00382611412, 0.999979794, -0.00507498207, -0.999919415, -0.0037643509, 0.0121243466},{-0.4411275386810303, 0.8867587447166443, 131.8424072265625},{0.012747150845825672, -0.09699032455682755, 131.2078399658203},{-1.8811370134353638, 2.1386051177978516, 130.50767517089844},{-1.841309905052185, -1.200371503829956, 131.30247497558594},{-1},{1},{0},{4}},{{1727.77283, 197.894394, 614.571533, -0.00201043114, 0.00287330453, 0.999993861, -0.0254994743, 0.999670565, -0.00292364089, -0.99967283, -0.0255051963, -0.00193650101},{1.893660545349121, 3.2145371437072754, 131.46514892578125},{2.6141018867492676, 1.1601325273513794, 130.67236328125},{0.09717866033315659, 4.467670440673828, 131.5855712890625},{0.11222869902849197, 0.789510190486908, 131.9644317626953},{0},{1},{0},{4}},{{1715.08899, 197.90506, 614.653931, -0.00639944896, 0.0031977701, 0.99997443, -0.0203182604, 0.999788046, -0.00332720298, -0.999773085, -0.0203390345, -0.00633311924},{1.824271321296692, 2.761090040206909, 133.45382690429688},{1.9765549898147583, 1.1354564428329468, 133.33616638183594},{1.0084691047668457, 4.03719425201416, 132.404541015625},{0.9997639656066895, 0.36922869086265564, 132.5276641845703},{0},{1},{0},{4}},{{1701.5824, 197.950348, 614.800293, -0.00975701306, 0.00504858047, 0.99993968, -0.00309470156, 0.999982297, -0.00507899281, -0.999947608, -0.00314407074, -0.0097412169},{1.5837451219558716, 0.91590416431427, 133.04806518554688},{1.6541211605072021, -0.20470108091831207, 133.81314086914062},{1.4229706525802612, 2.0775420665740967, 133.25650024414062},{1.222399115562439, -1.3038618564605713, 135.05752563476562},{0},{1},{0},{4}},{{1685.73438, 197.938446