return {{{2460.06396, 197.916626, 604.727234, -0.158799782, -0.000971480622, 0.98731035, 0.00891567301, 0.999957323, 0.00241792877, -0.987270534, 0.00918650255, -0.158784345},{0.056444041430950165, 0.0038752350956201553, -0.0033841757103800774},{0.05800202861428261, 0.003042995696887374, 0.02946728654205799},{0.05460283160209656, -0.0003485290799289942, -0.010767706669867039},{0.052880000323057175, -0.0001998547522816807, -0.01261670608073473},{0},{0},{0},{1}},{{2460.06299, 197.914841, 604.726196, -0.158782318, -0.00110292039, 0.987312973, 0.00790330302, 0.999965906, 0.00238808524, -0.987281978, 0.00818221923, -0.158768192},{-0.05070497468113899, 0.013940321281552315, 0.05469202250242233},{-0.05503134801983833, 0.01422945037484169, 0.009817858226597309},{-0.05456011742353439, -0.0009200587519444525, 0.012439637444913387},{-0.05226362869143486, -0.0008697209414094687, 0.008749112486839294},{0},{0},{0},{1}},{{2460.06152, 197.905334, 604.719055, -0.158754811, -0.00231310097, 0.987315357, 0.000942595711, 0.999996424, 0.00249437476, -0.987317562, 0.00132663315, -0.158752054},{-0.04754965379834175, 0.00820127408951521, 0.05224141478538513},{-0.0530344620347023, 0.008857188746333122, 0.013669105246663094},{-0.05260170251131058, -0.0003319125098641962, 0.010754668153822422},{-0.05270419642329216, -0.0003525750362314284, 0.010004284791648388},{0},{0},{0},{1}},{{2460.0603, 197.90329, 604.71698, -0.158766434, -0.00270227063, 0.987312496, -0.00119316496, 0.999996066, 0.00254511647, -0.987315476, -0.000773947628, -0.158769026},{0.015399076975882053, -0.0006887164781801403, 0.016810819506645203},{0.015443515963852406, -0.000774263113271445, 0.025776809081435204},{0.010389181785285473, 0.00038222636794671416, -0.0031095282174646854},{0.0096583878621459, 0.00036504867603071034, -0.0015408836770802736},{0},{0},{0},{1}},{{2460.05981, 197.906128, 604.719421, -0.158787772, -0.00234689354, 0.987309933, 0.000845296425, 0.999996483, 0.00251299795, -0.987312376, 0.00123360299, -0.158785224},{0.029894595965743065, -0.0028802542947232723, 0.009572520852088928},{0.03158751130104065, -0.0024853311479091644, 0.028293387964367867},{0.02571028098464012, 0.00021861579443793744, -0.005326807498931885},{0.026237403973937035, 0.00019891468400601298, -0.0048668584786355495},{0},{0},{0},{1}},{{2460.05933, 197.90834, 604.721619, -0.158800602, -0.00201428588, 0.987308621, 0.0027237013, 0.999993205, 0.00247825007, -0.987306893, 0.00308268145, -0.158794045},{0.01321026124060154, 0.00017247024516109377, 0.018715213984251022},{0.013569490052759647, 0.00025318091502413154, 0.02420596405863762},{0.009069375693798065, 0.00002650205533427652, -0.0015940886223688722},{0.009862997569143772, 0.00001950970181496814, -0.00185145135037601},{0},{0},{0},{1}},{{2460.05859, 197.908234, 604.721924, -0.158789396, -0.00203917013, 0.98731035, 0.00269832346, 0.999993265, 0.00249933731, -0.9873088, 0.00306095113, -0.158782825},{0, 0, 0},{0, 0, 0},{0, 0, 0},{0, 0, 0},{0},{0},{0},{1}},{{2460.05762, 197.907761, 604.721619, -0.158790439, -0.0021527037, 0.987309933, 0.00220690062, 0.999994338, 0.0025352994, -0.987309813, 0.00258147623, -0.158784792},{-0.0009867162443697453, 0.0010292271617799997, 0.027698634192347527},{-0.0019889480900019407, 0.0017406822880730033, 0.02313876897096634},{-0.004898872692137957, -0.00002575080179667566, 0.0019945690874010324},{-0.004985449369996786, -0.00006878410931676626, 0.0018826532177627087},{0},{0},{0},{1}},{{2460.0564, 197.907532, 604.721558, -0.158788562, -0.00221164385, 0.987310112, 0.00194817095, 0.999994814, 0.00255338196, -0.987310708, 0.0023288969, -0.158783436},{0.00377229368314147, 0.00006421763100661337, 0.02376392111182213},{0.0030067837797105312, 0.000730439554899931, 0.022912176325917244},{-0.0006956876604817808, 0.00005134720413479954, -0.0000035508651308191475},{-0.0005694038118235767, 0.00003602322976803407, 0.00011418632493587211},{0},{0},{0},{1}},{{2460.05566, 197.907547, 604.721558, -0.158790335, -0.0022365083, 0.987309813, 0.00194779749, 0.999994755, 0.00257850974, -0.98731041, 0.00233252207, -0.158785149},{0.003861882956698537, -0.0001786563079804182, 0.024350760504603386},{0.0036322742234915495, 0.0004921943764202297, 0.023494021967053413},{0.000038558398955501616, -0.000027864571165991947, 0.0009746409486979246},{0.0002434989291941747, -0.0000479618065583054, 0.0007241957355290651},{0},{0},{0},{1}},{{2460.05493, 197.907578, 604.721558, -0.158790335, -0.00227182475, 0.987309694, 0.00194866699, 0.999994695, 0.00261441991, -0.98731041, 0.00233908254, -0.15878506},{0.003948785364627838, -0.0003096680447924882, 0.023930629715323448},{0.003699866821989417, 0.0006401149439625442, 0.02319796197116375},{0.0000727442093193531, 0.0000010798781886478537, 0.0005819108919240534},{0.00016964391397777945, -0.000016894990039872937, 0.0004751938977278769},{0},{0},{0},{1}},{{2460.05396, 197.907578, 604.721558, -0.15879041, -0.00229725591, 0.987309635, 0.0019505776, 0.999994636, 0.0026404853, -0.98731041, 0.00234510773, -0.158785075},{0.004035564139485359, -0.00039854150963947177, 0.023821016773581505},{0.0036441138945519924, 0.0006421553553082049, 0.023270567879080772},{-0.00013932579895481467, 0.000018129390809917822, 0.0002588891366031021},{0.00021078920690342784, -0.0000027461196623335127, 0.0002057295205304399},{0},{0},{0},{1}},{{2460.03687, 197.906357, 604.724182, -0.158783093, -0.00114099414, 0.987312853, 0.00193198188, 0.999997079, 0.00146636076, -0.987311602, 0.00214030384, -0.158780426},{0.08112915605306625, 0.0005773987504653633, 0.44734352827072144},{0.06207771226763725, -0.002040474209934473, 0.4496725797653198},{0.05353498458862305, 0.003459247061982751, 0.42295634746551514},{0.080418162047863, -0.0055511267855763435, 0.4135083258152008},{0},{0.43269595317542553},{0},{1}},{{2459.94751, 197.904022, 604.738464, -0.158772305, 0.00272831251, 0.987311482, 0.00190827681, 0.999995172, -0.00245648692, -0.98731339, 0.00149404153, -0.15877673},{0.2664934992790222, 0.002206277335062623, 1.5448825359344482},{0.2305356115102768, -0.007387626450508833, 1.550645112991333},{0.21989937126636505, 0.01528562419116497, 1.5202233791351318},{0.2648542523384094, -0.02240673452615738, 1.4975857734680176},{0},{0.8558414708822966},{0},{1}},{{2459.6897, 197.902924, 604.780029, -0.158759579, 0.00711204018, 0.987291634, 0.0019129765, 0.99997437, -0.00689578895, -0.987315416, 0.000793893123, -0.158769131},{0.5432091951370239, 0.007123664487153292, 3.3179194927215576},{0.52557373046875, -0.017324987798929214, 3.321528434753418},{0.5213742852210999, 0.03911127895116806, 3.3119678497314453},{0.5371076464653015, -0.05385419726371765, 3.2802484035491943},{0},{1},{0},{1}},{{2459.14771, 197.901794, 604.867249, -0.158757746, 0.00715621188, 0.987291634, 0.0019542675, 0.999974072, -0.00693388935, -0.987315655, 0.000828623306, -0.158767611},{0.8827590346336365, 0.01413474790751934, 5.5091142654418945},{0.8941689133644104, -0.03235643357038498, 5.508877277374268},{0.8903648853302002, 0.0659397691488266, 5.525851249694824},{0.8821231722831726, -0.09145963937044144, 5.478296756744385},{0},{1},{0},{1}},{{2458.41333, 197.89975, 604.985657, -0.158766031, 0.00671622623, 0.987293363, 0.00216878508, 0.999976814, -0.00645374646, -0.987313867, 0.00111659151, -0.158776909},{1.228493332862854, 0.020499153062701225, 7.638973236083984},{1.2307178974151611, -0.04692588001489639, 7.638347148895264},{1.2315633296966553, 0.09058080613613129, 7.647124290466309},{1.2195996046066284, -0.1291952133178711, 7.579627990722656},{0},{1},{0},{1}},{{2457.65576, 197.900223, 605.107544, -0.158763796, 0.00693673128, 0.98729223, 0.00225184555, 0.999975264, -0.00666372897, -0.987314045, 0.00116527081, -0.158775479},{1.5076501369476318, 0.022912167012691498, 9.360271453857422},{1.5059754848480225, -0.05680038407444954, 9.36086654663086},{1.5054723024368286, 0.11138280481100082, 9.364943504333496},{1.4943581819534302, -0.1594056785106659, 9.282947540283203},{0},{1},{0},{1}},{{2456.6189, 197.901031, 605.274231, -0.158765227, 0.00734869344, 0.987289011, 0.00218605832, 0.999972463, -0.0070915618, -0.987313926, 0.00103237783, -0.158776924},{1.8207205533981323, 0.02579563669860363, 11.330072402954102},{1.8205804824829102, -0.06549692153930664, 11.327900886535645},{1.820733904838562, 0.1363627314567566, 11.334063529968262},{1.8058339357376099, -0.19399487972259521, 11.234013557434082},{0},{1},{0},{1}},{{2455.38208, 197.907425, 605.472961, -0.158778563, 0.00784892868, 0.987282991, 0.00206532725, 0.999968827, -0.0076176282, -0.987312078, 0.000829546363, -0.158789828},{2.141045570373535, 0.032543886452913284, 13.331708908081055},{2.1393370628356934, -0.07612082362174988, 13.328608512878418},{2.1398377418518066, 0.16803430020809174, 13.335615158081055},{2.127763271331787, -0.22644662857055664, 13.252687454223633},{0},{1},{0},{1}},{{2453.93579, 197.914307, 605.705139, -0.158788115, 0.00875473674, 0.987273872, 0.00155841711, 0.999961674, -0.00861659925, -0.987311423, 0.000170370942, -0.15879567},{2.4737741947174072, 0.039588406682014465, 15.404434204101562},{2.4677000045776367, -0.07845829427242279, 15.400803565979004},{2.4679768085479736, 0.20853522419929504, 15.404606819152832},{2.4627366065979004, -0.2561837434768677, 15.352246284484863},{0},{1},{0},{1}},{{2450.71606, 197.922562, 606.219727, -0.158529982, 0.0102159623, 0.98730129, 0.000864323694, 0.999947548, -0.010208034, -0.987353802, -0.000764931494, -0.158530504},{2.8521032333374023, -0.49573788046836853, 19.347782135009766},{2.8739702701568604, -0.5636028051376343, 19.264280319213867},{3.71272349357605, 0.3565240502357483, 23.01784324645996},{3.3617587089538574, -0.3445126712322235, 19.145957946777344},{1},{1},{0},{1}},{{2448.04346, 197.945206, 606.580444, -0.144523293, 0.0113268122, 0.989436567, 0.0116525646, 0.999884605, -0.00974437222, -0.989432812, 0.0101211844, -0.144638598},{1.45744788646698, -0.5408700108528137, 22.961153030395508},{1.5596816539764404, -0.6407853364944458, 21.90304946899414},{3.443422555923462, -0.11127851158380508, 22.736177444458008},{3.400167226791382, -0.789426326751709, 22.458175659179688},{0},{1},{0},{1}},{{2445.54932, 197.947861, 606.834717, -0.125565097, 0.0130681088, 0.991999328, 0.0128287598, 0.999851048, -0.011547707, -0.992002428, 0.0112761324, -0.125714049},{1.419697642326355, 0.4049551486968994, 25.367231369018555},{1.6326464414596558, 0.1955040991306305, 24.359573364257812},{3.1400067806243896, -0.08490104973316193, 25.153085708618164},{3.3283321857452393, -0.9082559943199158, 26.584426879882812},{0},{1},{0},{1}},{{2442.46997, 197.934235, 607.116882, -0.110431366, 0.0130553255, 0.993798018, 0.00111417123, 0.999914706, -0.0130118718, -0.993883133, -0.000329657632, -0.110436492},{2.09397554397583, 0.32586801052093506, 27.940393447875977},{2.2592310905456543, 0.14867956936359406, 27.34204864501953},{2.9855897426605225, 0.2973068654537201, 27.822750091552734},{2.9260854721069336, -0.5944163203239441, 27.30107879638672},{0},{1},{0},{1}},{{2439.88916, 197.926346, 607.361816, -0.10450346, 0.0126656955, 0.994443893, -0.00539340731, 0.999897003, -0.0133019276, -0.994509876, -0.00675353827, -0.104424387},{2.567993640899658, 0.3485632538795471, 29.98487663269043},{2.7376651763916016, 0.1804022639989853, 29.62335968017578},{3.1754519939422607, 0.5437373518943787, 30.336332321166992},{3.092705011367798, -0.4427684247493744, 29.59308624267578},{0},{1},{0},{1}},{{2436.55811, 197.927917, 607.688354, -0.100133903, 0.0132574756, 0.994885623, -0.0035843295, 0.999899924, -0.0136850523, -0.99496752, -0.00493633561, -0.100076362},{3.0060222148895264, 0.23953777551651, 32.55581283569336},{3.145198345184326, 0.07498115301132202, 32.404571533203125},{3.3315091133117676, 0.6012731194496155, 32.646060943603516},{3.3910508155822754, -0.4979017376899719, 33.352840423583984},{0},{1},{0},{1}},{{2432.93213, 197.934006, 608.047852, -0.0978922695, 0.0139420396, 0.995099366, -9.15851997e-05, 0.999901712, -0.0140183335, -0.995196998, -0.0014634229, -0.0978813693},{3.3159377574920654, 0.10882797092199326, 35.24473190307617},{3.435403347015381, -0.04129145294427872, 35.169036865234375},{3.6908152103424072, 0.6068575978279114, 37.13294982910156},{3.952924966812134, -0.6819546222686768, 39.99944305419922},{0},{1},{0},{1}},{{2428.79834, 197.93718, 608.453918, -0.0965691656, 0.0138611319, 0.995229781, 0.000833888189, 0.999903798, -0.0138453161, -0.995325923, -0.000507120334, -0.096571438},{3.593311071395874, 0.06117282435297966, 38.073699951171875},{3.7040367126464844, -0.09080730378627777, 38.022499084472656},{4.18637752532959, 0.6718941926956177, 43.016685485839844},{4.029510498046875, -0.7241549491882324, 41.59848403930664},{0},{1},{0},{1}},{{2424.34106, 197.936768, 608.886414, -0.096003212, 0.0136812367, 0.995287001, 0.000725743361, 0.999906242, -0.0136747286, -0.995380759, -0.000590494892, -0.0960041359},{3.8826398849487305, 0.06253403425216675, 40.914703369140625},{3.9769065380096436, -0.1061316654086113, 40.895626068115234},{4.362580299377441, 0.7150669097900391, 45.148841857910156},{4.507813453674316, -0.8018161654472351, 46.84479904174805},{0},{1},{0},{1}},{{2419.80713, 197.936813, 609.323608, -0.0959006026, 0.0136761386, 0.995296955, 0.000592804223, 0.999906242, -0.0136823542, -0.995390713, -0.000722129829, -0.095899716},{4.150310039520264, 0.06760904937982559, 43.616432189941406},{4.23733377456665, -0.10863674432039261, 43.61160659790039},{4.565699100494385, 0.7578837275505066, 47.29328155517578},{4.671581745147705, -0.8237704038619995, 48.62323760986328},{0},{1},{0},{1}},{{2415.76392, 197.936813, 609.713989, -0.0958594829, 0.0136488853, 0.995301306, 0.000221228183, 0.999906242, -0.0136907278, -0.995394826, -0.00109219737, -0.095853515},{4.371843338012695, 0.08130721747875214, 45.88920593261719},{4.456993579864502, -0.10111642628908157, 45.884708404541016},{4.804867267608643, 0.8175836205482483, 49.8162727355957},{4.771085739135742, -0.8261666893959045, 49.67253494262695},{0},{1},{0},{1}},{{2410.14355, 197.936981, 610.256653, -0.0960424319, 0.0137594026, 0.995282114, 0.000117586998, 0.999904633, -0.0138119599, -0.995377243, -0.00120950199, -0.0960348919},{4.659964561462402, 0.0882471352815628, 48.866973876953125},{4.75048303604126, -0.10069185495376587, 48.87353515625},{4.899989128112793, 0.8402026295661926, 50.680213928222656},{4.832388401031494, -0.830329179763794, 50.25636672973633},{0},{1},{0},{1}},{{2402.99048, 197.937271, 610.948181, -0.096353367, 0.0137581117, 0.995252073, 0.000119252385, 0.999904633, -0.0138108823, -0.995347202, -0.0012120388, -0.0963458121},{5.017327785491943, 0.09677779674530029, 52.427005767822266},{5.099457263946533, -0.10505770146846771, 52.43582534790039},{5.4875712394714355, 0.9369296431541443, 56.548641204833984},{5.310704708099365, -0.9067999124526978, 54.99147415161133},{0},{1},{0},{1}},{{2396.67236, 197.940384, 611.560181, -0.096413441, 0.00877109822, 0.995302737, 2.43471113e-05, 0.999961197, -0.00880979281, -0.995341361, -0.000825149647, -0.0964099169},{5.177758693695068, 0.20067396759986877, 54.16185760498047},{5.2826008796691895, -0.20150168240070343, 54.156856536865234},{5.272396087646484, 0.8036279678344727, 54.192623138427734},{5.225494861602783, -0.8048892617225647, 54.20134735107422},{0},{1},{0},{2}},{{2390.76147, 197.937347, 612.132935, -0.0964566693, 0.00812692288, 0.995303988, -8.12386043e-06, 0.999966681, -0.00816578139, -0.995337188, -0.000795729808, -0.0964533836},{5.399632930755615, 0.23962412774562836, 56.024662017822266},{5.440182209014893, -0.24060752987861633, 56.022361755371094},{5.429051876068115, 0.8284889459609985, 56.015079498291016},{5.428935527801514, -0.8271804451942444, 56.020687103271484},{0},{1},{0},{2}},{{2384.9834, 197.93956, 612.69281, -0.0964576751, 0.00983087532, 0.995288551, 1.91462132e-05, 0.999951243, -0.00987507496, -0.995337069, -0.000933470728, -0.09645316},{5.562670707702637, 0.19435083866119385, 57.6983528137207},{5.60447359085083, -0.19944709539413452, 57.69760513305664},{5.595718860626221, 0.8774822354316711, 57.688411712646484},{5.585230827331543, -0.8787438273429871, 57.693111419677734},{0},{1},{0},{2}},{{2378.70288, 197.94101, 613.30188, -0.0965208635, 0.0102451285, 0.995278239, 4.49285182e-07, 0.999947011, -0.0102931438, -0.995330989, -0.00099305599, -0.0965157598},{5.719674587249756, 0.1829618662595749, 59.42128372192383},{5.787136554718018, -0.186249777674675, 59.423282623291016},{5.771942138671875, 0.9085347652435303, 59.42747497558594},{5.755758762359619, -0.9064358472824097, 59.43636703491211},{0},{1},{0},{2}},{{2372.23511, 197.939011, 613.929749, -0.0965890586, 0.00988633372, 0.995275259, 0.000104985236, 0.999950767, -0.00992258824, -0.995324314, -0.000853924314, -0.0965853408},{5.890445232391357, 0.202996164560318, 61.158782958984375},{5.959591388702393, -0.21564899384975433, 61.160396575927734},{5.944268703460693, 0.9329820871353149, 61.16364669799805},{5.928224563598633, -0.9404811263084412, 61.17462158203125},{0},{1},{0},{2}},{{2365.58057, 197.938156, 614.575989, -0.0966326073, 0.00982045289, 0.995271683, 0.000125128572, 0.999951422, -0.00985447969, -0.995320082, -0.000827727141, -0.0966291428},{6.068226337432861, 0.2145000845193863, 62.90819549560547},{6.126443386077881, -0.22985385358333588, 62.907169342041016},{6.115957736968994, 0.9612787365913391, 62.907928466796875},{6.100039958953857, -0.9721764922142029, 62.91507339477539},{0},{1},{0},{2}},{{2358.73877, 197.938065, 615.24054, -0.0966867879, 0.00999232847, 0.995264709, 8.62547095e-05, 0.999949694, -0.0100309858, -0.995314837, -0.0008840175, -0.0966827869},{6.239579200744629, 0.2183777391910553, 64.64451599121094},{6.29839563369751, -0.2309739738702774, 64.64386749267578},{6.286933898925781, 0.9941760897636414, 64.64482879638672},{6.270810604095459, -1.001778483390808, 64.65260314941406},{0},{1},{0},{2}},{{2352.08545, 197.937729, 615.887024, -0.0967343301, 0.0100964997, 0.995259047, 5.6484907e-05, 0.999948621, -0.0101385834, -0.995310247, -0.000924532011, -0.0967299342},{6.401583671569824, 0.22372163832187653, 66.28533935546875},{6.462931156158447, -0.23326417803764343, 66.28799438476562},{6.451461315155029, 1.026116967201233, 66.28693389892578},{6.433366298675537, -1.029849648475647, 66.29643249511719},{0},{1},{0},{2}},{{2344.88159, 197.937332, 616.587524, -0.0968120694, 0.0101404833, 0.995251, 6.32362644e-05, 0.999948144, -0.0101821907, -0.995302677, -0.000922823034, -0.0968076959},{6.573606967926025, 0.2305763214826584, 68.02061462402344},{6.6344380378723145, -0.23990702629089355, 68.02130889892578},{6.626697540283203, 1.0555884838104248, 68.02323913574219},{6.607148170471191, -1.0605638027191162, 68.02950286865234},{0},{1},{0},{2}},{{2337.49243, 197.938339, 617.300903, -0.0957772136, 0.0102884909, 0.995349646, 0.00137842656, 0.999947011, -0.0102033727, -0.995401859, 0.000394765724, -0.0957863182},{5.875396728515625, -0.05517781153321266, 69.91433715820312},{6.202485084533691, -0.5288825035095215, 69.68268585205078},{6.805258274078369, 0.971256673336029, 69.88914489746094},{6.761737823486328, -1.206445574760437, 69.62904357910156},{1},{1},{0},{2}},{{2328.30786, 197.958084, 618.052795, -0.0774934292, 0.0101952329, 0.996940732, 0.0196342077, 0.99976939, -0.00869796984, -0.996799529, 0.0189001057, -0.0776757374},{2.4520959854125977, -0.7508310675621033, 70.92778015136719},{2.4333198070526123, -1.6230868101119995, 70.90835571289062},{5.888112545013428, -0.15651051700115204, 72.3866195678711},{5.789677619934082, -2.3392257690429688, 71.4481430053711},{0},{1},{0},{2}},{{2320.50757, 197.955917, 618.537231, -0.0625537783, 0.00729454774, 0.998014927, 0.0255323257, 0.999657691, -0.00570623484, -0.997714937, 0.025124697, -0.0627186149},{2.218897581100464, -0.7746624946594238, 75.92829895019531},{2.6573500633239746, -1.4922990798950195, 73.00971984863281},{4.6632890701293945, -0.5373381972312927, 74.14708709716797},{4.613158702850342, -2.7180705070495605, 73.4119644165039},{0},{1},{0},{2}},{{2313.35352, 197.956482, 618.885498, -0.0511181876, 0.00731177721, 0.998665869, 0.01672622, 0.999839187, -0.00646421174, -0.998552561, 0.0163734648, -0.0512322672},{2.7569127082824707, -0.4107389748096466, 75.86274719238281},{2.8874409198760986, -1.2240560054779053, 75.15806579589844},{3.778423547744751, -0.08083603531122208, 75.78782653808594},{3.774083137512207, -2.2212674617767334, 75.16191864013672},{0},{1},{0},{2}},{{2304.29395, 197.937988, 619.274231, -0.0458513461, 0.0096796928, 0.998901367, -0.00267222244, 0.999948263, -0.0098124966, -0.9989447, -0.0031192028, -0.0458231084},{3.1758880615234375, 0.4431483745574951, 77.56619262695312},{3.2858901023864746, -0.09541888535022736, 77.31282806396484},{3.44718337059021, 1.25466787815094, 77.47806549072266},{3.4194273948669434, -1.0885076522827148, 77.31009674072266},{0},{1},{0},{2}},{{2297.23608, 197.940308, 619.584961, -0.0458411649, 0.00980687235, 0.998900592, -0.00833078381, 0.999913275, -0.0101991277, -0.998914003, -0.00878916495, -0.0457554907},{3.5470893383026123, 0.7284068465232849, 78.7483901977539},{3.1915061473846436, 0.4615321755409241, 78.63153839111328},{3.6112911701202393, 1.6653907299041748, 78.79684448242188},{3.595388650894165, -0.6271982192993164, 78.85511779785156},{0},{1},{0},{2}},{{2289.14331, 197.935379, 619.956238, -0.0453655422, 0.00789341237, 0.998939276, -0.0034301437, 0.999961674, -0.00805726647, -0.998964548, -0.00379202748, -0.0453367271},{3.707427978515625, 0.5479731559753418, 80.3431396484375},{3.7688283920288086, -0.09556224942207336, 80.41470336914062},{3.7093145847320557, 1.4171719551086426, 80.41407775878906},{3.7308292388916016, -0.9268441200256348, 80.45707702636719},{0},{1},{0},{2}},{{2280.88477, 197.93219, 620.335815, -0.0450968035, 0.00778376218, 0.99895227, 0.00274904212, 0.9999668, -0.00766756386, -0.998978853, 0.0024003794, -0.045116704},{3.740312099456787, 0.2499561756849289, 82.06639099121094},{3.7425477504730225, -0.5900406241416931, 82.09871673583984},{3.7431185245513916, 1.09719979763031, 82.06103515625},{3.7276861667633057, -1.4178969860076904, 82.08525848388672},{0},{1},{0},{2}},{{2272.93457, 197.940521, 620.69458, -0.0449787714, 0.00900171418, 0.998947382, 0.00306688924, 0.999955952, -0.00887271203, -0.998983264, 0.00266457722, -0.0450043976},{3.7393641471862793, 0.13466022908687592, 83.60301208496094},{3.858292818069458, -0.5803235173225403, 83.39537048339844},{3.758107900619507, 1.06357741355896, 83.5567626953125},{3.733611583709717, -1.4702681303024292, 83.56731414794922},{0},{1},{0},{2}},{{2264.39038, 197.950439, 621.069397, -0.0441360921, 0.00654744403, 0.999004066, 9.24352062e-05, 0.999978542, -0.00654974673, -0.999025524, -0.000196737092, -0.0441357531},{3.577223777770996, 0.2116747945547104, 84.36725616455078},{3.696676254272461, -0.4358885884284973, 84.30732727050781},{3.7303357124328613, 1.1024521589279175, 84.5948257446289},{3.6933274269104004, -1.138661503791809, 84.40196228027344},{1},{1},{0},{3}},{{2254.79614, 197.945282, 621.43396, -0.0345469154, 0.00364957424, 0.999396384, 0.00931960903, 0.999951005, -0.00332944142, -0.999359608, 0.00919896178, -0.0345792361},{1.3930165767669678, -0.07699938863515854, 86.21236419677734},{1.611744999885559, -1.1792904138565063, 85.30838775634766},{3.2858591079711914, 0.38211652636528015, 86.22380828857422},{3.266129970550537, -1.9130489826202393, 85.16922760009766},{0},{1},{0},{3}},{{2246.04126, 197.977661, 621.615784, -0.0188676845, 0.00584354065, 0.999804914, 0.0249892585, 0.999673307, -0.00537118968, -0.999509633, 0.0248830412, -0.019007545},{0.9846391677856445, -1.1266878843307495, 87.15111541748047},{1.0412672758102417, -1.9419642686843872, 86.63990783691406},{1.664373755455017, -0.666627824306488, 87.35550689697266},{1.6713217496871948, -2.9029879570007324, 86.66487884521484},{0},{1},{0},{3}},{{2237.65479, 197.955002, 621.72406, -0.0148849357, 0.00661926251, 0.99986732, 0.0126321847, 0.999899507, -0.00643142173, -0.999809444, 0.0125347776, -0.014967056},{0.8786335587501526, -0.44067516922950745, 88.08128356933594},{0.9239848852157593, -1.285090446472168, 87.80862426757812},{1.1083918809890747, 0.2699792683124542, 88.02021789550781},{1.1230531930923462, -2.193755626678467, 87.88037872314453},{0},{1},{0},{3}},{{2228.65967, 197.933899, 621.829224, -0.0145030618, 0.00636554044, 0.999874592, -0.00566411112, 0.999963164, -0.00644826144, -0.999878764, -0.0057569202, -0.014466472},{1.144752860069275, 0.7652537226676941, 89.15360260009766},{1.1799756288528442, -0.06421894580125809, 89.01111602783203},{1.1418763399124146, 1.5336189270019531, 89.55093383789062},{1.1560393571853638, -0.8921841382980347, 89.07450103759766},{0},{1},{0},{3}},{{2220.05957, 197.930557, 621.947754, -0.0143457437, 0.00569247501, 0.99988091, -0.00879736803, 0.999944389, -0.00581905618, -0.999858379, -0.00887979846, -0.0142948665},{1.2974684238433838, 1.0666013956069946, 90.13259887695312},{1.3205219507217407, 0.16554488241672516, 90.15241241455078},{1.333448052406311, 1.8638659715652466, 90.16561889648438},{1.3131883144378662, -0.6250643730163574, 90.1257553100586},{0},{1},{0},{3}},{{2211.3562, 197.947006, 622.07489, -0.0136813857, 0.00574485352, 0.99988991, -0.00322743552, 0.999978006, -0.00578952022, -0.999901175, -0.00330628874, -0.0136625441},{1.2850555181503296, 0.625022292137146, 91.47599029541016},{1.339111566543579, -0.14480531215667725, 91.18452453613281},{1.600975751876831, 1.5132867097854614, 93.50438690185547},{1.3296351432800293, -0.9190860390663147, 91.25763702392578},{0},{1},{0},{3}},{{2200.9856, 197.9384, 622.223633, -0.0136230662, 0.00563851045, 0.999891281, 0.00330780796, 0.9999789, -0.00559393689, -0.999901712, 0.00323124183, -0.0136414291},{1.2748284339904785, 0.2808627486228943, 92.47445678710938},{1.2863680124282837, -0.7463303208351135, 92.48284149169922},{1.288751482963562, 1.0842971801757812, 92.47726440429688},{1.287968397140503, -1.5383836030960083, 92.47653198242188},{0},{1},{0},{3}},{{2191.00098, 197.941055, 622.358582, -0.0135533363, 0.00602891203, 0.99988997, 0.00276117283, 0.999978244, -0.00599201722, -0.999904335, 0.00267965719, -0.0135696884},{1.2425532341003418, 0.27768057584762573, 93.71363067626953},{1.23946213722229, -0.6992163062095642, 93.69078063964844},{1.2583991289138794, 1.1134814023971558, 93.67548370361328},{1.2354457378387451, -1.5327147245407104, 93.6786880493164},{0},{1},{0},{3}},{{2181.95825, 197.943146, 622.478149, -0.0135476524, 0.00648932718, 0.999887168, 0.000307061448, 0.9999789, -0.00648576207, -0.999908209, 0.000219159963, -0.0135493595},{1.254512906074524, 0.40136584639549255, 94.7634048461914},{1.2665845155715942, -0.46955740451812744, 94.74829864501953},{1.2682733535766602, 1.2876417636871338, 94.72599792480469},{1.2521135807037354, -1.3489691019058228, 94.73860931396484},{0},{1},{0},{3}},{{2172.27173, 197.947342, 622.609131, -0.0137853334, 0.00656047603, 0.999883473, 0.000665312167, 0.999978304, -0.00655192556, -0.999904752, 0.000574914156, -0.0137893986},{1.3292083740234375, 0.35984480381011963, 95.81352996826172},{1.3692981004714966, -0.46627122163772583, 95.81340026855469},{1.3305524587631226, 1.252641201019287, 95.86506652832031},{1.1028858423233032, -1.3867214918136597, 98.17634582519531},{0},{1},{0},{3}},{{2162.47119, 197.935562, 622.743103, -0.0136708636, 0.00588959083, 0.999889195, -0.00102183351, 0.999982059, -0.00590410829, -0.999906003, -0.00110243459, -0.0136645995},{1.3067855834960938, 0.5766869783401489, 96.97216796875},{1.3340356349945068, -0.43552881479263306, 96.97966766357422},{1.3161154985427856, 1.4422653913497925, 96.9891357421875},{1.3182498216629028, -1.2927446365356445, 96.99870300292969},{0},{1},{0},{3}},{{2150.33716, 197.936188, 622.90979, -0.0137011763, 0.00589732127, 0.999888718, -0.000718560594, 0.999982297, -0.00590771949, -0.999905884, -0.000799423316, -0.0136966957},{1.3575215339660645, 0.5726717114448547, 98.40037536621094},{1.3573529720306396, -0.4700169861316681, 98.40670013427734},{1.3636423349380493, 1.4502664804458618, 98.37333679199219},{1.3473354578018188, -1.332732081413269, 98.38365936279297},{0},{1},{0},{3}},{{2141.40479, 197.941162, 623.032959, -0.0137102548, 0.00666327029, 0.999883831, -0.000145718514, 0.999977767, -0.00666589476, -0.999906003, -0.000237092696, -0.0137089789},{1.3614144325256348, 0.4681417942047119, 99.38713836669922},{1.3696203231811523, -0.4542022943496704, 99.38717651367188},{1.3755475282669067, 1.4131721258163452, 99.35530853271484},{1.3590556383132935, -1.3855012655258179, 99.36824035644531},{0},{1},{0},{3}},{{2131.25, 197.943359, 623.171631, -0.0137871224, 0.00683966745, 0.999881566, 0.000410234439, 0.999976575, -0.00683466066, -0.999904871, 0.000315955549, -0.0137896053},{1.3655931949615479, 0.4179953336715698, 100.44598388671875},{1.3918397426605225, -0.479902446269989, 100.48342895507812},{1.4021342992782593, 1.3511933088302612, 100.9136734008789},{1.3922046422958374, -1.4293193817138672, 100.4709701538086},{0},{1},{0},{3}},{{2120.98267, 197.941818, 623.317566, -0.0140898982, 0.00621461635, 0.999881446, 0.00181938906, 0.999979198, -0.00618958613, -0.999899089, 0.00173196278, -0.014100912},{1.4150153398513794, 0.3474099934101105, 101.5756607055664},{1.4379003047943115, -0.6503542065620422, 101.55850219726562},{1.439882755279541, 1.276749610900879, 101.58846282958984},{1.428332805633545, -1.5700840950012207, 101.56504821777344},{0},{1},{0},{3}},{{2111.1853, 197.948746, 623.438171, -0.0111218132, 0.00601261528, 0.99992007, 0.00569822825, 0.999966085, -0.00594951212, -0.999921918, 0.00563160377, -0.0111556975},{0.24712558090686798, -0.22921845316886902, 103.7894287109375},{0.3860052824020386, -1.1362167596817017, 102.40381622314453},{1.3104087114334106, 0.922318696975708, 102.87828826904297},{1.2969087362289429, -1.919555425643921, 102.37630462646484},{1},{1},{0},{3}},{{2100.1333, 197.968491, 623.431763, 0.00500432169, 0.00506009161, 0.999974668, 0.0243384503, 0.999690354, -0.00518045342, -0.999691248, 0.024363758, 0.00487961713},{-3.837847948074341, -1.5461604595184326, 106.06969451904297},{-3.1732966899871826, -2.231989860534668, 105.05741882324219},{-0.27298232913017273, -0.6643655896186829, 104.17035675048828},{-0.26721858978271484, -3.4827096462249756, 103.29190063476562},{0},{1},{0},{3}},{{2089.55249, 197.963272, 623.257507, 0.0175726339, 0.00360774342, 0.999839067, 0.0286975522, 0.999579668, -0.00411118008, -0.999433637, 0.0287651792, 0.0174617134},{-4.558159828186035, -1.3780326843261719, 106.59009552001953},{-4.245392799377441, -2.410590171813965, 105.9072494506836},{-1.5870002508163452, -1.0288492441177368, 107.40283203125},{-1.8546147346496582, -3.957028865814209, 104.47772979736328},{0},{1},{0},{3}},{{2078.85522, 197.953766, 622.969177, 0.0259480588, 0.00504768314, 0.999650538, 0.0146217886, 0.999878347, -0.00542837288, -0.999556363, 0.0147575345, 0.0258710962},{-3.788309097290039, -0.4838894009590149, 106.20773315429688},{-3.607435703277588, -1.595537781715393, 106.57129669189453},{-2.8972926139831543, 0.04730479419231415, 106.6544189453125},{-2.853114366531372, -2.8667075634002686, 105.6530532836914},{0},{1},{0},{3}},{{2065.0188, 197.931122, 622.524414, 0.0306942612, 0.0070244791, 0.999504149, -0.00312461867, 0.999971092, -0.00693180552, -0.999523938, -0.00291030272, 0.030715324},{-3.5289928913116455, 0.786080002784729, 107.34302520751953},{-3.494551181793213, -0.29104799032211304, 107.20089721679688},{-3.383561611175537, 1.767243504524231, 107.30638885498047},{-3.390369415283203, -1.3728430271148682, 107.2232894897461},{0},{1},{0},{3}},{{2054.06616, 197.934921, 622.169495, 0.0326863118, 0.00695286365, 0.999441504, -0.00390400714, 0.999969065, -0.00682885479, -0.999458015, -0.0036786166, 0.0327124447},{-4.477449417114258, 0.569922149181366, 109.47559356689453},{-4.0163679122924805, -0.30699554085731506, 108.17450714111328},{-3.403090476989746, 1.8465834856033325, 108.53717041015625},{-3.416483163833618, -1.2441282272338867, 108.1614990234375},{1},{1},{0},{3}},{{2042.40552, 197.964752, 621.687866, 0.0465438776, 0.00435737474, 0.998906732, 0.0194959957, 0.999796033, -0.0052696662, -0.998725951, 0.0197199527, 0.046449434},{-6.817654132843018, -1.0032168626785278, 109.86585998535156},{-6.217838287353516, -1.987825870513916, 108.8947982788086},{-4.747186660766602, -0.23248954117298126, 109.78917694091797},{-4.701481819152832, -3.18259334564209, 108.94214630126953},{0},{1},{0},{3}},{{2030.62927, 197.968765, 621.051697, 0.0554442294, 0.00136689923, 0.998460829, 0.0271304697, 0.999627769, -0.00287504354, -0.998093128, 0.0272481162, 0.0553865097},{-6.806763648986816, -1.514717698097229, 110.60040283203125},{-6.636478424072266, -2.995905876159668, 110.18463134765625},{-6.2014923095703125, -0.9885722994804382, 110.61790466308594},{-6.152040004730225, -3.8740293979644775, 110.27703857421875},{0},{1},{0},{3}},{{2018.09692, 197.949585, 620.29187, 0.0585559271, 0.00546760671, 0.998269141, 0.00433414336, 0.999974191, -0.00573117519, -0.998274744, 0.0046622362, 0.0585307181},{-6.412507057189941, 0.02399621717631817, 111.6126480102539},{-6.912731170654297, -0.9905745387077332, 111.46803283691406},{-6.802763938903809, 0.9671277403831482, 111.8618392944336},{-6.7678751945495605, -2.000831127166748, 111.86001586914062},{0},{1},{0},{3}},{{2007.97021, 197.931625, 619.687134, 0.0567103177, 0.00774872443, 0.998360634, -0.0125755118, 0.999896109, -0.00704630977, -0.99831146, -0.0121552972, 0.0568018705},{-5.7553935050964355, 1.5533208847045898, 113.16979217529297},{-5.3798956871032715, 0.7928107380867004, 112.69129943847656},{-6.647566795349121, 2.679776906967163, 112.23004913330078},{-6.642965316772461, -0.42198583483695984, 112.74042510986328},{-1},{1},{0},{3}},{{1995.82117, 197.896072, 619.124084, 0.0423788801, 0.00647435896, 0.999080658, -0.0298208632, 0.99954164, -0.00521240896, -0.998656452, -0.0295725521, 0.042552527},{-2.9443447589874268, 3.0834882259368896, 113.07877349853516},{-2.166027307510376, 1.589211106300354, 112.89729309082031},{-4.93894624710083, 4.352332592010498, 113.2867202758789},{-4.974445343017578, 1.140458583831787, 114.19857788085938},{0},{1},{0},{3}},{{1982.26172, 197.913986, 618.658386, 0.0344583839, 0.00500154123, 0.999393642, -0.0168762021, 0.999847829, -0.00442193449, -0.999263644, -0.0167135969, 0.0345375463},{-3.111936092376709, 2.1194217205047607, 114.72509002685547},{-2.6984498500823975, 0.6989039778709412, 115.6949234008789},{-3.8180572986602783, 3.23645281791687, 115.0887451171875},{-3.8127100467681885, 0.08311880379915237, 115.09429931640625},{0},{1},{0},{3}},{{1970.52087, 197.946884, 618.326477, 0.0295264516, 0.00578931905, 0.999547243, -0.00116567151, 0.999982774, -0.00575740775, -0.999563336, -0.000995147973, 0.0295326896},{-2.715216875076294, 0.49445870518684387, 115.60770416259766},{-3.0886337757110596, -0.389573872089386, 116.07908630371094},{-3.338331460952759, 1.7169286012649536, 115.88037109375},{-3.2962276935577393, -1.2965110540390015, 116.3382568359375},{0},{1},{0},{3}},{{1957.36035, 197.94632, 617.963318, 0.0283348709, 0.00426549977, 0.999589384, 0.0068850033, 0.999966323, -0.00446227426, -0.99957478, 0.00700861448, 0.0283045489},{-3.2500197887420654, 0.007601288612931967, 117.01858520507812},{-3.2270708084106445, -1.201796054840088, 118.04612731933594},{-3.3573157787323, 0.925944447517395, 117.3665771484375},{-3.29184889793396, -2.219540596008301, 117.06329345703125},{0},{1},{0},{3}},{{1944.07275, 197.932266, 617.590881, 0.0276052188, 0.00287309964, 0.999614775, 0.00284463703, 0.999991596, -0.00295273983, -0.999614835, 0.00292505231, 0.0275968146},{-3.2763805389404297, 0.5144824981689453, 118.34937286376953},{-3.8129751682281494, -0.975095808506012, 117.99765014648438},{-3.407630443572998, 1.2224215269088745, 118.81419372558594},{-3.281388521194458, -1.8962537050247192, 118.18486022949219},{0},{1},{0},{3}},{{1929.9823, 197.930038, 617.199585, 0.0270850305, 0.00359290908, 0.999626696, -0.0027594266, 0.999989986, -0.00351944775, -0.999629319, -0.00266307197, 0.0270946752},{-3.2578554153442383, 0.9951760768890381, 119.83618927001953},{-3.2427566051483154, -0.5300108790397644, 119.34732055664062},{-3.0833823680877686, 1.949270248413086, 121.50137329101562},{-3.244992733001709, -1.3478256464004517, 119.4814453125},{0},{1},{0},{3}},{{1916.43506, 197.932053, 616.833435, 0.0269656051, 0.00429839268, 0.999627113, -0.00313838781, 0.999986172, -0.00421527633, -0.999631464, -0.00302355015, 0.0269787237},{-3.3108410835266113, 0.793670654296875, 121.67182159423828},{-3.2299342155456543, -0.4152584969997406, 120.62171936035156},{-3.251272439956665, 1.9442466497421265, 120.44754791259766},{-3.178534984588623, -1.2124849557876587, 121.1337661743164},{0},{1},{0},{3}},{{1904.1499, 197.935623, 616.505859, 0.0269006155, 0.00313771144, 0.999633193, 4.31264416e-05, 0.999995053, -0.00314000784, -0.99963814, 0.000127578765, 0.0269003473},{-3.2183175086975098, 0.7601293921470642, 121.24038696289062},{-3.7396581172943115, -0.6389914751052856, 121.07308197021484},{-3.263296127319336, 1.5800590515136719, 121.55939483642578},{-3.2042500972747803, -1.5941311120986938, 121.22711944580078},{0},{1},{0},{4}},{{1891.78564, 197.934479, 616.175964, 0.0266609136, 0.00201855437, 0.999642491, 0.00089224329, 0.999997497, -0.00204306771, -0.99964416, 0.000946394342, 0.0266590472},{-3.3275787830352783, 0.5213975310325623, 123.33699798583984},{-3.280245780944824, -0.9049032330513, 122.16754150390625},{-3.2776448726654053, 1.5146815776824951, 121.98931884765625},{-3.1922011375427246, -1.5566636323928833, 122.61951446533203},{0},{1},{0},{4}},{{1880.03345, 197.935547, 615.861633, 0.026646968, 0.00223842333, 0.999642372, 0.00115561462, 0.999996781, -0.00227002148, -0.99964422, 0.00121569051, 0.0266442951},{-3.2680165767669678, 0.7095555067062378, 122.94664764404297},{-3.8576605319976807, -0.823447048664093, 122.65045166015625},{-3.3653311729431152, 1.3833950757980347, 123.37604522705078},{-3.234849452972412, -1.706882357597351, 122.78900909423828},{0},{1},{0},{4}},{{1867.51172, 197.933075, 615.525452, 0.0266619902, 0.00276528159, 0.999640703, -0.000273712416, 0.999996185, -0.00275896443, -0.999644458, -0.000200054579, 0.026662644},{-3.377762794494629, 0.6036359071731567, 124.8798828125},{-3.344898223876953, -0.7809377312660217, 123.7165298461914},{-3.3313357830047607, 1.665972352027893, 123.54210662841797},{-3.2427585124969482, -1.4981024265289307, 124.18617248535156},{0},{1},{0},{4}},{{1855.61572, 197.930725, 615.205811, 0.0268112384, 0.00312645384, 0.999635637, -0.000338126061, 0.999995053, -0.00311850919, -0.999640465, -0.000254391751, 0.0268121641},{-3.3412063121795654, 0.870817244052887, 124.28779602050781},{-3.3440046310424805, -0.8228051066398621, 124.27822875976562},{-3.3493099212646484, 1.7111457586288452, 124.32131958007812},{-3.3121402263641357, -1.6557387113571167, 124.28860473632812},{0},{1},{0},{4}},{{1842.23706, 197.931961, 614.847107, 0.0267764404, 0.00418062368, 0.999632716, -0.000296606449, 0.999991238, -0.004174178, -0.999641418, -0.000184727876, 0.0267774444},{-3.3374311923980713, 0.8268253803253174, 125.17613220214844},{-3.3672726154327393, -0.78216952085495, 125.1716537475586},{-3.3355071544647217, 1.7752158641815186, 125.1329345703125},{-3.361982822418213, -1.7165822982788086, 125.1310806274414},{0},{1},{0},{4}},{{1830.90137, 197.950363, 614.543274, 0.0269998685, 0.00529228104, 0.999621451, 0.0014883175, 0.999984682, -0.00533440383, -0.999634326, 0.00163178227, 0.0269915778},{-3.3949437141418457, 0.43963974714279175, 126.00892639160156},{-3.383363962173462, -0.7238930463790894, 125.77932739257812},{-3.408381223678589, 1.401993751525879, 126.51188659667969},{-3.3520236015319824, -1.7820937633514404, 125.77375793457031},{0},{1},{0},{4}},{{1815.92676, 197.952881, 614.139771, 0.0268298481, 0.00374735612, 0.999633014, 0.00171292026, 0.999991357, -0.00379467383, -0.999638557, 0.00181410206, 0.0268231966},{-3.4326813220977783, 0.42112573981285095, 127.1566162109375},{-3.3751590251922607, -0.7973203659057617, 126.62693786621094},{-3.236541509628296, 1.4569555521011353, 128.48373413085938},{-3.3887887001037598, -1.707770824432373, 126.80573272705078},{0},{1},{0},{4}},{{1803.72559, 