return {{{2458.99121, 197.904953, 604.876282, -0.161815569, 0.00482784631, 0.986809194, -0.000114609211, 0.99998796, -0.00491111493, -0.986820996, -0.000907792302, -0.161813065},{1.0882107019424438, 0.029897641390562057, 6.590936660766602},{1.0941141843795776, -0.03788888081908226, 6.59052848815918},{2.5407378673553467, 0.2406904250383377, 15.424424171447754},{1.061833381652832, -0.10567925125360489, 6.447801113128662},{0},{1},{0}},{{2457.76343, 197.90799, 605.080261, -0.161314219, 0.0055154385, 0.986887693, 0.000238030174, 0.999984562, -0.00554972515, -0.986903071, -0.000660340535, -0.161313042},{1.609171986579895, 0.035811301320791245, 9.747039794921875},{1.6074590682983398, -0.04218405857682228, 9.748495101928711},{1.55361807346344, 0.15815313160419464, 9.49096965789795},{2.893120765686035, -0.28065812587738037, 17.702836990356445},{0},{1},{0}},{{2456.41992, 197.909912, 605.302246, -0.161053523, 0.00539892912, 0.986930907, 0.000391276611, 0.999985337, -0.00540649146, -0.98694557, -0.00048457153, -0.16105327},{1.9792559146881104, 0.04827294126152992, 12.154770851135254},{1.9909448623657227, -0.058888524770736694, 12.138792037963867},{1.944129228591919, 0.18816059827804565, 11.883151054382324},{3.3990824222564697, -0.3341934382915497, 20.844924926757812},{0},{1},{0}},{{2455.00879, 197.91571, 605.535217, -0.160738632, 0.00626904238, 0.9869771, 0.00011510605, 0.999979913, -0.00633288734, -0.986997008, -0.000904332555, -0.160736129},{2.371171236038208, 0.059864673763513565, 14.343884468078613},{2.378122329711914, -0.06637947261333466, 14.388463973999023},{2.2977335453033447, 0.2378471940755844, 14.103662490844727},{3.657982349395752, -0.3445262908935547, 22.479867935180664},{0},{1},{0}},{{2452.99023, 197.923141, 605.866028, -0.160442248, 0.00717711076, 0.987019122, 0.000187793587, 0.999973774, -0.00724078389, -0.987045228, -0.000976371812, -0.160439387},{2.774071216583252, 0.0703783929347992, 16.81133270263672},{2.791861057281494, -0.07465728372335434, 16.850326538085938},{2.6873273849487305, 0.27809470891952515, 16.559524536132812},{4.0282745361328125, -0.3821257948875427, 24.882980346679688},{0},{1},{0}},{{2451.0686, 197.926346, 606.180481, -0.160321206, 0.00801613927, 0.987032354, 0.000224911739, 0.999967277, -0.00808465853, -0.987064898, -0.00107414706, -0.160317764},{3.1240670680999756, 0.07114096730947495, 19.09617805480957},{3.1346261501312256, -0.08177212625741959, 19.10346221923828},{3.0519351959228516, 0.314849317073822, 18.782855987548828},{3.975148916244507, -0.3877026438713074, 24.541715621948242},{0},{1},{0}},{{2448.06616, 197.926254, 606.669312, -0.160562605, 0.0087214075, 0.986987114, 0.000955269556, 0.999961853, -0.00868065469, -0.987025201, -0.000450949767, -0.16056481},{3.5061633586883545, 0.07164517790079117, 21.626981735229492},{3.5462515354156494, -0.10319627821445465, 21.639820098876953},{3.522639036178589, 0.31805697083473206, 21.62659454345703},{3.5020055770874023, -0.3389337956905365, 21.670948028564453},{0},{1},{0}},{{2445.48413, 197.922424, 607.090088, -0.160378858, 0.0092844991, 0.98701185, -3.68841138e-05, 0.999955714, -0.00941225141, -0.98705554, -0.0015459311, -0.160371408},{3.9336066246032715, 0.09700130671262741, 24.19486427307129},{3.9283909797668457, -0.10301598906517029, 24.17892074584961},{4.404723644256592, 0.4242994487285614, 27.200176239013672},{4.44845724105835, -0.4295710325241089, 27.379060745239258},{0},{1},{0}},{{2442.63306, 197.924744, 607.554199, -0.160336033, 0.0105339987, 0.987006247, -0.000384318788, 0.999942303, -0.010734492, -0.987062395, -0.00210045115, -0.160322741},{4.301349639892578, 0.09881062805652618, 26.456613540649414},{4.314446926116943, -0.08975931257009506, 26.457551956176758},{4.4962921142578125, 0.45207905769348145, 27.644779205322266},{4.672064304351807, -0.4522338807582855, 28.791492462158203},{0},{1},{0}},{{2439.35718, 197.926651, 608.087952, -0.160250112, 0.0103793517, 0.987021863, -0.000149077139, 0.999944448, -0.010539447, -0.987076402, -0.00183609, -0.160239667},{4.687511920928955, 0.10537257045507431, 28.860776901245117},{4.711928367614746, -0.10528738796710968, 28.856245040893555},{4.686341285705566, 0.4711359739303589, 28.810955047607422},{4.674856662750244, -0.461742639541626, 28.84405517578125},{0},{1},{0}},{{2435.42554, 197.928177, 608.729309, -0.15983811, 0.0107818833, 0.987084329, 8.24478047e-05, 0.999940515, -0.0109089604, -0.987143219, -0.00166228472, -0.159829497},{5.117249488830566, 0.10293696075677872, 31.597736358642578},{5.144721984863281, -0.11939059942960739, 31.59819984436035},{5.130389213562012, 0.5132496356964111, 31.573110580444336},{5.1047773361206055, -0.5158116817474365, 31.57741355895996},{0},{1},{0}},{{2431.3606, 197.936951, 609.367065, -0.154911682, 0.00997874886, 0.987877905, 0.00504462374, 0.999943912, -0.00930956937, -0.987915456, 0.00354131148, -0.154953331},{4.287618160247803, -0.5277870297431946, 34.38932418823242},{4.374486923217773, -0.7263872623443604, 33.80182647705078},{7.015236854553223, 0.3755577802658081, 43.89276885986328},{7.405959129333496, -1.032080888748169, 46.432735443115234},{1},{1},{0}},{{2427.23486, 197.948883, 609.936462, -0.138371304, 0.00992965978, 0.990330637, 0.0102754626, 0.999910295, -0.00858999975, -0.99032712, 0.00898749568, -0.138460934},{4.082341194152832, 0.13438138365745544, 36.44571304321289},{4.256037712097168, -0.2041703164577484, 35.7585563659668},{5.114542007446289, 0.10026991367340088, 36.28915023803711},{4.987606525421143, -0.9676221609115601, 35.53289794921875},{0},{1},{0}},{{2423.26343, 197.939285, 610.442139, -0.129459694, 0.0109132854, 0.991524637, 0.00391180115, 0.999937296, -0.01049513, -0.99157697, 0.00251995074, -0.129494265},{4.565192699432373, 0.12198018282651901, 38.494529724121094},{4.630399703979492, -0.17240068316459656, 38.0856819152832},{5.386125564575195, 0.4375903606414795, 41.99181365966797},{4.927341461181641, -0.7998762726783752, 38.35491943359375},{0},{1},{0}},{{2418.59106, 197.930832, 611.02832, -0.126592055, 0.0115313157, 0.991887808, -0.00212049251, 0.999926984, -0.0118954089, -0.991952598, -0.00360915484, -0.126558363},{4.967611312866211, 0.2196011245250702, 40.520694732666016},{5.09419584274292, -0.03499565273523331, 40.41808319091797},{5.1653642654418945, 0.7111359238624573, 40.413909912109375},{5.111240386962891, -0.6199033856391907, 40.35344314575195},{0},{1},{0}},{{2414.13354, 197.93129, 611.592346, -0.125616595, 0.010334827, 0.992025018, -0.00214942428, 0.999940574, -0.0106894644, -0.992076516, -0.00347505673, -0.125586912},{5.307345867156982, 0.2341580092906952, 42.69800567626953},{5.420896530151367, -0.06895947456359863, 42.68537902832031},{5.589081764221191, 0.767322838306427, 43.96830368041992},{5.801366329193115, -0.6499454975128174, 45.788299560546875},{0},{1},{0}},{{2409.68677, 197.933868, 612.157654, -0.125488698, 0.010957459, 0.992034554, -0.000544539653, 0.999938071, -0.011113639, -0.992094874, -0.00193483825, -0.125474975},{5.6026153564453125, 0.17414817214012146, 44.83694076538086},{5.691558837890625, -0.12195786833763123, 44.82475662231445},{5.983376502990723, 0.7686163187026978, 47.11024475097656},{6.064620494842529, -0.7442025542259216, 47.86848449707031},{0},{1},{0}},{{2404.23633, 197.936493, 612.848633, -0.125176996, 0.0107483324, 0.992076218, 0.000525537704, 0.999941885, -0.0107672401, -0.992134273, -0.000826437201, -0.125175372},{5.868205547332764, 0.13629791140556335, 46.94961929321289},{5.957207202911377, -0.17685270309448242, 46.944496154785156},{5.947144031524658, 0.7303357720375061, 46.889129638671875},{5.899347305297852, -0.766796886920929, 46.89213562011719},{0},{1},{0}},{{2396.83325, 197.935989, 613.784302, -0.124988645, 0.0106467446, 0.992101073, 0.000298679108, 0.99994278, -0.0106932698, -0.992158115, -0.00104021747, -0.124984674},{6.281122207641602, 0.15655314922332764, 50.17210006713867},{6.3510260581970215, -0.18261320888996124, 50.18846130371094},{6.3263068199157715, 0.7840374112129211, 50.178321838378906},{6.312958717346191, -0.8010613918304443, 50.19489288330078},{0},{1},{0}},{{2388.92651, 197.937225, 614.782471, -0.124989852, 0.0122285662, 0.992082655, 9.17221842e-05, 0.999924183, -0.0123136658, -0.992157996, -0.00144808728, -0.1249815},{6.700547218322754, 0.13168376684188843, 53.52791213989258},{6.778206825256348, -0.14370723068714142, 53.533966064453125},{7.110377788543701, 0.9130896329879761, 56.35115432739258},{7.08821439743042, -0.9145581126213074, 56.35270309448242},{0},{1},{0}},{{2382.53296, 197.937378, 615.588806, -0.125124946, 0.00650089839, 0.99211967, -1.74896413e-05, 0.999978542, -0.00655459939, -0.992141008, -0.000837495667, -0.125122145},{6.865951061248779, 0.26913607120513916, 54.8271598815918},{6.941133499145508, -0.2698361277580261, 54.82777404785156},{6.920787334442139, 0.784817636013031, 54.849143981933594},{6.911730766296387, -0.7817376255989075, 54.8546257019043},{0},{1},{0}},{{2375.59106, 197.93399, 616.464233, -0.125107586, 0.00875008386, 0.99210459, 7.93334766e-05, 0.999961197, -0.00880937278, -0.992143154, -0.00102341222, -0.125103429},{7.166428089141846, 0.23964187502861023, 56.93996047973633},{7.183874130249023, -0.24974530935287476, 56.9377326965332},{7.175719261169434, 0.8668674826622009, 56.924320220947266},{7.182453155517578, -0.8743001818656921, 56.92328643798828},{0},{1},{0}},{{2367.73096, 197.937469, 617.455566, -0.125158593, 0.0104089621, 0.992082119, 7.42567645e-05, 0.999945045, -0.0104820924, -0.992136717, -0.00123825518, -0.125152498},{7.420208930969238, 0.19061186909675598, 59.10416030883789},{7.480559349060059, -0.20137207210063934, 59.10371780395508},{7.467981338500977, 0.9226459264755249, 59.110347747802734},{7.449986934661865, -0.9280829429626465, 59.11551284790039},{0},{1},{0}},{{2360.95361, 197.935089, 618.311218, -0.125206634, 0.00994064659, 0.992080867, 0.000388483342, 0.99995023, -0.00997046847, -0.992130637, -0.000862961926, -0.125204265},{7.650149345397949, 0.2072269320487976, 60.9288444519043},{7.7165656089782715, -0.24720196425914764, 60.929752349853516},{7.702576160430908, 0.9390568137168884, 60.94165802001953},{7.685492992401123, -0.9737675786018372, 60.94719314575195},{0},{1},{0}},{{2354.32373, 197.933289, 619.148438, -0.125256121, 0.0098174531, 0.992075861, 0.000544749491, 0.999951541, -0.00982661173, -0.992124319, -0.000690410438, -0.125255406},{7.877157211303711, 0.21990124881267548, 62.67566680908203},{7.929620742797852, -0.2771373689174652, 62.673824310302734},{7.922606945037842, 0.9641634821891785, 62.678871154785156},{7.905233383178711, -1.0170342922210693, 62.68172073364258},{0},{1},{0}},{{2347.14429, 197.933167, 620.055115, -0.125266716, 0.0101171853, 0.992071509, 0.000568657299, 0.999948561, -0.0101257134, -0.992122948, -0.000704266015, -0.125266016},{8.109196662902832, 0.217790424823761, 64.49592590332031},{8.160612106323242, -0.27891966700553894, 64.49198150634766},{8.153451919555664, 0.9981247186660767, 64.4993667602539},{8.135720252990723, -1.0558522939682007, 64.49942016601562},{0},{1},{0}},{{2339.75928, 197.932861, 620.987122, -0.125266775, 0.0102941273, 0.992069662, 0.000588217285, 0.999946773, -0.01030159, -0.992122948, -0.000706894323, -0.12526615},{8.338356971740723, 0.21934255957603455, 66.30712127685547},{8.392733573913574, -0.28603672981262207, 66.3035659790039},{8.383455276489258, 1.0313432216644287, 66.31278991699219},{8.362774848937988, -1.0926949977874756, 66.31304168701172},{0},{1},{0}},{{2331.78491, 197.932663, 621.993408, -0.125251144, 0.0102725653, 0.992071867, 0.000588936848, 0.999947011, -0.0102797542, -0.992124915, -0.000703283295, -0.125250548},{8.580121994018555, 0.2276121824979782, 68.2115249633789},{8.634420394897461, -0.296193927526474, 68.20645141601562},{8.6233549118042, 1.0619388818740845, 68.21601867675781},{8.601030349731445, -1.1255428791046143, 68.21640014648438},{0},{1},{0}},{{2324.77026, 197.938614, 622.870667, -0.123441622, 0.00979686435, 0.992303491, 0.000279125583, 0.999951541, -0.00983764976, -0.99235177, -0.000937398174, -0.123438381},{9.04686164855957, 0.09661159664392471, 69.65518951416016},{8.641144752502441, -0.25698158144950867, 69.82775115966797},{8.684253692626953, 1.0293186902999878, 69.89044952392578},{8.736644744873047, -1.0410970449447632, 70.4051742553711},{0},{1},{0}},{{2315.15137, 197.933792, 624.046509, -0.119414784, 0.00836573914, 0.992809236, 0.00504973251, 0.999956667, -0.00781858619, -0.992831588, 0.00407976611, -0.119451858},{7.529030799865723, -0.25465112924575806, 73.25154876708984},{7.76783561706543, -0.9162071347236633, 71.93653106689453},{8.884354591369629, 0.7487995028495789, 72.39033508300781},{8.805085182189941, -1.4893505573272705, 71.82478332519531},{1},{1},{0}},{{2305.65259, 197.955444, 625.023987, -0.0985831097, 0.00958824437, 0.995082617, 0.025347542, 0.999653339, -0.00712109869, -0.994805932, 0.0245208777, -0.0987919718},{3.173664093017578, -1.3793829679489136, 77.21353149414062},{3.776296615600586, -1.9837051630020142, 72.64309692382812},{7.588190078735352, -0.5086656808853149, 74.8515625},{7.477546691894531, -2.7906763553619385, 73.86946868896484},{0},{1},{0}},{{2296.29736, 197.956192, 625.752869, -0.077351816, 0.00887578446, 0.996964335, 0.0254878569, 0.999651194, -0.00692217005, -0.996677995, 0.024875043, -0.077551052},{2.7742161750793457, -0.6189708709716797, 78.60359954833984},{3.23227596282959, -1.4478179216384888, 75.53972625732422},{5.96122407913208, -0.5783968567848206, 76.97676849365234},{5.872761249542236, -2.908003330230713, 76.04695129394531},{0},{1},{0}},{{2288.00708, 197.951721, 626.252197, -0.0616996922, 0.00900989678, 0.998054087, 0.0134011302, 0.999876618, -0.00819789153, -0.998004794, 0.0128692454, -0.0618128181},{3.5667455196380615, -0.2346123456954956, 78.80160522460938},{3.7056193351745605, -0.9757028818130493, 77.99768829345703},{4.822025775909424, 0.158950075507164, 78.70113372802734},{4.861887454986572, -2.118452548980713, 79.02899169921875},{0},{1},{0}},{{2277.70093, 197.936142, 626.78894, -0.0539494008, 0.0077909003, 0.998513281, -0.00263339095, 0.999964952, -0.00794450846, -0.998540223, -0.0030580773, -0.0539269969},{4.015144348144531, 0.4340023398399353, 81.29742431640625},{4.111858367919922, -0.1500473916530609, 80.2663345336914},{4.240124702453613, 1.2703545093536377, 80.46028137207031},{4.306694030761719, -1.036810278892517, 80.57722473144531},{0},{1},{0}},{{2268.52026, 197.91008, 627.273315, -0.0532467961, 0.00664466992, 0.998559296, -0.0056756963, 0.999959707, -0.00695663737, -0.998565257, -0.00603793794, -0.0532069393},{4.364180088043213, 0.883907675743103, 82.2083740234375},{4.361481666564941, -0.15512531995773315, 82.18135833740234},{4.415439605712891, 1.6725943088531494, 82.21302032470703},{4.400023460388184, -0.9540034532546997, 82.17747497558594},{0},{1},{0}},{{2259.13794, 197.939835, 627.777649, -0.0532271005, 0.0083500836, 0.998547494, 0.000411268469, 0.999965131, -0.00834001508, -0.998582363, -3.32437376e-05, -0.05322868},{4.543376445770264, 0.3442453145980835, 83.9338150024414},{4.562014579772949, -0.35889047384262085, 83.97550201416016},{4.546411037445068, 1.2357676029205322, 84.00572204589844},{4.532083511352539, -1.2407686710357666, 83.95639038085938},{0},{1},{0}},{{2248.62988, 197.943314, 628.341125, -0.053160511, 0.0066629285, 0.998563766, 0.00370895979, 0.999972165, -0.00647487212, -0.998579085, 0.00335942535, -0.0531837456},{4.500173091888428, 0.15833982825279236, 85.12488555908203},{4.546332359313965, -0.659237802028656, 85.11666107177734},{4.54222297668457, 0.9627092480659485, 85.1436996459961},{4.5059685707092285, -1.4595333337783813, 85.135986328125},{0},{1},{0}},{{2238.45654, 197.934128, 628.879395, -0.0531399697, 0.00544607779, 0.99857223, 0.000997475232, 0.99998492, -0.00540070049, -0.998586595, 0.000709058018, -0.0531446002},{4.573988437652588, 0.4222935736179352, 86.4935531616211},{4.5806097984313965, -0.5791094899177551, 86.47415161132812},{4.572686672210693, 1.1538139581680298, 86.47539520263672},{4.576300144195557, -1.3085438013076782, 86.4654769897461},{0},{1},{0}},{{2226.69629, 197.936584, 629.503235, -0.0531748906, 0.00311218202, 0.998580337, -0.00102381804, 0.999994457, -0.00317110796, -0.998584688, -0.00119098788, -0.0531714112},{4.592713356018066, 0.6056983470916748, 86.72752380371094},{4.636360168457031, -0.4807394742965698, 86.7237548828125},{4.651428699493408, 1.2203574180603027, 86.72015380859375},{4.578184604644775, -1.0883220434188843, 86.71656799316406},{0},{0.05},{0}},{{2214.4834, 197.944427, 630.1521, -0.0526091829, -0.00268102367, 0.998611569, -0.00111676659, 0.999995947, 0.00262590661, -0.99861455, -0.000977069256, -0.0526119657},{4.511743545532227, 0.7805907130241394, 86.41726684570312},{4.550403594970703, -0.6369816660881042, 86.41731262207031},{4.559893608093262, 0.9833894968032837, 86.430908203125},{4.570644378662109, -0.8427610397338867, 86.39558410644531},{0},{0.05},{0}},{{2204.74097, 197.939255, 630.668762, -0.0528511778, -0.00168949354, 0.99860096, -0.000745684665, 0.999998331, 0.00165239209, -0.998602092, -0.000657310593, -0.0528523512},{4.568375110626221, 0.7575623989105225, 86.23045349121094},{4.559742450714111, -0.6606916189193726, 86.2217788696289},{4.569397449493408, 1.0258324146270752, 86.19222259521484},{4.584750652313232, -0.9265875220298767, 86.16796112060547},{0},{0.05},{0}},{{2194.54175, 197.945129, 631.209961, -0.0528689846, -0.000564840797, 0.998601317, 0.000289014919, 0.999999762, 0.00058093312, -0.998601437, 0.000319324026, -0.0528688096},{4.551458835601807, 0.6128841638565063, 85.95453643798828},{4.5559210777282715, -0.6594902276992798, 85.9498291015625},{4.559048175811768, 0.9592639803886414, 85.9170150756836},{4.307492733001709, -1.0002762079238892, 85.6957015991211},{0},{0.05},{0}},{{2185.34082, 197.943008, 631.694397, -0.0526931956, -0.00129293941, 0.9986099, -0.00177138858, 0.999997735, 0.00120126619, -0.998609185, -0.00170562766, -0.0526953675},{4.512177467346191, 0.7615666389465332, 85.68701934814453},{4.538613319396973, -0.5371189713478088, 85.70462799072266},{4.506409168243408, 1.071627140045166, 85.66705322265625},{4.5228095054626465, -0.8323421478271484, 85.69275665283203},{0},{0.05},{0}},{{2176.16016, 197.940887, 632.179871, -0.0527328812, -0.00144664012, 0.998607635, -0.000812965038, 0.999998689, 0.00140572549, -0.998608351, -0.000737705152, -0.0527339876},{4.542933940887451, 0.7354322671890259, 85.64640808105469},{4.536864280700684, -0.6318223476409912, 85.66320037841797},{4.525166988372803, 1.0273668766021729, 85.605224609375},{4.542068004608154, -0.9053739309310913, 85.62823486328125},{0},{0.2787480719387531},{0}},{{2167.92041, 197.943176, 632.616028, -0.0527136214, 0.00164190552, 0.998608291, 0.000331162097, 0.999998629, -0.00162671041, -0.998609602, 0.000244951429, -0.0527140908},{4.571870803833008, 0.5532145500183105, 86.21295166015625},{4.552340507507324, -0.6029047966003418, 86.22163391113281},{4.541703224182129, 1.03334379196167, 86.15904998779297},{4.573076248168945, -1.068112850189209, 86.1739730834961},{0},{0.7535748399794102},{0}},{{2157.63281, 197.946152, 633.158386, -0.0527488329, 0.00608714297, 0.998589277, -0.00104389212, 0.999980509, -0.00615076581, -0.998607278, -0.00136686524, -0.0527414531},{4.555413722991943, 0.44356104731559753, 87.38196563720703},{4.6644287109375, -0.25072145462036133, 88.23800659179688},{4.571185111999512, 1.2255265712738037, 87.36457061767578},{4.603918075561523, -1.1317464113235474, 87.36643981933594},{0},{1},{0}},{{2147.69775, 197.93544, 633.671143, -0.0506605059, 0.00654693041, 0.998694479, 0.000140806587, 0.999978542, -0.00654820586, -0.998715937, -0.000191112646, -0.050660342},{3.7872304916381836, 0.20482631027698517, 88.82289123535156},{3.864863872528076, -0.6701759696006775, 88.42686462402344},{4.680911064147949, 1.178199052810669, 89.29277038574219},{4.6460089683532715, -1.3511643409729004, 88.36051940917969},{1},{1},{0}},{{2137.63477, 197.952103, 634.078796, -0.0368884057, 0.00538367918, 0.999304891, 0.0199831016, 0.999789536, -0.00464863284, -0.99911958, 0.0197977312, -0.0369882248},{-0.43905362486839294, -0.8389212489128113, 88.42908477783203},{0.2842956483364105, -1.8391966819763184, 91.5949935913086},{3.548297643661499, -0.21920324862003326, 90.22395324707031},{3.520538330078125, -2.7856557369232178, 89.4534912109375},{1},{1},{0}},{{2127.44238, 197.964005, 634.290344, -0.0170336235, 0.00409766426, 0.999846518, 0.0337826945, 0.999423027, -0.0035203984, -0.999284029, 0.0337175466, -0.0171622243},{-4.75201940536499, -0.8839074373245239, 88.24681854248047},{-4.572277069091797, -2.421987295150757, 90.75208282470703},{1.783620834350586, -1.346665382385254, 91.74678802490234},{1.7571136951446533, -3.921062707901001, 90.37939453125},{0},{1},{0}},{{2117.64551, 197.975601, 634.231812, 0.00795886945, 0.00351945031, 0.999962151, 0.0382261723, 0.999261796, -0.00382123399, -0.999237418, 0.0382551402, 0.0078184586},{-4.854298114776611, -1.775095820426941, 94.8191909790039},{-5.095686912536621, -2.4328248500823975, 92.14324188232422},{-0.6512547135353088, -1.7549490928649902, 92.81586456298828},{-0.655566394329071, -4.290512561798096, 91.48519134521484},{0},{1},{0}},{{2108.24585, 197.969269, 633.979553, 0.0247244835, 0.00284047052, 0.999690294, 0.0245060213, 0.999693751, -0.00344656664, -0.99939388, 0.0245836452, 0.0246473029},{-3.8834660053253174, -0.9729043245315552, 93.72228240966797},{-3.9008753299713135, -2.072549343109131, 92.9699478149414},{-2.4580459594726562, -0.8620656132698059, 94.03351593017578},{-2.709362268447876, -3.3484303951263428, 95.11346435546875},{0},{1},{0}},{{2096.05225, 197.94043, 633.528809, 0.0349366851, 0.0050542485, 0.999376774, 4.34285212e-05, 0.999987185, -0.00505885389, -0.999389529, 0.000220141039, 0.0349360183},{-3.74008846282959, 0.4564268887042999, 94.90322875976562},{-4.173999786376953, -0.321636825799942, 94.26622772216797},{-3.5403025150299072, 1.0687583684921265, 95.31531524658203},{-3.4108057022094727, -1.3856910467147827, 94.55131530761719},{0},{1},{0}},{{2083.12109, 197.914841, 633.042542, 0.0369153693, 0.00425489759, 0.999309361, -0.00882002618, 0.999953389, -0.00393182039, -0.999279499, -0.00866878964, 0.0369511731},{-3.5664522647857666, 1.2971946001052856, 96.24542236328125},{-3.550184726715088, 0.014312702231109142, 96.06155395507812},{-3.574944496154785, 1.9510126113891602, 96.71281433105469},{-3.477553129196167, -0.7011314630508423, 96.1464614868164},{0},{1},{0}},{{2071.09009, 197.921295, 632.606689, 0.0370396413, 0.00506340386, 0.999300957, -0.000280970649, 0.999987185, -0.00505646644, -0.999313772, -9.34845302e-05, 0.0370405912},{-3.5331788063049316, 0.7080963850021362, 97.57727813720703},{-3.576364040374756, -0.635593831539154, 97.60237884521484},{-3.5200815200805664, 1.5155036449432373, 97.5569839477539},{-3.5600616931915283, -1.4200363159179688, 97.54017639160156},{0},{1},{0}},{{2060.00537, 197.946426, 632.200012, 0.0371105671, 0.00665214192, 0.999289036, 0.00382707478, 0.999969542, -0.00679879822, -0.999303818, 0.00407666108, 0.0370839797},{-3.6680636405944824, 0.15663427114486694, 98.79887390136719},{-3.6697475910186768, -0.7463163137435913, 98.79580688476562},{-3.651279926300049, 1.0995252132415771, 98.78163146972656},{-3.6712026596069336, -1.682935118675232, 98.7753677368164},{0},{1},{0}},{{2048.78369, 197.940155, 631.780823, 0.0371387489, 0.00674353959, 0.999287367, 0.00201079226, 0.999974728, -0.00682290969, -0.999308109, 0.00226275367, 0.0371242501},{-3.756121873855591, 0.3110355734825134, 99.98818969726562},{-3.7293641567230225, -0.6483190059661865, 99.969970703125},{-3.7412257194519043, 1.2695013284683228, 99.98314666748047},{-3.7444841861724854, -1.6054595708847046, 99.97969818115234},{0},{1},{0}},{{2036.28015, 197.929428, 631.313293, 0.037121553, 0.00636230363, 0.999290526, -0.000616861566, 0.999979675, -0.00634377683, -0.999310553, -0.000380933081, 0.0371247232},{-3.777059555053711, 0.6066505908966064, 101.34400939941406},{-3.7707409858703613, -0.5272713303565979, 101.33845520019531},{-3.766446828842163, 1.5441802740097046, 101.3281478881836},{-3.7828657627105713, -1.458134651184082, 101.32063293457031},{0},{1},{0}},{{2021.28894, 197.931839, 630.75708, 0.0370962247, 0.00681310892, 0.999288499, -0.000362465129, 0.999976814, -0.00680434611, -0.999311626, -0.000109791676, 0.0370978341},{-3.8153274059295654, 0.5664618015289307, 102.91470336914062},{-3.811239719390869, -0.5183858275413513, 102.92224884033203},{-3.8035950660705566, 1.5556871891021729, 102.89835357666016},{-3.8219189643859863, -1.4946093559265137, 102.89225006103516},{0},{1},{0}},{{2009.01392, 197.932922, 630.301941, 0.0370947048, 0.00696246419, 0.999287486, 4.31516346e-05, 0.999975741, -0.00696886145, -0.999311745, 0.000301628752, 0.0370935015},{-3.8700437545776367, 0.5268113613128662, 104.154052734375},{-3.8582468032836914, -0.543765664100647, 104.15606689453125},{-3.853591203689575, 1.540612816810608, 104.14035034179688},{-3.8733317852020264, -1.5488260984420776, 104.13114166259766},{0},{1},{0}},{{1997.18701, 197.932068, 629.863159, 0.0371086523, 0.00699941488, 0.999286711, 0.000107316482, 0.999975443, -0.00700822426, -0.999311209, 0.000367305707, 0.0371069908},{-3.916738510131836, 0.5317793488502502, 105.33269500732422},{-3.904655933380127, -0.5628421306610107, 105.33210754394531},{-3.9000132083892822, 1.5595600605010986, 105.31982421875},{-3.9191954135894775, -1.5811035633087158, 105.30684661865234},{0},{1},{0}},{{1984.62659, 197.931747, 629.396851, 0.037139412, 0.00708108814, 0.999284983, 0.000147530096, 0.999974847, -0.00709145982, -0.999310076, 0.000410797249, 0.0371374302},{-3.962815523147583, 0.5348478555679321, 106.55555725097656},{-3.9507181644439697, -0.571645975112915, 106.55549621582031},{-3.947432041168213, 1.5823363065719604, 106.53822326660156},{-3.96844220161438, -1.6091233491897583, 106.5257339477539},{0},{1},{0}},{{1970.09302, 197.944672, 628.85614, 0.0374067016, 0.00672119297, 0.999277532, -0.00061616837, 0.99997735, -0.00670283474, -0.999299943, -0.000364992273, 0.0374099948},{-3.5765068531036377, 0.3728965222835541, 107.81543731689453},{-4.007166862487793, -0.40288788080215454, 108.35247802734375},{-4.048772811889648, 1.522771954536438, 107.95487976074219},{-4.385861873626709, -1.5082226991653442, 110.21308135986328},{0},{1},{0}},{{1956.59998, 197.93045, 628.354309, 0.0371022299, 0.00357293012, 0.999305069, 8.0690952e-05, 0.999993622, -0.00357838767, -0.999311447, 0.000213401028, 0.0371017009},{-4.067507743835449, 0.6868749856948853, 109.18838500976562},{-4.021393775939941, -0.47435933351516724, 110.47102355957031},{-4.106380462646484, 1.4700291156768799, 109.3409423828125},{-4.035572528839111, -1.513441801071167, 109.24002838134766},{0},{1},{0}},{{1944.81323, 197.92366, 627.919189, 0.0368357934, 0.00297559169, 0.999316931, -0.00101286336, 0.999995172, -0.00294027617, -0.999320805, -0.000903864042, 0.0368386284},{-3.51615047454834, 0.7400487661361694, 110.23323059082031},{-4.042262077331543, -0.7320331335067749, 110.56707763671875},{-4.1178436279296875, 1.6255412101745605, 110.36502075195312},{-4.064078330993652, -1.3532826900482178, 111.00460052490234},{0},{1},{0}},{{1932.2749, 197.929398, 627.459595, 0.0366571881, 0.00403149752, 0.999319792, -0.000198701266, 0.999991894, -0.00402692007, -0.999327898, -5.09505298e-05, 0.036657691},{-4.076114654541016, 0.7340497970581055, 111.72589874267578},{-4.560182094573975, -0.5548997521400452, 111.38976287841797},{-4.1447978019714355, 1.4800819158554077, 112.17100524902344},{-4.045263767242432, -1.5368194580078125, 111.55681610107422},{0},{1},{0}},{{1919.6062, 197.932144, 626.99707, 0.0365252495, 0.00439160271, 0.99932307, -0.000210959901, 0.999990344, -0.00438682456, -0.999332726, -5.0587234e-05, 0.0365258232},{-4.173460483551025, 0.48260775208473206, 113.91669464111328},{-4.079686164855957, -0.6944692134857178, 112.86603546142578},{-4.139140605926514, 1.5936837196350098, 112.6790542602539},{-4.092775344848633, -1.4340413808822632, 113.32523345947266},{0},{1},{0}},{{1907.45032, 197.929626, 626.555542, 0.0361942276, 0.00380779523, 0.999337494, 0.000274109567, 0.999992669, -0.00382021931, -0.999344766, 0.000412197842, 0.0361929201},{-4.12705659866333, 0.6888822317123413, 113.81583404541016},{-4.1164469718933105, -0.5114956498146057, 115.08564758300781},{-4.187807083129883, 1.5122301578521729, 114.15029907226562},{-4.106605052947998, -1.6171249151229858, 113.80479431152344},{0},{1},{0}},{{1893.87915, 197.927734, 626.065491, 0.0359693989, 0.00363974739, 0.999346256, -0.000646725937, 0.999993265, -0.00361882616, -0.999352694, -0.000516136119, 0.0359715112},{-4.208272933959961, 0.7371676564216614, 116.26200103759766},{-4.0943217277526855, -0.7418318390846252, 115.07544708251953},{-4.161392688751221, 1.694367527961731, 115.0003433227539},{-4.110393524169922, -1.5200910568237305, 115.14485168457031},{0},{1},{0}},{{1878.19836, 197.92543, 625.505493, 0.0357745364, 0.00547303306, 0.999344885, 0.000505495118, 0.999984801, -0.00549463322, -0.999359787, 0.000701731886, 0.0357712284},{-4.148709297180176, 0.7014330625534058, 116.43875885009766},{-4.175683498382568, -0.8058260083198547, 116.43911743164062},{-4.148533821105957, 1.6958463191986084, 116.40147399902344},{-4.180941581726074, -1.7864630222320557, 116.39590454101562},{0},{1},{0}},{{1866.31738, 197.940399, 625.080505, 0.0357288122, 0.00699600717, 0.999337018, 0.000299637206, 0.999975383, -0.00701118866, -0.999361455, 0.000549939985, 0.0357258357},{-4.202560901641846, 0.5098034143447876, 117.43000030517578},{-4.201730728149414, -0.5794887542724609, 117.42796325683594},{-4.186277866363525, 1.6506240367889404, 117.40914154052734},{-4.214155673980713, -1.7107517719268799, 117.4027099609375},{0},{1},{0}},{{1851.65955, 197.940964, 624.55658, 0.0356451534, 0.00620582281, 0.999345243, -1.61080443e-05, 0.999980748, -0.00620919466, -0.999364495, 0.000205230186, 0.0356445648},{-4.250415325164795, 0.5508960485458374, 118.54106903076172},{-4.188526630401611, -0.5705747604370117, 118.55522918701172},{-4.254210472106934, 1.6425814628601074, 118.59600067138672},{-4.221859455108643, -1.6402469873428345, 118.61077117919922},{0},{1},{0}},{{1838.88049, 197.925217, 624.101196, 0.0355997756, 0.00512449304, 0.999352992, -0.000279998902, 0.999986887, -0.00511776889, -0.999366105, -9.76263182e-05, 0.0356007442},{-4.262036323547363, 0.79500812292099, 119.66055297851562},{-4.260183334350586, -0.7568731904029846, 119.66376495361328},{-4.251225471496582, 1.7905677556991577, 119.65352630615234},{-4.271632194519043, -1.739197015762329, 119.65361022949219},{0},{1},{0}},{{1826.00305, 197.938354, 623.642944, 0.0356991403, 0.00518854801, 0.999349117, -0.000555345905, 0.99998647, -0.00517201889, -0.999362409, -0.000370347814, 0.0357015356},{-4.336990833282471, 0.703708291053772, 120.44001007080078},{-4.310145378112793, -0.6165381669998169, 120.7380599975586},{-4.280285835266113, 1.6918675899505615, 120.44840240478516},{-4.641012668609619, -1.6912767887115479, 122.13725280761719},{0},{1},{0}},{{1810.29797, 197.933762, 623.083069, 0.0356584154, 0.00436442904, 0.999354482, -0.0011008248, 0.999990046, -0.00432792585, -0.999363422, -0.000945787237, 0.0356628634},{-4.345269680023193, 0.8304850459098816, 121.43352508544922},{-4.316333770751953, -0.634518027305603, 121.4325942993164},{-4.331418991088867, 1.771887183189392, 121.42655944824219},{-4.31980562210083, -1.561890721321106, 121.42831420898438},{0},{1},{0}},{{1796.53625, 197.933472, 622.593262, 0.0356350988, 0.00462405523, 0.999354184, -0.000284555572, 0.999989331, -0.00461684726, -0.999364853, -0.000119849989, 0.0356360339},{-4.352852821350098, 0.7688411474227905, 122.3384780883789},{-4.356876850128174, -0.7239763736724854, 122.34159851074219},{-4.344258785247803, 1.7403967380523682, 122.30449676513672},{-4.362740516662598, -1.679453730583191, 122.30745697021484},{0},{1},{0}},{{1784.06628, 197.93895, 622.149231, 0.0356287323, 0.0055749109, 0.999349535, 0.000208365294, 0.999984384, -0.00558588095, -0.999365091, 0.000407247629, 0.0356270149},{-4.38811731338501, 0.6292528510093689, 123.11156463623047},{-4.385249614715576, -0.6821884512901306, 123.11392974853516},{-4.377115249633789, 1.695418357849121, 123.08769989013672},{-4.393894195556641, -1.7337381839752197, 123.08561706542969},{0},{1},{0}},{{1770.81885, 197.939133, 621.676819, 0.0356443748, 0.00572238537, 0.999348164, 0.00027311765, 0.99998349, -0.00573576475, -0.999364495, 0.000477387366, 0.0356422253},{-4.429980754852295, 0.6122076511383057, 123.90541076660156},{-4.412109375, -0.6788432002067566, 123.90522003173828},{-4.41075325012207, 1.705008625984192, 123.88150787353516},{-4.42702054977417, -1.759140968322754, 123.88227081298828},{0},{1},{0}},{{1756.07666, 197.938522, 621.150085, 0.0355372429, 0.00560347177, 0.999352634, 0.000583761372, 0.999983966, -0.00562777091, -0.999368191, 0.000783378957, 0.0355334021},{-4.457510948181152, 0.6289100646972656, 124.76071166992188},{-4.444619655609131, -0.724234402179718, 124.8128662109375},{-4.4554643630981445, 1.6558247804641724, 125.42184448242188},{-4.431075096130371, -1.7905834913253784, 124.7822494506836},{0},{1},{0}},{{1739.09583, 197.936295, 620.554749, 0.0344440751, 0.00378201785, 0.999399483, -0.00119657861, 0.999992251, -0.00374302152, -0.999405921, -0.00106693513, 0.0344483331},{-3.1695499420166016, 0.8567600846290588, 125.4943618774414},{-3.7541298866271973, -0.4524822533130646, 126.32325744628906},{-4.456122875213623, 1.7983722686767578, 125.65582275390625},{-4.410290241241455, -1.4267501831054688, 126.5610580444336},{-1},{1},{0}},{{1724.82007, 197.892807, 620.192139, 0.0190489329, 0.00307935453, 0.999813795, -0.0226427019, 0.999740124, -0.00264772796, -0.999562144, -0.02258805, 0.0191137083},{0.0911831259727478, 3.128398895263672, 128.35009765625},{0.5448562502861023, 1.4433419704437256, 129.19081115722656},{-2.7517404556274414, 4.114210605621338, 126.16619110107422},{-3.1070327758789062, 0.5116556286811829, 128.8653564453125},{-1},{1},{0}},{{1708.28882, 197.890793, 620.06012, 0.00444353092, 0.00453922572, 0.999979854, -0.0328185149, 0.999451697, -0.00439099548, -0.999451458, -0.0327983424, 0.00459006522},{1.6342681646347046, 3.6719980239868164, 126.9144287109375},{2.2811949253082275, 1.7430076599121094, 126.5087661743164},{-0.5237523913383484, 5.202025413513184, 127.40127563476562},{-0.5398473143577576, 1.5944734811782837, 127.89471435546875},{0},{1},{0}},{{1693.81824, 197.93129, 620.107117, -0.0028160722, 0.00591092557, 0.999978542, -0.0115160858, 0.999916017, -0.00594298681, -0.999929726, -0.0115325749, -0.00274776481},{1.0931177139282227, 1.6909315586090088, 128.3521270751953},{1.2984094619750977, 0.4608669877052307, 128.73556518554688},{0.5140318274497986, 2.9854001998901367, 128.89625549316406},{0.5468182563781738, -0.32845279574394226, 129.36231994628906},{0},{1},{0}},{{1680.71765, 197.944656, 620.206055, -0.00630021654, 0.00467375945, 0.999969244, 0.00424229819, 0.999980211, -0.00464708265, -0.999971151, 0.00421288982, -0.0063199196},{0.9642844200134277, 0.23024600744247437, 129.16583251953125},{1.0435054302215576, -1.1593469381332397, 129.21786499023438},{0.8969168066978455, 1.3727540969848633, 129.34844970703125},{0.9594618678092957, -2.0709590911865234, 129.266357421875},{1},{1},{0}},{{1666.81641, 197.942902, 620.26947, -0.00163743028, 0.00330622657, 0.999993205, 0.016020244, 0.999866307, -0.00327957468, -0.9998703, 0.0160147641, -0.00169017795},{-0.1951339691877365, -0.5533708930015564, 130.242431640625},{-0.19348378479480743, -2.2564263343811035, 131.15878295898438},{0.33638423681259155, 0.18564008176326752, 130.41004943847656},{0.36860525608062744, -3.478170871734619, 129.83140563964844},{0},{1},{0}},{{1649.8689, 197.939819, 620.247986, 0.00112351472, 0.00441712001, 0.999989629, 0.00973765366, 0.99994278, -0.00442785351, -0.999951959, 0.00974252727, 0.00108043815},{-0.32798415422439575, -0.16137152910232544, 131.12745666503906},{-0.35471394658088684, -1.9040067195892334, 130.99563598632812},{-0.2625337243080139, 0.8132910132408142, 131.03965759277344},{-0.29274654388427734, -2.94574236869812, 131.00714111328125},{0},{1},{0}},{{1635.02722, 197.937515, 620.210083, 0.00150447199, 0.00572370738, 0.999982476, -0.00356568, 0.999977291, -0.00571831316, -0.99999249, -0.00355701451, 0.00152484665},{-0.3050627112388611, 0.988487184047699, 131.9088897705078},{-0.3062213063240051, -0.3386654555797577, 131.84251403808594},{-0.27055245637893677, 2.1262447834014893, 131.86090087890625},{-0.2922913134098053, -1.5007075071334839, 131.82896423339844},{0},{1},{0}},{{1619.34253, 197.936264, 620.182251, 0.00159204414, 0.00555938808, 0.999983251, -0.00702431193, 0.999959946, -0.00554807531, -0.999974072, -0.00701536145, 0.00163103128},{-0.19458918273448944, 1.3509429693222046, 133.19851684570312},{-0.1456369012594223, 0.09093528240919113, 132.64306640625},{0.07706274837255478, 2.588503360748291, 134.5502471923828},{-0.153560072183609, -1.0361684560775757, 132.67767333984375},{0},{1},{0}},{{1599.77832, 197.921829, 620.170715, -0.000172828266, 0.00364504033, 0.999993324, -0.000178802147, 0.999993324, -0.00364507106, -0.99999994, -0.000179430936, -0.00017217538},{0.5964108109474182, 1.1084120273590088, 133.64456176757812},{0.6499559283256531, -0.8487953543663025, 133.98904418945312},{-0.0634411945939064, 2.0127177238464355, 133.6239471435547},{-0.07373621314764023, -1.8701798915863037, 133.9792022705078},{-1},{1},{0}},{{1582.32849, 197.908981, 620.308044, -0.0124928178, 0.00399037777, 0.99991399, -0.0205091201, 0.999780655, -0.00424608402, -0.999711633, -0.0205604006, -0.0124082379},{4.508556842803955, 3.034055709838867, 133.09669494628906},{5.157762050628662, 1.6316055059432983, 137.9176025390625},{1.4362820386886597, 4.025622844696045, 134.41111755371094},{1.4581305980682373, 0.3424778878688812, 135.32908630371094},{0},{1},{0}},{{1567.06274, 197.893066, 620.626465, -0.0238865037, 0.00406581676, 0.999706388, -0.0310987104, 0.999504745, -0.00480805431, -0.999230862, -0.0312044267, -0.0237482339},{5.573642253875732, 3.4805328845977783, 136.9461669921875},{6.317903518676758, 2.303267002105713, 138.1301727294922},{3.1902947425842285, 5.307429313659668, 135.17771911621094},{3.191075086593628, 1.4497599601745605, 135.6883087158203},{0},{1},{0}},{{1544.78271, 197.935074, 621.345032, -0.0332464911, 0.00387998903, 0.999439657, -0.00659329537, 0.99996984, -0.00410137419, -0.999425411, -0.00672595715, -0.0332199074},{5.078325271606445, 1.554568886756897, 136.5536346435547},{5.3032355308532715, 0.1205175444483757, 137.30116271972656},{4.665423393249512, 2.5942535400390625, 136.90199279785156},{4.73914909362793, -0.8065145015716553, 137.45425415039062},{-1},{1},{0}},{{1526.19543, 197.91095, 622.14624, -0.0501335636, 0.00404104684, 0.998734355, -0.0161438715, 0.999857903, -0.00485596806, -0.998612046, -0.016366886, -0.0500612035},{8.733806610107422, 2.3823578357696533, 138.24407958984375},{9.670194625854492, 0.6265488266944885, 136.28726196289062},{6.556718826293945, 3.6576430797576904, 137.5841827392578},{6.569680213928223, -0.17374315857887268, 137.89395141601562},{-1},{1},{0}},{{1509.08167, 197.921631, 623.17981, -0.067267336, -0.000983889331, 0.997734487, -0.0300997626, 0.999546349, -0.00104365207, -0.997280836, -0.0301017761, -0.0672664344},{16.25873374938965, 3.7203691005706787, 136.3191375732422},{17.481956481933594, 1.948978066444397, 136.64202880859375},{9.115721702575684, 4.947606086730957, 137.1447296142578},{8.719429969787598, 1.537305474281311, 148.88034057617188},{-1},{1},{0}},{{1495.8208, 197.89624, 624.273499, -0.0886114538, -0.0022978764, 0.99606359, -0.047291737, 0.998879313, -0.0019027784, -0.994942963, -0.0472741872, -0.0886208192},{21.332340240478516, 4.875810623168945, 135.86830139160156},{23.53436279296875, 3.148646593093872, 136.9365234375},{12.140440940856934, 6.94998025894165, 139.1091766357422},{12.0081148147583, 3.721780776977539, 138.86131286621094},{0},{1},{0}},{{1477.85217, 197.874115, 626.262878, -0.118625492, -0.00273979618, 0.9929353, -0.0543346368, 0.998515785, -0.00373613811, -0.991451323, -0.0543939769, -0.118598297},{23.25223159790039, 5.571777820587158