return {{{2459.30713, 197.913803, 604.800537, -0.154499903, 0.00632872386, 0.987972558, 0.00491754431, 0.999972045, -0.00563658075, -0.987980545, 0.00398754748, -0.154526696},{-0.08704334497451782, -1.449907660484314, 5.777811050415039},{-0.05626838654279709, -1.3122309446334839, 5.158350467681885},{2.8014585971832275, 0.05870769917964935, 17.48441505432129},{0.8185205459594727, -0.25228044390678406, 4.8268351554870605},{0},{1},{0}},{{2458.51611, 197.918106, 604.861084, -0.140995428, 0.00604976341, 0.989991784, 0.00615251856, 0.999967396, -0.00523447711, -0.989991128, 0.00535290502, -0.141028062},{-0.30920976400375366, 0.27657124400138855, 8.270395278930664},{-0.19072973728179932, 0.16770364344120026, 7.473040580749512},{2.366666078567505, -0.010527600534260273, 16.574447631835938},{1.0047353506088257, -0.33580347895622253, 7.0605669021606445},{0},{1},{0}},{{2457.35791, 197.917694, 604.94873, -0.125687495, 0.00774342986, 0.99203968, 0.00164547213, 0.99996978, -0.00759685412, -0.992068529, 0.000677544042, -0.12569645},{0.19369681179523468, 0.7256377935409546, 10.821517944335938},{0.340572327375412, 0.5545967221260071, 10.221301078796387},{1.3005852699279785, 0.024380521848797798, 10.436212539672852},{2.3793351650238037, -0.46516478061676025, 18.97019386291504},{0},{1},{0}},{{2456.01636, 197.914825, 605.061584, -0.114841759, 0.00619122759, 0.993364513, -0.000715205679, 0.999979794, -0.00631514238, -0.993383527, -0.00143570197, -0.114835016},{0.6612855195999146, 0.48651841282844543, 12.946152687072754},{0.8142511248588562, 0.3124101758003235, 12.466394424438477},{1.4633393287658691, 0.10163933783769608, 12.566673278808594},{2.246051073074341, -0.4033742845058441, 19.43317985534668},{0},{1},{0}},{{2453.77637, 197.922333, 605.270996, -0.104878686, 0.00813811272, 0.994451702, -0.000545947812, 0.999965906, -0.00824081618, -0.994484901, -0.00140720466, -0.10487067},{1.2329903841018677, 0.27182111144065857, 16.227476119995117},{1.3160409927368164, 0.12087070941925049, 15.907283782958984},{2.721721887588501, 0.33760765194892883, 25.75385284423828},{1.665940284729004, -0.3207423686981201, 15.552075386047363},{0},{1},{0}},{{2451.54102, 197.92543, 605.484314, -0.0997169018, 0.00995072909, 0.99496609, -0.0007929969, 0.999948859, -0.0100800376, -0.995015562, -0.00179415511, -0.0997039154},{1.6059949398040771, 0.17808745801448822, 18.808774948120117},{1.6846598386764526, 0.0365016870200634, 18.62152099609375},{1.8743906021118164, 0.2736690640449524, 18.628801345825195},{2.5967602729797363, -0.42817366123199463, 25.90084457397461},{0},{1},{0}},{{2449.65576, 197.927597, 605.665833, -0.0974082798, 0.0101459157, 0.995192766, -0.000712602166, 0.999947071, -0.010264134, -0.995244265, -0.00170898822, -0.0973958895},{1.8711528778076172, 0.14413219690322876, 20.82819175720215},{1.9324426651000977, -0.010217794217169285, 20.727115631103516},{2.0311896800994873, 0.3416301906108856, 20.52526092529297},{2.5865793228149414, -0.4293769299983978, 26.38593292236328},{0},{1},{0}},{{2446.91528, 197.930313, 605.929199, -0.096009694, 0.0107033411, 0.995322824, 0.0004084596, 0.999942541, -0.0107136192, -0.995380342, -0.000622062129, -0.0960085467},{2.173750638961792, 0.09756243228912354, 23.518186569213867},{2.2340126037597656, -0.05817696824669838, 23.48675537109375},{2.283912181854248, 0.35147085785865784, 23.486772537231445},{2.5266008377075195, -0.43384191393852234, 26.004419326782227},{0},{1},{0}},{{2444.41943, 197.930756, 606.168884, -0.0951503888, 0.0114158774, 0.995397449, 0.00130353111, 0.999934793, -0.0113433097, -0.99546206, 0.000218211309, -0.0951590613},{2.3947153091430664, 0.06941720098257065, 25.711618423461914},{2.4423892498016357, -0.09246128797531128, 25.683799743652344},{2.4628396034240723, 0.38370585441589355, 25.628889083862305},{3.198944568634033, -0.5882945656776428, 33.479583740234375},{0},{1},{0}},{{2441.69775, 197.931396, 606.428711, -0.0945616364, 0.0116297789, 0.995451093, 0.00115958508, 0.999932349, -0.0115719801, -0.995518327, 6.00448548e-05, -0.0945687294},{2.616185188293457, 0.06401342153549194, 27.986032485961914},{2.658600091934204, -0.10362054407596588, 27.95729637145996},{3.3454582691192627, 0.5193271636962891, 35.15178680419922},{3.2714531421661377, -0.6043162941932678, 34.464881896972656},{0},{1},{0}},{{2438.57373, 197.93219, 606.724792, -0.0941617042, 0.0117518967, 0.995487571, 0.00100885052, 0.999930918, -0.0117089264, -0.995556414, -9.82343554e-05, -0.0941670612},{2.839629650115967, 0.06611665338277817, 30.35576629638672},{2.8837993144989014, -0.11311624944210052, 30.334619522094727},{2.878740072250366, 0.45582884550094604, 30.374488830566406},{3.401638984680176, -0.6262932419776917, 36.075748443603516},{0},{1},{0}},{{2435.00732, 197.932816, 607.063843, -0.0936865285, 0.0118624568, 0.995531082, 0.000690310961, 0.999929547, -0.0118499044, -0.995601535, -0.000422950368, -0.0936881155},{3.081251382827759, 0.07185062021017075, 32.8774528503418},{3.1195333003997803, -0.11534428596496582, 32.85625457763672},{4.120237827301025, 0.6732153296470642, 43.697044372558594},{3.080699920654297, -0.5631849765777588, 32.79201889038086},{0},{1},{0}},{{2431.17041, 197.933792, 607.427246, -0.0936155319, 0.0109535698, 0.995548189, 0.000578081701, 0.999939919, -0.0109475311, -0.99560827, -0.000449350773, -0.0936162397},{3.2875819206237793, 0.08331937342882156, 35.19462966918945},{3.336677312850952, -0.13503167033195496, 35.14888381958008},{3.817401885986328, 0.6123408079147339, 40.52825927734375},{3.7809178829193115, -0.6745561957359314, 40.30665969848633},{0},{1},{0}},{{2427.48145, 197.934723, 607.775452, -0.0933450907, 0.0115536815, 0.995566785, 0.00056302856, 0.999933124, -0.0115515636, -0.995633662, -0.000517749169, -0.0933453515},{3.49770188331604, 0.08912866562604904, 37.43516540527344},{3.541802406311035, -0.12917682528495789, 37.432613372802734},{3.845233201980591, 0.6417807936668396, 40.917423248291016},{3.6936004161834717, -0.65985506772995, 39.502845764160156},{0},{1},{0}},{{2422.67383, 197.93541, 608.228943, -0.0932442248, 0.0109592145, 0.995582938, 0.000151954155, 0.999939561, -0.0109929405, -0.995643258, -0.000873745186, -0.0932402536},{3.772279977798462, 0.3055174946784973, 39.97500228881836},{3.8419971466064453, 0.1006975919008255, 39.96540451049805},{4.444291591644287, 0.7461536526679993, 47.39810562133789},{4.413490295410156, -0.7609397768974304, 47.24483871459961},{-1},{1},{0}},{{2418.01929, 197.925766, 608.697632, -0.0983924121, 0.0103310607, 0.995094061, -0.00622126274, 0.999920189, -0.0109963082, -0.995128274, -0.00727269473, -0.0983202904},{5.4119977951049805, 0.7910063862800598, 41.928462982177734},{5.896249294281006, 0.5605173110961914, 42.606143951416016},{4.6827287673950195, 1.168444275856018, 49.10963439941406},{4.829714775085449, -0.42562663555145264, 50.659751892089844},{-1},{1},{0}},{{2413.07739, 197.905701, 609.32312, -0.126374096, 0.00793444831, 0.991950929, -0.0219565053, 0.999700665, -0.0107936859, -0.991739631, -0.0231438186, -0.126162052},{8.495275497436523, 1.5552457571029663, 42.04233932495117},{10.297183990478516, 1.4129189252853394, 46.1010627746582},{5.3768086433410645, 1.8649169206619263, 43.256439208984375},{6.6090545654296875, 0.4712871015071869, 53.287254333496094},{-1},{1},{0}},{{2408.43066, 197.89743, 610.032532, -0.162025377, 0.00407333253, 0.9867782, -0.023802368, 0.999684393, -0.00803487096, -0.986499488, -0.0247895103, -0.161877289},{11.336164474487305, 0.5503581166267395, 45.3331298828125},{13.196184158325195, 0.30915212631225586, 48.1750602722168},{9.149890899658203, 2.4305803775787354, 56.49381637573242},{8.018876075744629, 0.6754725575447083, 49.632568359375},{0},{1},{0}},{{2403.35767, 197.894379, 610.972534, -0.200876668, 0.00170139247, 0.979615033, -0.0219210256, 0.999740303, -0.00623139972, -0.97937125, -0.0227259099, -0.200787202},{11.298965454101562, 0.6397029161453247, 46.28363037109375},{12.415885925292969, -0.15204302966594696, 47.83989715576172},{9.457539558410645, 1.98932945728302, 46.54277801513672},{11.398844718933105, 0.617806613445282, 56.045318603515625},{0},{1},{0}},{{2398.66602, 197.907959, 611.970703, -0.230130598, 0.00482013077, 0.97314781, -0.0166643076, 0.999821603, -0.00889303535, -0.973017037, -0.0182633959, -0.230009228},{11.659921646118164, 0.815895140171051, 48.33970642089844},{12.407424926757812, 0.2732621133327484, 49.87847900390625},{12.32783317565918, 1.8689597845077515, 51.932987213134766},{13.159080505371094, 0.23028534650802612, 55.40238571166992},{0},{1},{0}},{{2393.24341, 197.9272, 613.217651, -0.247194648, 0.0109694311, 0.96890378, -0.00637932401, 0.999895811, -0.0129478527, -0.968944848, -0.00938159041, -0.247098908},{12.28463077545166, 0.5396045446395874, 50.97397232055664},{12.743749618530273, 0.2170315831899643, 51.485496520996094},{13.927011489868164, 1.309560775756836, 54.42335891723633},{14.062271118164062, -0.5055903196334839, 55.00556564331055},{0},{1},{0}},{{2385.91919, 197.934158, 615.042175, -0.243831724, 0.00670917379, 0.969794333, -0.00346944807, 0.999963641, -0.00779019948, -0.96981132, -0.00526414905, -0.243799582},{13.080836296081543, 0.45659682154655457, 53.1300048828125},{13.29421329498291, -0.05058779567480087, 52.98100280761719},{13.437800407409668, 0.9134200215339661, 53.09290313720703},{13.372404098510742, -0.6756618618965149, 52.90993881225586},{0},{1},{0}},{{2379.82861, 197.937134, 616.562805, -0.24188973, 0.00877883099, 0.970264018, 0.0020816836, 0.999961436, -0.0085285604, -0.970301509, -4.31885237e-05, -0.241898686},{13.576824188232422, 0.18215836584568024, 54.936424255371094},{13.711498260498047, -0.3301102817058563, 54.898311614990234},{13.718536376953125, 0.7535619735717773, 54.915035247802734},{13.70966911315918, -0.9466724991798401, 54.86146926879883},{0},{1},{0}},{{2373.20801, 197.93985, 618.208618, -0.24138777, 0.010207912, 0.970375061, 0.00215473841, 0.999947846, -0.00998299848, -0.970426321, -0.000318869308, -0.241397172},{14.027929306030273, 0.11714337766170502, 56.81289291381836},{14.142455101013184, -0.30751264095306396, 56.783687591552734},{14.121354103088379, 0.7953852415084839, 56.797607421875},{14.103691101074219, -1.0030654668807983, 56.78978729248047},{0},{1},{0}},{{2366.03198, 197.940628, 619.970093, -0.237411886, 0.0106215077, 0.971351027, 0.00474246219, 0.999940991, -0.00977500807, -0.971397519, 0.00228589238, -0.237448245},{12.79629898071289, -0.39880576729774475, 59.32527160644531},{13.240440368652344, -0.8453543186187744, 58.726112365722656},{14.613879203796387, 0.5960325002670288, 59.09581756591797},{14.43686580657959, -1.2773945331573486, 58.44505310058594},{1},{1},{0}},{{2359.28467, 197.951721, 621.490845, -0.219721317, 0.0112579176, 0.975497723, 0.0185375027, 0.99980104, -0.00736300414, -0.97538656, 0.0164654832, -0.219886303},{9.621898651123047, -1.2642550468444824, 64.73621368408203},{9.718523025512695, -1.6648014783859253, 59.402374267578125},{13.972867012023926, -0.15278834104537964, 61.27444839477539},{13.735294342041016, -2.02131986618042, 60.28981018066406},{1},{1},{0}},{{2352.66309, 197.955856, 622.811035, -0.197164252, 0.0107976273, 0.980310977, 0.0277136229, 0.999601126, -0.00543621834, -0.979978681, 0.026096141, -0.197384849},{7.149359226226807, -0.1169734001159668, 61.93608093261719},{8.405610084533691, -1.0590946674346924, 64.54563903808594},{12.9176025390625, -0.722827136516571, 63.473182678222656},{12.630090713500977, -2.6133041381835938, 62.11555099487305},{0},{1},{0}},{{2345.45776, 197.960205, 624.051636, -0.173050344, 0.0107311597, 0.984854519, 0.0251474157, 0.999662817, -0.00647382112, -0.984591901, 0.0236462485, -0.173261851},{8.515787124633789, -0.26766231656074524, 65.49873352050781},{9.265204429626465, -1.151201844215393, 64.89078521728516},{11.494668960571289, -0.5855961441993713, 65.51639556884766},{11.297808647155762, -2.5154924392700195, 64.37909698486328},{0},{1},{0}},{{2337.62939, 197.947098, 625.250427, -0.155306756, 0.0106314886, 0.987809062, 0.00941523071, 0.99991262, -0.0092814602, -0.9878214, 0.00785897765, -0.155393273},{9.533552169799805, -0.04953605681657791, 67.60315704345703},{9.868778228759766, -0.6597614288330078, 66.94985961914062},{10.460670471191406, 0.36587122082710266, 67.43570709228516},{10.38761043548584, -1.697173833847046, 66.85453796386719},{0},{1},{0}},{{2329.9436, 197.927567, 626.392151, -0.150143072, 0.00900212489, 0.988623321, -0.00596844871, 0.999932051, -0.0100115333, -0.988646269, -0.00740370993, -0.150079146},{10.111059188842773, 0.37723487615585327, 69.70697021484375},{10.326915740966797, -0.11202997714281082, 68.93584442138672},{10.412571907043457, 1.3764218091964722, 69.0298843383789},{10.371244430541992, -0.8089661002159119, 68.96759796142578},{1},{1},{0}},{{2322.04883, 197.938263, 627.551941, -0.143554986, 0.00856706314, 0.989605248, 0.000314796605, 0.999962866, -0.0086110644, -0.989642262, -0.000924636843, -0.143552363},{8.249824523925781, -0.13289494812488556, 72.088134765625},{8.9417724609375, -0.62496417760849, 70.7009506225586},{10.593121528625488, 0.9325702786445618, 71.26625061035156},{10.484134674072266, -1.1965880393981934, 70.48483276367188},{1},{1},{0}},{{2314.35425, 197.942551, 628.565186, -0.129097119, 0.00861415267, 0.991594553, 0.0186387114, 0.999806702, -0.00625889283, -0.991456747, 0.01767404, -0.12923272},{6.227990627288818, -0.03424232453107834, 71.85721588134766},{7.171138286590576, -0.9809148907661438, 74.06721496582031},{9.697821617126465, -0.061541520059108734, 73.12364959716797},{9.587798118591309, -2.322324275970459, 72.36672973632812},{0},{1},{0}},{{2305.60962, 197.951035, 629.580505, -0.115454137, 0.00917543285, 0.993270457, 0.0188918747, 0.999796748, -0.00703979796, -0.993133128, 0.0179519672, -0.115604006},{7.394621849060059, -0.4127575755119324, 75.36551666259766},{7.530129432678223, -1.3173171281814575, 74.38558959960938},{9.442606925964355, -0.1556168645620346, 78.38269805908203},{9.1403226852417, -2.708331346511841, 81.00985717773438},{0},{1},{0}},{{2297.0564, 197.942673, 630.485352, -0.108024068, 0.0100426497, 0.994097531, 0.0076419008, 0.999927819, -0.00927113835, -0.994118929, 0.00659528887, -0.108093016},{7.851074695587158, -0.09540925174951553, 76.90591430664062},{7.902745723724365, -0.7554028034210205, 76.5825424194336},{8.195056915283203, 0.6423935294151306, 76.79867553710938},{8.18233585357666, -1.7398931980133057, 76.60340881347656},{0},{1},{0}},{{2286.51855, 197.926712, 631.587341, -0.10564255, 0.00946696475, 0.994359076, -0.00623500999, 0.999928713, -0.0101824105, -0.994384646, -0.00727553479, -0.105575994},{7.8681535720825195, 0.5048952698707581, 78.88361358642578},{8.123233795166016, -0.07309956103563309, 78.80310821533203},{8.370526313781738, 1.6111629009246826, 78.83203125},{8.328904151916504, -0.8975211977958679, 78.76766967773438},{1},{1},{0}},{{2277.97876, 197.930084, 632.460876, -0.100454465, 0.00760048069, 0.994912624, 0.0029144655, 0.999968767, -0.00734483823, -0.99493736, 0.00216181669, -0.100473478},{5.513886451721191, -0.34330591559410095, 82.95415496826172},{6.099575519561768, -0.5765852928161621, 82.11544036865234},{8.901525497436523, 1.0932064056396484, 83.84877014160156},{8.26837158203125, -1.4652438163757324, 80.2139892578125},{1},{1},{0}},{{2270.18799, 197.942734, 633.170349, -0.0884621814, 0.00624324055, 0.996059954, 0.0215083156, 0.999759197, -0.00435622828, -0.995847285, 0.02103821, -0.088575162},{3.3202857971191406, -0.2663344740867615, 81.3124008178711},{3.9412386417388916, -1.6357756853103638, 80.35746002197266},{7.6505632400512695, -0.30984604358673096, 83.01103973388672},{7.529062747955322, -2.7374267578125, 81.588623046875},{0},{1},{0}},{{2261.30127, 197.955933, 633.836853, -0.0743317828, 0.00765812024, 0.997204185, 0.0299135521, 0.999537647, -0.00544627896, -0.996784806, 0.0294250865, -0.0745265037},{4.374913692474365, -1.3512797355651855, 86.13411712646484},{4.397373199462891, -2.0507712364196777, 84.37663269042969},{6.259693145751953, -0.8188189268112183, 84.0913314819336},{6.203953266143799, -3.3633713722229004, 83.52071380615234},{0},{1},{0}},{{2251.26831, 197.948181, 634.47821, -0.065515995, 0.00794412475, 0.997819901, 0.0134950439, 0.99988389, -0.00707448414, -0.997760236, 0.0130021321, -0.0656155944},{2.989642381668091, -0.6740508079528809, 85.21011352539062},{3.478954553604126, -1.4081220626831055, 85.82401275634766},{5.528477191925049, 0.22381021082401276, 85.40776062011719},{5.4447736740112305, -2.3231985569000244, 84.91615295410156},{1},{0},{0}},{{2241.59912, 197.946777, 634.983337, -0.05160404, 0.00403805496, 0.998659432, 0.011005342, 0.999933422, -0.00347452355, -0.99860698, 0.0108112898, -0.0516450405},{0.4827941656112671, -0.12917891144752502, 89.53411102294922},{1.5358749628067017, -0.8996573686599731, 85.27096557617188},{4.6520562171936035, 0.24416625499725342, 86.84135437011719},{4.604353427886963, -2.0796425342559814, 85.8362808227539},{0},{1},{0}},{{2232.28784, 197.947662, 635.3255, -0.0352833755, 0.00209881738, 0.999375165, 0.0211602952, 0.999775171, -0.00135258411, -0.999153316, 0.0210993495, -0.0353198536},{1.1562161445617676, -0.7080473899841309, 88.42418670654297},{1.8029520511627197, -2.1055662631988525, 87.27595520019531},{3.229571580886841, -0.3996400833129883, 88.0288314819336},{3.238003969192505, -2.7650372982025146, 87.23193359375},{1},{1},{0}},{{2222.34106, 197.959091, 635.524475, -0.0178255308, 0.00429254398, 0.999831915, 0.0265682917, 0.99963969, -0.0038180456, -0.999488056, 0.0264957659, -0.0179331545},{-1.5364291667938232, -1.449065923690796, 89.04033660888672},{-1.0785658359527588, -2.5950334072113037, 90.03657531738281},{1.7285205125808716, -0.7937222123146057, 89.39344024658203},{1.6889445781707764, -3.2917940616607666, 88.3324203491211},{1},{1},{0}},{{2211.75269, 197.961502, 635.542969, -0.00155738043, 0.00488074357, 0.999986887, 0.0196810216, 0.999794543, -0.00484915357, -0.999805093, 0.0196732115, -0.00165311841},{-2.4946916103363037, -0.40332740545272827, 89.87252807617188},{-2.1329469680786133, -1.4082759618759155, 89.39373016357422},{0.12089604139328003, -0.3461276888847351, 90.4895248413086},{0.12237866222858429, -2.795722007751465, 89.71411895751953},{0},{1},{0}},{{2201.52271, 197.958801, 635.42511, 0.0114329644, 0.00492948666, 0.999922514, 0.0109810112, 0.999926925, -0.00505506387, -0.999874353, 0.0110379541, 0.0113779977},{-1.8526948690414429, -0.22324928641319275, 91.6039810180664},{-1.6962240934371948, -1.1307015419006348, 91.02269744873047},{-1.1188385486602783, 0.25027525424957275, 91.89160919189453},{-1.0494756698608398, -2.108491897583008, 91.06327819824219},{0},{1},{0}},{{2191.14136, 197.932816, 635.251465, 0.015340752, 0.00473458786, 0.999871135, -0.00123327074, 0.999988139, -0.00471622031, -0.999881566, -0.00116076146, 0.0153464088},{-1.6813417673110962, 0.6077238917350769, 92.71955871582031},{-2.0918526649475098, -0.2932001054286957, 92.21980285644531},{-1.5452265739440918, 1.2246959209442139, 93.15216827392578},{-1.4526101350784302, -1.2457894086837769, 92.48970794677734},{0},{1},{0}},{{2181.14551, 197.916245, 635.084412, 0.0162393861, 0.00375858834, 0.999861062, -0.00489976862, 0.999981225, -0.00367945991, -0.999856114, -0.00483933557, 0.0162574984},{-1.5191460847854614, 1.0302886962890625, 93.72589874267578},{-1.5018947124481201, -0.32210659980773926, 93.72871398925781},{-1.5439804792404175, 1.7042255401611328, 93.77825164794922},{-1.4888345003128052, -0.983910083770752, 93.77558898925781},{0},{1},{0}},{{2172.09277, 197.924332, 634.941528, 0.0161564555, 0.0045037861, 0.999859333, -0.00212088949, 0.999987781, -0.00447009411, -0.999867201, -0.0020483702, 0.0161658097},{-1.5024564266204834, 0.7934389710426331, 94.83812713623047},{-1.5171805620193481, -0.4642367362976074, 94.84930419921875},{-1.491493821144104, 1.5271732807159424, 94.86415100097656},{-1.4778364896774292, -1.1919312477111816, 94.84225463867188},{0},{1},{0}},{{2160.22681, 197.935608, 634.752502, 0.0163010843, 0.00661141705, 0.999845266, 0.0015900326, 0.999976695, -0.00663820934, -0.99986589, 0.00169799663, 0.0162901916},{-1.5599186420440674, 0.3865727186203003, 96.24034881591797},{-1.5692100524902344, -0.6245901584625244, 96.24279022216797},{-1.5434589385986328, 1.2933917045593262, 96.21736145019531},{-1.5676630735397339, -1.522889494895935, 96.21587371826172},{0},{1},{0}},{{2148.74292, 197.938614, 634.564209, 0.0163656101, 0.00695923017, 0.999841869, 0.00131967128, 0.999974728, -0.00698175561, -0.999865174, 0.00143372337, 0.0163560137},{-1.615825891494751, 0.36083677411079407, 97.50791931152344},{-1.5983775854110718, -0.5753379464149475, 97.49827575683594},{-1.594112753868103, 1.311462163925171, 97.48661041259766},{-1.613239049911499, -1.5170743465423584, 97.49600219726562},{0},{1},{0}},{{2138.77808, 197.935822, 634.399353, 0.0162586626, 0.00656786328, 0.99984622, 0.000829546072, 0.999978006, -0.00658221822, -0.999867499, 0.000936436583, 0.0162528567},{-1.6286612749099731, 0.4495876431465149, 98.58145141601562},{-1.6112327575683594, -0.5731016397476196, 98.622314453125},{-1.6111750602722168, 1.3394964933395386, 99.10118103027344},{-1.6021757125854492, -1.4865530729293823, 98.61397552490234},{0},{1},{0}},{{2127.0083, 197.934784, 634.208862, 0.0161719937, 0.00595619157, 0.999851465, 0.00194320653, 0.999980152, -0.00598838832, -0.99986732, 0.00203976221, 0.0161601007},{-1.632027268409729, 0.3938349187374115, 99.91560363769531},{-1.6220945119857788, -0.7153626680374146, 99.90208435058594},{-1.6177641153335571, 1.2923158407211304, 99.91165161132812},{-1.6306498050689697, -1.6039481163024902, 99.9004898071289},{0},{1},{0}},{{2115.08594, 197.934525, 634.01416, 0.0161792226, 0.00623958418, 0.999849617, 0.000547221745, 0.99998033, -0.00624925504, -0.999868929, 0.000648247544, 0.0161754899},{-1.6492981910705566, 0.4928252398967743, 101.22364044189453},{-1.6475138664245605, -0.5961927771568298, 101.21595764160156},{-1.6383357048034668, 1.4192607402801514, 101.197021484375},{-1.6574739217758179, -1.5156803131103516, 101.19640350341797},{0},{1},{0}},{{2104.16748, 197.935364, 633.836731, 0.0161769651, 0.00678660162, 0.999846101, -5.95814163e-05, 0.999976993, -0.00678652572, -0.999869168, 5.02131334e-05, 0.0161769968},{-1.661861538887024, 0.5126886367797852, 102.36331939697266},{-1.6512895822525024, -0.5168121457099915, 102.36347198486328},{-1.649335503578186, 1.4952611923217773, 102.33573150634766},{-1.6653881072998047, -1.4874401092529297, 102.33761596679688},{0},{1},{0}},{{2092.54175, 197.942932, 633.648682, 0.0160264522, 0.00677133584, 0.999848664, 0.000857908977, 0.999976635, -0.00678595388, -0.999871194, 0.000966533902, 0.0160202682},{-1.67323899269104, 0.3735792636871338, 103.62680053710938},{-1.6420209407806396, -0.3477017283439636, 104.5741195678711},{-1.690891981124878, 1.290210247039795, 104.14849853515625},{-1.6527959108352661, -1.5107576847076416, 103.58848571777344},{0},{1},{0}},{{2081.36865, 197.938751, 633.469238, 0.0160942804, 0.00472869026, 0.999859273, 0.000484861026, 0.999988675, -0.00473710662, -0.99987036, 0.000561033143, 0.016091805},{-1.7735300064086914, 0.3035928010940552, 105.7763671875},{-1.661197304725647, -0.5880889296531677, 104.65882110595703},{-1.71682870388031, 1.382372260093689, 104.66302490234375},{-1.65030837059021, -1.4141554832458496, 105.01316833496094},{0},{1},{0}},{{2070.66943, 197.926544, 633.295776, 0.0161519274, 0.00292970473, 0.999865234, 0.000564146671, 0.99999553, -0.0029391998, -0.999869406, 0.000611544412, 0.0161502026},{-1.719870924949646, 0.6952882409095764, 106.26531219482422},{-1.6892502307891846, -0.8137797713279724, 105.69287872314453},{-1.5127469301223755, 1.4986071586608887, 108.06678009033203},{-1.684247374534607, -1.5028964281082153, 105.80216217041016},{0},{1},{0}},{{2058.04443, 197.924042, 633.091553, 0.0160043463, 0.00335872499, 0.999866307, -0.000337541889, 0.999994338, -0.00335375243, -0.99987185, -0.000283822126, 0.0160053894},{-1.7231898307800293, 0.5679090023040771, 108.26387786865234},{-1.7398159503936768, -0.7192299365997314, 107.2233657836914},{-1.7446391582489014, 1.548768162727356, 107.02316284179688},{-1.6847976446151733, -1.3758537769317627, 107.669921875},{0},{1},{0}},{{2045.88196, 197.930893, 632.896301, 0.0159662664, 0.00435345061, 0.999863029, -0.000162227079, 0.999990523, -0.00435141521, -0.999872506, -9.27290093e-05, 0.0159668215},{-1.7298487424850464, 0.6579239368438721, 108.28624725341797},{-1.7807437181472778, -0.4616771638393402, 109.49664306640625},{-1.77550208568573, 1.479788899421692, 108.5789566040039},{-1.7130428552627563, -1.510200023651123, 108.24567413330078},{0},{1},{0}},{{2034.8208, 197.933456, 632.719421, 0.015850937, 0.00410473254, 0.999865949, -0.000415783928, 0.999991536, -0.00409865659, -0.999874294, -0.000350760645, 0.0158525091},{-1.7666740417480469, 0.6120613217353821, 110.43171691894531},{-1.7305498123168945, -0.6122734546661377, 109.32909393310547},{-1.7621145248413086, 1.566393494606018, 109.29745483398438},{-1.696624755859375, -1.40878164768219, 109.67951202392578},{0},{1},{0}},{{2020.52991, 197.927032, 632.493103, 0.0158062615, 0.00343369739, 0.999869168, 0.000244135081, 0.99999404, -0.00343798567, -0.999875069, 0.000298444851, 0.0158053283},{-1.7419108152389526, 0.7204393744468689, 110.82052612304688},{-2.3081367015838623, -0.6384991407394409, 110.53279113769531},{-1.7985304594039917, 1.4293538331985474, 111.27923583984375},{-1.6965975761413574, -1.5567240715026855, 110.6921157836914},{0},{1},{0}},{{2009.22266, 197.926559, 632.310913, 0.0162217319, 0.00352930487, 0.999862194, 0.000370801368, 0.999993682, -0.00353578478, -0.999868333, 0.00042810681, 0.01622032},{-1.739638328552246, 0.45798546075820923, 111.54241180419922},{-2.1189706325531006, -0.8790395259857178, 111.84169006347656},{-1.8228031396865845, 1.5185285806655884, 111.79615020751953},{-1.7523828744888306, -1.5153610706329346, 112.30216979980469},{1},{1},{0}},{{1995.28015, 197.939758, 631.972839, 0.0296705589, 0.00346286525, 0.99955374, 0.0180613603, 0.999828875, -0.0039999485, -0.999396563, 0.018171981, 0.0296029374},{-6.110887050628662, -0.9857031106948853, 112.455078125},{-5.732967376708984, -2.279179096221924, 114.26336669921875},{-3.070405960083008, 0.02494218945503235, 113.31876373291016},{-3.0458781719207764, -3.324497699737549, 112.5449447631836},{1},{1},{0}},{{1982.49329, 197.963898, 631.443298, 0.0461992808, 0.00113315147, 0.998931587, 0.0373438522, 0.999298394, -0.00286067184, -0.998233974, 0.0374361165, 0.0461245514},{-10.718626022338867, -1.8200165033340454, 112.01976013183594},{-10.614616394042969, -3.542536497116089, 113.79291534423828},{-4.82564640045166, -1.855426549911499, 116.65327453613281},{-5.020199298858643, -5.098492622375488, 113.38927459716797},{0},{1},{0}},{{1969.604, 197.977051, 630.636353, 0.0662389249, 0.000657473225, 0.997803569, 0.0404780544, 0.999174833, -0.00334550161, -0.996982396, 0.040610753, 0.0661576539},{-10.8919038772583, -2.4124715328216553, 115.27518463134766},{-10.896550178527832, -3.731492757797241, 113.81295776367188},{-7.630727291107178, -2.2534618377685547, 115.34197998046875},{-7.564614295959473, -5.416203022003174, 114.45353698730469},{0},{1},{0}},{{1957.90173, 197.964249, 629.719421, 0.0769526288, 0.00186061859, 0.997033, 0.0231015887, 0.999726474, -0.00364866317, -0.996767104, 0.0233138204, 0.0768885911},{-10.085287094116211, -1.2899129390716553, 116.31928253173828},{-10.030267715454102, -2.6782426834106445, 115.46021270751953},{-9.19899845123291, -0.8024465441703796, 116.47241973876953},{-9.140342712402344, -3.757997989654541, 116.1668701171875},{0},{1},{0}},{{1944.77258, 197.928772, 628.608215, 0.0823204443, 0.00584675279, 0.996588767, -0.00329144718, 0.99997896, -0.00559476158, -0.996600449, -0.00281965593, 0.0823379606},{-10.03082275390625, 0.9187908172607422, 116.94593048095703},{-9.992003440856934, -0.4085569679737091, 116.70648193359375},{-9.865796089172363, 1.8502709865570068, 116.90641021728516},{-9.813796043395996, -1.4860941171646118, 116.8192138671875},{0},{1},{0}},{{1932.18311, 197.912979, 627.548279, 0.0831246451, 0.00679528387, 0.996515989, -0.0114317397, 0.999917448, -0.00586489728, -0.99647361, -0.0109043941, 0.0831954628},{-9.841024398803711, 1.7718805074691772, 117.90728759765625},{-9.84964370727539, 0.3278389871120453, 117.91150665283203},{-9.795036315917969, 2.81986665725708, 117.90018463134766},{-9.831438064575195, -0.7176775336265564, 117.8798828125},{0},{1},{0}},{{1918.13428, 197.94397, 626.385742, 0.0833548009, 0.00604136661, 0.996501625, -0.000590226962, 0.999981761, -0.00601309445, -0.996519744, -8.69418291e-05, 0.0833568498},{-9.860806465148926, 0.6385298371315002, 119.00697326660156},{-9.916996002197266, -0.21287867426872253, 120.33490753173828},{-9.859212875366211, 1.7131506204605103, 119.19430541992188},{-9.848099708557129, -1.522875189781189, 119.02003479003906},{0},{1},{0}},{{1901.91882, 197.944733, 625.044189, 0.0827145651, 0.00285006338, 0.996569216, 0.00525737833, 0.999980748, -0.00329617877, -0.996559441, 0.0055119833, 0.0826979876},{-10.006545066833496, 0.22686760127544403, 120.01887512207031},{-9.958969116210938, -1.2136143445968628, 120.63500213623047},{-10.024965286254883, 1.0720634460449219, 120.11871337890625},{-10.359539985656738, -2.13714337348938, 121.89080810546875},{0},{1},{0}},{{1887.61792, 197.915955, 623.850708, 0.0828107893, 0.002870786, 0.99656117, 0.000311821757, 0.999995708, -0.00290659117, -0.996565223, 0.000551446574, 0.0828095376},{-10.091821670532227, 0.9503216743469238, 121.13398742675781},{-10.122542381286621, -1.0542274713516235, 121.11006927490234},{-10.093803405761719, 1.7440109252929688, 121.07807159423828},{-10.115584373474121, -1.843672513961792, 121.0813980102539},{0},{1},{0}},{{1874.58472, 197.937897, 622.764587, 0.0828062594, 0.00552591542, 0.996550322, -0.00204872875, 0.99998343, -0.00537471753, -0.996563554, -0.0015966011, 0.0828162059},{-10.128914833068848, 0.8501462936401367, 121.93856048583984},{-10.149593353271484, -0.4698357880115509, 121.95450592041016},{-10.011011123657227, 1.9140251874923706, 123.71394348144531},{-10.155685424804688, -1.4844921827316284, 121.90323638916016},{0},{1},{0}},{{1862.8468, 197.959106, 621.789673, 0.0829719082, 0.0057220445, 0.99653548, 0.000399914163, 0.999983251, -0.00577513874, -0.996551812, 0.0008777029, 0.0829682276},{-10.233837127685547, 0.39938902854919434, 122.54179382324219},{-10.244197845458984, -0.40360432863235474, 123.7658462524414},{-10.224693298339844, 1.4760279655456543, 122.7376480102539},{-10.174019813537598, -1.5922338962554932, 122.60266876220703},{0},{1},{0}},{{1848.94983, 197.927795, 620.635559, 0.0826191008, 0.00254707108, 0.996577919, 0.000229456477, 0.999996662, -0.00257483125, -0.996581197, 0.000441401527, 0.082618244},{-10.295655250549316, 0.846625804901123, 123.42221069335938},{-10.254720687866211, -0.9138422012329102, 123.44052124023438},{-10.297586441040039, 1.6433017253875732, 123.4822769165039},{-10.219959259033203, -1.7093379497528076, 123.53751373291016},{0},{1},{0}},{{1834.95447, 197.914124, 619.47467, 0.0820523575, 0.00318613998, 0.99662292, -0.00183526089, 0.999993682, -0.0030458183, -0.996626318, -0.00157914648, 0.0820576847},{-9.823638916015625, 1.3160918951034546, 124.35707092285156},{-9.847402572631836, -0.7016903758049011, 124.57332611083984},{-10.302063941955566, 2.046065330505371, 124.25265502929688},{-10.357962608337402, -1.647158145904541, 124.48738861083984},{-1},{1},{0}},{{1821.54724, 197.920746, 618.462769, 0.0702975169, 0.00668688444, 0.997503638, -0.0201819874, 0.999782383, -0.00527986605, -0.997321904, -0.0197604448, 0.0704171732},{-7.715893268585205, 2.3827743530273438, 124.90760040283203},{-7.670644760131836, 1.1260241270065308, 125.8251953125},{-9.172931671142578, 3.7200064659118652, 124.72027587890625},{-9.252930641174316, 0.3870037794113159, 125.77574157714844},{0},{1},{0}},{{1807.35364, 197.927551, 617.567444, 0.0598729998, 0.00350882066, 0.998199821, -0.0271717329, 0.999629021, -0.00188405719, -0.997836113, -0.0270100161, 0.0599461272},{-7.52117395401001, 3.3186194896698, 125.98670959472656},{-7.5242204666137695, 2.4102210998535156, 127.7087173461914},{-7.496436595916748, 4.055026531219482, 126.41732025146484},{-7.398888111114502, 1.3200160264968872, 126.00789642333984},{0},{1},{0}},{{1794.50208, 197.92717, 616.81665, 0.0606793948, 0.00264559058, 0.998153806, -0.00285412651, 0.999992847, -0.00247695809, -0.99815321, -0.00269855699, 0.0606865138},{-7.440758228302002, 1.2651187181472778, 126.64167785644531},{-7.381093502044678, -0.4054534137248993, 127.55919647216797},{-7.490377426147461, 2.11079740524292, 126.81168365478516},{-7.7567291259765625, -1.3089873790740967, 128.62648010253906},{0},{1},{0}},{{1778.68872, 197.934204, 615.878906, 0.0604487509, 0.00403259369, 0.998163164, 0.0128733469, 0.999905527, -0.00481924228, -0.9980883, 0.0131410174, 0.0603911281},{-7.707296848297119, -0.3513229489326477, 127.79583740234375},{-7.744251728057861, -2.199747085571289, 127.78985595703125},{-7.703654766082764, 0.6758850812911987, 127.74897766113281},{-7.747427463531494, -3.2136800289154053, 127.74679565429688},{0},{1},{0}},{{1764.21472, 197.952652, 614.995422, 0.0599816851, 0.00489920517, 0.998187482, 0.00275345356, 0.999983311, -0.00507347612, -0.998195708, 0.00305277854, 0.0599671975},{-7.868739604949951, 0.265910267829895, 128.6132049560547},{-7.836035251617432, -0.9307210445404053, 128.5122833251953},{-7.855015277862549, 1.3222898244857788, 128.57337951660156},{-7.844169616699219, -1.9980688095092773, 128.59970092773438},{0},{1},{0}},{{1751.83887, 197.928558, 614.239868, 0.0601801202, 0.00499480171, 0.998175025, -0.00478425296, 0.99997741, -0.00471537746, -0.998176098, -0.00449174969, 0.0602026582},{-7.8510518074035645, 1.2265241146087646, 129.32135009765625},{-7.836278915405273, -0.31394726037979126, 129.30093383789062},{-7.841571807861328, 2.2582380771636963, 129.3168182373047},{-7.838378429412842, -1.345407247543335, 129.31646728515625},{0},{1},{0}},{{1737.18567, 197.93335, 613.366211, 0.0587290637, 0.00512104714, 0.998260796, -0.006358054, 0.999968469, -0.00475575449, -0.998253703, -0.0060676951, 0.0587597713},{-7.171751976013184, 1.3094919919967651, 131.36085510253906},{-7.040624618530273, 0.05632338672876358, 130.3282470703125},{-7.708438873291016, 2.4720823764801025, 130.01229858398438},{-7.755970478057861, -1.0333541631698608, 130.75222778320312},{-1},{1},{0}},{{1722.41504, 197.907837, 612.642883, 0.0426323861, 0.00536357798, 0.999076426, -0.0248237271, 0.999682546, -0.00430755923, -0.998782396, -0.0246171579, 0.0427519977},{-3.3914871215820312, 3.2455928325653076, 132.3092498779297},{-2.5538594722747803, 2.05655837059021, 131.72174072265625},{-5.925232887268066, 4.365242004394531, 130.54664611816406},{-5.9678568840026855, 0.8292612433433533, 131.48577880859375},{-1},{1},{0}},{{1707.55054, 197.876419, 612.171326, 0.0264224559, 0.00300098676, 0.999646366, -0.0407990813, 0.999165535, -0.0019211499, -0.998817921, -0.0407338925, 0.026522845},{1.727820873260498, 4.581167697906494, 131.93470764160156},{2.0383033752441406, 2.613538980484009, 130.6819610595703},{-3.6897754669189453, 6.121275901794434, 131.38441467285156},{-3.7005066871643066, 2.6499316692352295, 133.23892211914062},{0},{1},{0}},{{1693.3407, 197.873032, 611.98877, 0.00934138801, 0.00272199442, 0.999952674, -0.0406829491, 0.99916935, -0.00233980897, -0.999128461, -0.0406591669, 0.00944436807},{2.491342544555664, 4.522563457489014, 132.81468200683594},{1.6165292263031006, 3.110804319381714, 136.0937042236328},{-1.2693148851394653, 6.255731582641602, 132.21612548828125},{-1.2767388820648193, 2.5448555946350098, 133.07290649414062},{0},{1},{0}},{{1678.29956, 197.912491, 612.009399, -0.00156731927, 0.00366991176, 0.999992013, -0.0226125363, 0.999737442, -0.00370441866, -0.999743104, -0.0226181615, -0.00148392178},{1.1286489963531494, 3.241966485977173, 133.17105102539062},{1.0128819942474365, 1.7490142583847046, 134.5611572265625},{0.35561618208885193, 4.275866985321045, 133.8518829345703},{0.11878183484077454, 0.7851445078849792, 135.53082275390625},{-1},{1},{0}},{{1659.36853, 197.933258, 612.198608, -0.012207618, 0.00561073469, 0.999909759, -0.00227477588, 0.999981523, -0.00563890953, -0.999922872, -0.0023434083, -0.0121946288},{2.154738426208496, 0.7650001645088196, 135.6226348876953},{2.153809070587158, -0.5513148307800293, 134.6671600341797},{1.5969346761703491, 2.235738515853882, 134.35238647460938},{1.6430071592330933, -1.558146595954895, 134.7395782470703},{0},{1},{0}},{{1644.13123, 197.91925, 612.421204, -0.0144920945, 0.00443013944, 0.999885142, -0.00155708834, 0.999988854, -0.00445316685, -0.999893785, -0.00162144529, -0.014485036},{2.127732038497925, 1.180208683013916, 135.3083953857422},{2.1361119747161865, -0.7182382345199585, 135.35833740234375},{1.9718159437179565, 2.1885509490966797, 135.30145263671875},{1.9572619199752808, -1.8319876194000244, 135.3453826904297},{-1},{1},{0}},{{1629.56433, 197.923477, 612.688965, -0.021629218, 0.00424781628, 0.999757051, -0.0113721909, 0.999925256, -0.00449456228, -0.999701381, -0.011466641, -0.0215792935},{4.310044288635254, 2.0741376876831055, 135.6770477294922},{4.75485372543335, 0.46818169951438904, 136.4414825439453},{2.601825714111328, 3.1216604709625244, 135.65423583984375},{2.623502254486084, -0.5810492038726807, 136.54884338378906},{-1},{1},{0}},{{1616.45959, 197.907578, 613.086243, -0.0334677473, 0.00323145115, 0.99943459, -0.026428489, 0.999642253, -0.00411712518, -0.999090314, -0.0265513361, -0.0333703719},{5.525275230407715, 3.3806397914886475, 136.3406982421875},{6.070720672607422, 1.938120722770691, 137.81346130371094},{4.322165012359619, 4.6596360206604, 136.37020874023438},{4.371277809143066, 1.0373114347457886, 137.035888671875},{0},{1},{0}},{{1601.75073, 197.902191, 613.679138, -0.0406220481, 0.00286753895, 0.999170482, -0.0246599745, 0.999688387, -0.00387159572, -0.998870254, -0.0247967895, -0.0405386761},{6.360532760620117, 3.447218179702759, 137.15098571777344},{6.033436298370361, 1.760956048965454, 137.50584411621094},{5.770783424377441, 4.65329122543335, 137.37991333007812},{5.800698280334473, 0.8635176420211792, 137.44326782226562},{0},{1},{0}},{{1584.62524, 197.932129, 614.435669, -0.0432148241, 0.00430164021, 0.999056518, 0.00406963518, 0.999983191, -0.00412959559, -0.999057531, 0.003887336, -0.0432316028},{6.739400863647461, 0.6701585054397583, 138.01918029785156},{6.815735340118408, -1.169571042060852, 138.5022735595703},{6.010882377624512, 1.6805294752120972, 138.0878143310547},{6.046358108520508, -2.2582740783691406, 138.489990234375},{-1},{1},{0}},{{1566.599, 197.9095, 615.388, -0.0584949031, 0.00387271121, 0.998280168, -0.014706091, 0.999880612, -0.00474063307, -0.998179376, -0.0149581032, -0.0584309697},{10.998153686523438, 2.050615072250366, 141.0141143798828},{11.371331214904785, 0.39201730489730835, 136.72915649414062},{7.782990455627441, 3.615367889404297, 138.69442749023438},{7.910459995269775, -0.2148890644311905, 140.4330291748047},{-1},{1},{0}},{{1546.90942, 197.881104, 616.768677, -0.0780183151, 0.000940550293, 0.996951461, -0.0424887426, 0.999087811, -0.00426760223, -0.996046126, -0.0426921658, -0.0779071823},{18.774005889892578, 4.544395923614502, 139.20999145507812},{20.271011352539062, 3.2336151599884033, 139.79991149902344},{10.647465705871582, 6.723935127258301, 139.0813751220703},{10.694294929504395, 2.8240134716033936, 140.21449279785156},{0},{1},{0}},{{1529.52124, 197.878952, 618.461609, -0.105084188, -0.00368622853, 0.99445647, -0.0494095124, 0.998777449, -0.0015188565, -0.993235111, -0.0492952168, -0.105137855},{20.62936019897461, 5.288308620452881, 139.48255920410156},{22.409753799438477, 3.4919471740722656, 140.31930541992188},{14.524652481079102, 7.424694538116455, 139.27801513671875},{14.659725189208984, 3.924976110458374, 140.73129272460938},{0},{1},{0}},{{1514.47461, 197.892578, 620.319336, -0.126290336, -0.00291757938, 0.991989017, -0.0409910865, 0.999156892, -0.00227992306, -0.991146028, -0.040950641, -0.126303464},{19.48818588256836, 5.090599536895752, 140.2793731689453},{20.25811195373535, 3.33459734916687,