return {{{2459.5918, 197.871689, 604.770142, -0.175892934, 0.000828035525, 0.984408975, 0.000904586632, 0.999999344, -0.000679519027, -0.984408915, 0.000770960585, -0.175893575},{0.43627965450286865, 0.030207984149456024, 2.4865658283233643},{0.4427182376384735, -0.03856424614787102, 2.472306966781616},{0.4409778118133545, 0.04612842574715614, 2.490886688232422},{0.4408462345600128, -0.048244595527648926, 2.490750312805176},{0},{1},{0}},{{2459.30737, 197.871017, 604.820923, -0.175900564, 0.000701677927, 0.984407663, 0.000677511387, 0.999999583, -0.000591729418, -0.984407723, 0.000562861911, -0.175900966},{0.5689538717269897, 0.039244938641786575, 3.1771984100341797},{0.5660719275474548, -0.04835537075996399, 3.1672534942626953},{0.5685825943946838, 0.05955179035663605, 3.182366132736206},{0.5688042640686035, -0.06123657152056694, 3.1829569339752197},{0},{1},{0}},{{2458.97559, 197.870911, 604.880188, -0.175902933, 0.00068393955, 0.984407306, 0.000691435882, 0.999999583, -0.000571220589, -0.984407246, 0.000580175139, -0.175903335},{0.6845089197158813, 0.04800661653280258, 3.825593948364258},{0.6818073987960815, -0.05766447260975838, 3.8137545585632324},{0.6845413446426392, 0.07162845134735107, 3.8308486938476562},{0.6846466660499573, -0.0738658756017685, 3.8311784267425537},{0},{1},{0}},{{2458.55762, 197.870743, 604.954834, -0.175905451, 0.000661221507, 0.984406829, 0.000701918325, 0.999999583, -0.000546268013, -0.984406829, 0.000594881712, -0.175905854},{0.8071924448013306, 0.057283151894807816, 4.51277494430542},{0.804042637348175, -0.06751151382923126, 4.499274730682373},{0.8073684573173523, 0.08446987718343735, 4.518008232116699},{0.8073195815086365, -0.08720560371875763, 4.518259048461914},{0},{1},{0}},{{2458.09985, 197.87059, 605.036621, -0.175911322, 0.000632577226, 0.984405816, 0.000703498488, 0.999999642, -0.000516884029, -0.984405756, 0.000601602253, -0.175911695},{0.9242200255393982, 0.06617990136146545, 5.16827392578125},{0.9207332134246826, -0.07693950086832047, 5.153565883636475},{0.9246026873588562, 0.0967397391796112, 5.173745632171631},{0.9243947267532349, -0.0999087393283844, 5.173906326293945},{0},{1},{0}},{{2457.54736, 197.870422, 605.135376, -0.175912946, 0.000595719786, 0.984405518, 0.00069432793, 0.999999642, -0.000481080497, -0.984405458, 0.000598871964, -0.175913304},{1.0496203899383545, 0.07573859393596649, 5.870312690734863},{1.0458368062973022, -0.08713527768850327, 5.8544158935546875},{1.0499486923217773, 0.109876848757267, 5.875717639923096},{1.0496481657028198, -0.11345507204532623, 5.875871658325195},{0},{1},{0}},{{2456.92407, 197.870224, 605.246765, -0.17591536, 0.000542554189, 0.98440516, 0.000662482518, 0.999999702, -0.000432762026, -0.9844051, 0.000576021674, -0.175915658},{1.1768290996551514, 0.08564801514148712, 6.582604885101318},{1.1727575063705444, -0.09748879075050354, 6.565603256225586},{1.177402138710022, 0.12322408705949783, 6.588005065917969},{1.176742434501648, -0.12705397605895996, 6.588265895843506},{0},{1},{0}},{{2456.14771, 197.869949, 605.385498, -0.175918862, 0.000482834323, 0.984404564, 0.000621165032, 0.999999762, -0.000379477657, -0.984404504, 0.000544720388, -0.175919116},{1.3211978673934937, 0.09700407087802887, 7.387953758239746},{1.3164434432983398, -0.1092669889330864, 7.370274066925049},{1.3211474418640137, 0.13834652304649353, 7.3934431076049805},{1.3209376335144043, -0.14245042204856873, 7.393675804138184},{0},{1},{0}},{{2455.37207, 197.869675, 605.523926, -0.175921485, 0.000432115747, 0.984404087, 0.000587264134, 0.999999762, -0.000334012497, -0.984404027, 0.000519345282, -0.175921693},{1.4523367881774902, 0.10754715651273727, 8.124327659606934},{1.4478741884231567, -0.12008132040500641, 8.106468200683594},{1.4528218507766724, 0.15231294929981232, 8.130163192749023},{1.4525790214538574, -0.15655438601970673, 8.1303129196167},{0},{1},{0}},{{2454.57104, 197.869415, 605.667114, -0.175924331, 0.000384149316, 0.98440361, 0.000555871578, 0.999999821, -0.000290894794, -0.984403551, 0.000496026536, -0.17592451},{1.579735279083252, 0.11779384315013885, 8.832374572753906},{1.5742045640945435, -0.1305067539215088, 8.814237594604492},{1.5794434547424316, 0.16575993597507477, 8.838154792785645},{1.5790728330612183, -0.17010515928268433, 8.838460922241211},{0},{1},{0}},{{2453.70386, 197.869186, 605.822205, -0.175928146, 0.000336343306, 0.984402955, 0.000523977506, 0.999999821, -0.000248029392, -0.984402895, 0.00047216966, -0.175928295},{1.7083210945129395, 0.12839388847351074, 9.552513122558594},{1.7027925252914429, -0.14104917645454407, 9.53426456451416},{1.7081317901611328, 0.179379403591156, 9.558371543884277},{1.7079122066497803, -0.18382015824317932, 9.558621406555176},{0},{1},{0}},{{2452.82349, 197.868942, 605.979309, -0.175928399, 0.000293091754, 0.984402895, 0.000493204803, 0.999999881, -0.000209592006, -0.984402835, 0.000448639068, -0.175928518},{1.8315154314041138, 0.1386003941297531, 10.240906715393066},{1.8258603811264038, -0.15114785730838776, 10.223004341125488},{1.831179141998291, 0.19248001277446747, 10.24696159362793},{1.831007480621338, -0.19702553749084473, 10.247130393981934},{0},{1},{0}},{{2451.82324, 197.868683, 606.158386, -0.175932243, 0.000244804483, 0.984402239, 0.000463963224, 0.999999881, -0.000165763908, -0.98440218, 0.000427563209, -0.175932333},{1.9645068645477295, 0.1498001515865326, 10.984489440917969},{1.9586788415908813, -0.1620972603559494, 10.967041015625},{1.9640998840332031, 0.20668603479862213, 10.990468978881836},{1.9641348123550415, -0.21117819845676422, 10.990797996520996},{0},{1},{0}},{{2450.69141, 197.8741, 606.359985, -0.176093638, -0.000747578219, 0.984373152, 0.000910054019, 0.999999166, 0.0009222441, -0.984372973, 0.00105823402, -0.176092803},{2.0544393062591553, 0.1542956382036209, 11.478404998779297},{2.0841920375823975, -0.1712528020143509, 11.579285621643066},{1.978263020515442, 0.3038337230682373, 11.351495742797852},{2.0844998359680176, -0.2818201184272766, 11.4127779006958},{0},{1},{0}},{{2449.49805, 197.897186, 606.571777, -0.176321983, -0.00513230963, 0.98431915, -0.00018737225, 0.999986589, 0.00518043665, -0.984332502, 0.000728990708, -0.176320568},{2.2036471366882324, 0.18409070372581482, 12.33051586151123},{2.1939537525177, -0.17884323000907898, 12.328886032104492},{2.15458083152771, 0.2185104787349701, 12.138120651245117},{2.180074691772461, -0.20756593346595764, 12.153539657592773},{0},{1},{0}},{{2448.22461, 197.890564, 606.799377, -0.176307395, -0.00332080736, 0.984329581, -0.00072951219, 0.999994457, 0.00324298954, -0.984334886, -0.000146317325, -0.176308841},{2.356125831604004, 0.19083335995674133, 13.08243465423584},{2.34816837310791, -0.18879708647727966, 13.09071159362793},{2.1261422634124756, 0.23563618957996368, 13.099528312683105},{2.3640835285186768, -0.26303133368492126, 12.902200698852539},{0},{1},{0}},{{2447.02539, 197.894989, 607.014893, -0.176310733, -0.0030728085, 0.98432976, 0.000290032825, 0.999994934, 0.00317366072, -0.984334528, 0.00084503839, -0.176308945},{2.4793567657470703, 0.20515069365501404, 13.794973373413086},{2.4707131385803223, -0.20591270923614502, 13.799810409545898},{2.468561887741089, 0.260276734828949, 13.65347957611084},{2.4284274578094482, -0.27838191390037537, 13.630313873291016},{0},{1},{0}},{{2445.51611, 197.899704, 607.2854, -0.176300749, -0.00318044471, 0.984331191, 0.000569298398, 0.999994278, 0.00333301863, -0.984336197, 0.00114799186, -0.176297933},{2.626793622970581, 0.21760639548301697, 14.654440879821777},{2.6207516193389893, -0.22242894768714905, 14.654607772827148},{2.5988292694091797, 0.2630440592765808, 14.522379875183105},{2.59714674949646, -0.28566592931747437, 14.490581512451172},{0},{1},{0}},{{2444.00024, 197.901093, 607.556946, -0.176285669, -0.00306971883, 0.98433429, 0.000411359622, 0.999994814, 0.00319222827, -0.984338939, 0.000967659522, -0.176283494},{2.766498565673828, 0.23271773755550385, 15.472731590270996},{2.758910894393921, -0.2273365706205368, 15.471035957336426},{2.7184438705444336, 0.2829403281211853, 15.344708442687988},{2.9596853256225586, -0.254942387342453, 15.465163230895996},{0},{1},{0}},{{2442.48926, 197.90062, 607.826782, -0.176289365, -0.00286227977, 0.98433423, -0.00049974717, 0.999995887, 0.00281831902, -0.984338284, 4.92143954e-06, -0.176290065},{2.919898509979248, 0.251887708902359, 16.27869987487793},{2.9094297885894775, -0.24350090324878693, 16.279449462890625},{2.8894851207733154, 0.30688905715942383, 16.155792236328125},{2.897479772567749, -0.2898341417312622, 16.17635154724121},{0},{1},{0}},{{2440.8042, 197.901993, 608.128723, -0.176290974, -0.00277034845, 0.984334171, -0.000516573898, 0.999996185, 0.0027219113, -0.984337986, -2.86329632e-05, -0.176291734},{3.074059009552002, 0.2673138678073883, 17.140371322631836},{3.0672430992126465, -0.2582288086414337, 17.14189338684082},{3.048039436340332, 0.3224151134490967, 17.02459716796875},{3.053969144821167, -0.3041855990886688, 17.046045303344727},{0},{1},{0}},{{2439.13086, 197.903015, 608.428406, -0.176296368, -0.00270882458, 0.984333396, -0.000521522365, 0.999996305, 0.00265852222, -0.984336972, -4.46640624e-05, -0.176297128},{3.223717212677002, 0.28287771344184875, 17.971988677978516},{3.215278148651123, -0.27309057116508484, 17.973926544189453},{3.1979732513427734, 0.33731305599212646, 17.861440658569336},{3.204193115234375, -0.31799933314323425, 17.884166717529297},{0},{1},{0}},{{2437.37598, 197.903976, 608.742737, -0.176291496, -0.00263727014, 0.984334469, -0.000516273023, 0.999996543, 0.00258676941, -0.984337866, -5.21598558e-05, -0.176292241},{3.3630707263946533, 0.22132042050361633, 18.822254180908203},{3.354966163635254, -0.3543267548084259, 18.82261085510254},{3.3514444828033447, 0.3516092300415039, 18.71600914001465},{3.357130289077759, -0.33301258087158203, 18.736127853393555},{1},{1},{0}},{{2435.43018, 197.907379, 609.07782, -0.173607931, -0.00200384879, 0.984812796, 0.00130247918, 0.999996603, 0.00226435182, -0.984813988, 0.00167580764, -0.173604727},{2.855807304382324, -0.4097532629966736, 20.005590438842773},{2.858874797821045, -0.9223594069480896, 19.643640518188477},{3.513998508453369, 0.2750089764595032, 19.796382904052734},{3.459852933883667, -0.4460313618183136, 19.43910789489746},{1},{1},{0}},{{2433.51099, 197.919342, 609.360657, -0.163099393, 0.000297114311, 0.986609578, 0.00472933007, 0.999988675, 0.00048067639, -0.986598313, 0.00474440074, -0.163098961},{2.1156773567199707, 0.11232125759124756, 21.247713088989258},{2.083590507507324, -0.3917659521102905, 20.449234008789062},{3.475630283355713, 0.16750063002109528, 20.907909393310547},{3.3477301597595215, -0.5871642231941223, 20.1274356842041},{0},{1},{0}},{{2431.62183, 197.931763, 609.610046, -0.152393788, 0.0033319064, 0.988314211, 0.00167999987, 0.999993742, -0.00311223278, -0.988318443, 0.00118608284, -0.152398422},{2.338743209838867, 0.46840909123420715, 22.020442962646484},{2.313703775405884, 0.15820597112178802, 21.375558853149414},{3.333282470703125, 0.24535371363162994, 21.733428955078125},{3.2422728538513184, -0.5453612804412842, 21.11735725402832},{0},{1},{0}},{{2429.39795, 197.933716, 609.902893, -0.144316375, 0.00432309927, 0.989522159, -0.00176787633, 0.999987721, -0.00462665735, -0.989530027, -0.00241705519, -0.144306973},{2.661055326461792, 0.2971777617931366, 22.7908935546875},{2.806302547454834, 0.10551444441080093, 22.40729522705078},{3.302311897277832, 0.35769370198249817, 22.618305206298828},{3.2512452602386475, -0.47679629921913147, 22.25792121887207},{0},{1},{0}},{{2427.06982, 197.929382, 610.214172, -0.139404878, 0.00347740413, 0.990229368, -0.0010856603, 0.999992669, -0.00366452988, -0.990234852, -0.00158590602, -0.139400095},{2.935133457183838, 0.2526140511035919, 23.686002731323242},{3.097470283508301, -0.033583998680114746, 23.4625301361084},{3.3260674476623535, 0.4079509973526001, 23.569738388061523},{3.303494691848755, -0.47038692235946655, 23.365394592285156},{0},{1},{0}},{{2424.63477, 197.926926, 610.541016, -0.136639968, 0.00306590903, 0.990616024, -0.000588083174, 0.999994755, -0.00317605259, -0.990620613, -0.00101654034, -0.136637449},{3.185746431350708, 0.2348228245973587, 24.664026260375977},{3.268666982650757, -0.11612984538078308, 24.541805267333984},{3.3924498558044434, 0.4488942623138428, 24.56565284729004},{3.3774850368499756, -0.4775897264480591, 24.466482162475586},{0},{1},{0}},{{2421.51196, 197.929199, 610.961304, -0.134987265, 0.00353303645, 0.990841031, -0.000573013618, 0.999993205, -0.00364373461, -0.99084717, -0.0010596232, -0.134984329},{3.4238152503967285, 0.1935027539730072, 25.912858963012695},{3.473127841949463, -0.13169825077056885, 25.860515594482422},{3.521958112716675, 0.48790591955184937, 25.833860397338867},{3.5151755809783936, -0.4866672158241272, 25.804452896118164},{0},{1},{0}},{{2419.13794, 197.930527, 611.281982, -0.134518847, 0.00385861727, 0.990903497, -0.000537233835, 0.999992013, -0.00396693964, -0.990910888, -0.00106597506, -0.134515688},{3.5666563510894775, 0.1755012720823288, 26.84205436706543},{3.623872995376587, -0.13300302624702454, 26.823184967041016},{3.636807441711426, 0.5141958594322205, 26.777496337890625},{3.635734796524048, -0.49767231941223145, 26.78350257873535},{0},{1},{0}},{{2416.67651, 197.930588, 611.615051, -0.134319916, 0.00396126416, 0.99093008, -0.000437184965, 0.999991655, -0.004056748, -0.990937948, -0.000978121767, -0.13431707},{3.7092816829681396, 0.1749604195356369, 27.809215545654297},{3.767139434814453, -0.1440892070531845, 27.794492721557617},{3.763366460800171, 0.5355367660522461, 27.752805709838867},{3.7658181190490723, -0.5178357362747192, 27.765300750732422},{0},{1},{0}},{{2413.96387, 197.93045, 611.982117, -0.134206325, 0.00403035432, 0.99094522, -0.000375740812, 0.999991477, -0.00411803415, -0.990953326, -0.000925004832, -0.134203672},{3.861555576324463, 0.17886653542518616, 28.856571197509766},{3.913402795791626, -0.1555577516555786, 28.846805572509766},{3.9024205207824707, 0.5588034391403198, 28.804536819458008},{3.903102159500122, -0.5395503640174866, 28.82465934753418},{0},{1},{0}},{{2410.98022, 197.930389, 612.385803, -0.134138688, 0.00411410863, 0.990954041, -0.000365928863, 0.999991119, -0.00420116074, -0.990962505, -0.000926156878, -0.134135991},{4.023128032684326, 0.18406718969345093, 29.988361358642578},{4.067758083343506, -0.16433008015155792, 29.982559204101562},{4.054850101470947, 0.5828196406364441, 29.944650650024414},{4.0568952560424805, -0.5627146363258362, 29.966154098510742},{0},{1},{0}},{{2407.87988, 197.930374, 612.805298, -0.134110138, 0.00420790119, 0.990957499, -0.000360846694, 0.999990702, -0.00429509347, -0.99096638, -0.000933599309, -0.134107381},{4.185383319854736, 0.18933139741420746, 31.141836166381836},{4.226796627044678, -0.17186656594276428, 31.136964797973633},{4.210515022277832, 0.6085788607597351, 31.10291290283203},{4.210461616516113, -0.5876427292823792, 31.125822067260742},{0},{1},{0}},{{2405.02441, 197.930237, 613.19165, -0.134106621, 0.00429776823, 0.990957618, -0.000362748135, 0.999990344, -0.00438603386, -0.990966856, -0.000947664259, -0.134103775},{4.328615665435791, 0.1954025775194168, 32.184383392333984},{4.369874477386475, -0.17873257398605347, 32.18058395385742},{4.350691318511963, 0.6324052214622498, 32.149845123291016},{4.353559970855713, -0.6077308058738708, 32.18040084838867},{0},{1},{0}},{{2401.50952, 197.930084, 613.667419, -0.134115249, 0.00442723045, 0.99095583, -0.000398972625, 0.999989688, -0.00452158693, -0.990965664, -0.00100177806, -0.134112105},{4.503077030181885, 0.20148853957653046, 33.44606018066406},{4.540975570678711, -0.18441499769687653, 33.44172286987305},{4.522705078125, 0.6628425121307373, 33.4147834777832},{4.525852680206299, -0.633797824382782, 33.4512939453125},{0},{1},{0}},{{2398.4436, 197.930115, 614.082336, -0.134124622, 0.00452138996, 0.990954161, -0.000427164923, 0.999989212, -0.00462043053, -0.990964353, -0.00104301434, -0.134121239},{4.649871349334717, 0.20678158104419708, 34.524593353271484},{4.688384056091309, -0.18842239677906036, 34.522056579589844},{4.671078205108643, 0.6884425282478333, 34.496482849121094},{4.671788215637207, -0.6589305400848389, 34.531829833984375},{0},{1},{0}},{{2395.2793, 197.930222, 614.510681, -0.134136662, 0.00460946886, 0.990952134, -0.000402578007, 0.999988854, -0.00470599765, -0.990962744, -0.00103018235, -0.134133324},{4.800296783447266, 0.21110515296459198, 35.62057876586914},{4.838571548461914, -0.19344434142112732, 35.61739730834961},{4.821490287780762, 0.7102444767951965, 35.598873138427734},{4.821956634521484, -0.6841540932655334, 35.62715530395508},{0},{1},{0}},{{2391.59985, 197.930283, 615.008972, -0.134152338, 0.0047162124, 0.990949512, -0.000313886616, 0.999988437, -0.00480172457, -0.990960658, -0.000955208321, -0.134149298},{4.969615936279297, 0.2158157378435135, 36.8715934753418},{5.009454727172852, -0.20080052316188812, 36.86932373046875},{4.992474555969238, 0.7355968952178955, 36.85770797729492},{4.991504669189453, -0.7154561281204224, 36.879695892333984},{0},{1},{0}},{{2387.79175, 197.930283, 615.52478, -0.134178609, 0.00481944717, 0.990945458, -0.000281801505, 0.99998796, -0.00490158238, -0.990957141, -0.00093693746, -0.134175628},{5.1421098709106445, 0.22170321643352509, 38.14274597167969},{5.182250499725342, -0.20693562924861908, 38.14070510864258},{5.166305065155029, 0.7622597813606262, 38.13663864135742},{5.164125919342041, -0.7465940117835999, 38.151004791259766},{0},{1},{0}},{{2384.29761, 197.930252, 615.99823, -0.134204224, 0.00490524666, 0.990941584, -0.000290157477, 0.999987483, -0.00498932134, -0.990953624, -0.000957117067, -0.134201124},{5.29747200012207, 0.22703395783901215, 39.288116455078125},{5.338736534118652, -0.21143728494644165, 39.286155700683594},{5.323564529418945, 0.7872772216796875, 39.2888069152832},{5.319591522216797, -0.7739395499229431, 39.2969970703125},{0},{1},{0}},{{2376.7627, 197.931732, 616.991333, -0.129016638, 0.00514547713, 0.991629064, 0.00393543532, 0.999981344, -0.0046767937, -0.991634607, 0.00329910778, -0.129034474},{4.061984062194824, -0.3584260940551758, 42.146888732910156},{4.321319580078125, -0.8389723300933838, 41.50360870361328},{5.541789531707764, 0.6371570229530334, 42.037025451660156},{5.454697132110596, -1.054335355758667, 41.35900115966797},{1},{1},{0}},{{2372.47339, 197.935959, 617.42865, -0.109036565, 0.00450229831, 0.994027555, 0.0126010617, 0.999915659, -0.00314673549, -0.993957877, 0.0121826939, -0.109084107},{1.8391740322113037, 0.09071573615074158, 44.08042907714844},{2.35080623626709, -0.7378419637680054, 42.544315338134766},{4.906468391418457, 0.304877907037735, 43.83053970336914},{4.722875118255615, -1.4226092100143433, 42.29462814331055},{0},{1},{0}},{{2367.79004, 197.93367, 617.77594, -0.0860744566, 0.00483772717, 0.996276975, 0.00661232602, 0.999968946, -0.00428437535, -0.996266782, 0.00621893257, -0.0861037746},{1.9593372344970703, 0.6238844990730286, 45.327632904052734},{2.2915163040161133, -0.14690013229846954, 44.19746017456055},{3.8852217197418213, 0.531103253364563, 45.14336013793945},{3.79013991355896, -1.27118718624115, 44.057411193847656},{0},{1},{0}},{{2362.93872, 197.930832, 618.089417, -0.072532475, 0.00587605406, 0.997348726, -0.00146237086, 0.999980927, -0.00599791342, -0.997364998, -0.00189353724, -0.0725224987},{2.5186541080474854, 0.41117948293685913, 46.38593673706055},{2.8480796813964844, -0.0632641464471817, 45.89276123046875},{3.372253656387329, 0.8644168376922607, 46.32882308959961},{3.3277714252471924, -1.020973801612854, 45.84263610839844},{0},{1},{0}},{{2358.19287, 197.929733, 618.39386, -0.0668089688, 0.00571321556, 0.997749448, -0.00123140682, 0.999982357, -0.00580845587, -0.997765005, -0.00161669252, -0.0668007582},{2.7992444038391113, 0.333028107881546, 47.58418655395508},{3.1029295921325684, -0.1706513911485672, 47.37221908569336},{3.206341505050659, 0.95424884557724, 47.579444885253906},{3.1868879795074463, -0.9984189867973328, 47.34810256958008},{0},{1},{0}},{{2353.30396, 197.928574, 618.70343, -0.0642341524, 0.0055073672, 0.997919679, -6.09907256e-05, 0.999984741, -0.00552268978, -0.997934878, -0.00041560916, -0.0642328411},{2.969130277633667, 0.31127867102622986, 48.88877487182617},{3.192718267440796, -0.2715640366077423, 48.7913818359375},{3.1564998626708984, 0.9959045052528381, 48.88997268676758},{3.1428024768829346, -1.0371040105819702, 48.78638458251953},{0},{1},{0}},{{2348.27417, 197.928833, 619.019104, -0.0631368533, 0.00559523515, 0.997989178, -1.17195386e-05, 0.999984264, -0.00560716214, -0.998004854, -0.000365714543, -0.0631357953},{3.094087839126587, 0.2951824963092804, 50.22758865356445},{3.2588162422180176, -0.28696227073669434, 50.18458938598633},{3.1854286193847656, 1.0387909412384033, 50.23027420043945},{3.171501636505127, -1.0559837818145752, 50.18830108642578},{0},{1},{0}},{{2342.52271, 197.929459, 619.379089, -0.062670134, 0.00577552663, 0.998017609, -6.1646344e-05, 0.999983251, -0.00579077285, -0.998034298, -0.000424432685, -0.0626687258},{3.200773239135742, 0.2810770571231842, 51.71412658691406},{3.334242820739746, -0.27932092547416687, 51.698360443115234},{3.253718137741089, 1.0796295404434204, 51.719844818115234},{3.24377179145813, -1.084578037261963, 51.70196533203125},{0},{1},{0}},{{2336.93384, 197.92923, 619.72876, -0.0625351518, 0.00559723703, 0.998027086, -0.000197361602, 0.999984205, -0.0056205797, -0.998042762, -0.000548456039, -0.0625330582},{3.2264204025268555, 0.29232481122016907, 52.1864013671875},{3.355043649673462, -0.28590333461761475, 52.17919921875},{3.2798259258270264, 1.0895694494247437, 52.18669891357422},{3.2589988708496094, -1.0831576585769653, 52.18434143066406},{0},{0},{0}},{{2331.64526, 197.928085, 620.059937, -0.0625218749, 0.00519882562, 0.998030066, -0.000270024058, 0.999986291, -0.00522593176, -0.998043537, -0.000596227183, -0.0625196174},{3.223297595977783, 0.3241755962371826, 52.007774353027344},{3.324385404586792, -0.31213313341140747, 52.00712585449219},{3.2633442878723145, 1.0805302858352661, 52.00990676879883},{3.2536275386810303, -1.0702406167984009, 52.00603485107422},{0},{0},{0}},{{2326.66675, 197.927582, 620.372131, -0.06256295, 0.00515215984, 0.998027742, -0.000250242709, 0.999986589, -0.00517795887, -0.998040974, -0.000573697558, -0.0625608191},{3.2206101417541504, 0.3308314085006714, 51.84199142456055},{3.2975456714630127, -0.3173536956310272, 51.8443489074707},{3.254690408706665, 1.079892635345459, 51.84038162231445},{3.2433664798736572, -1.0688252449035645, 51.841800689697266},{0},{0},{0}},{{2321.41284, 197.927597, 620.702087, -0.0626528785, 0.00515239825, 0.998022079, -0.00024826781, 0.999986589, -0.00517812558, -0.998035371, -0.000572201214, -0.062650755},{3.2131569385528564, 0.32960811257362366, 51.66476821899414},{3.2809972763061523, -0.31434646248817444, 51.669837951660156},{3.248750925064087, 1.0778443813323975, 51.66103744506836},{3.2375752925872803, -1.0629264116287231, 51.67106628417969},{0},{0},{0}},{{2316.177, 197.930862, 621.032471, -0.0625974387, 0.0046260329, 0.998028159, -0.000249786011, 0.999989152, -0.00465078931, -0.998038828, -0.000540420995, -0.0625956059},{3.2078659534454346, 0.3242133557796478, 51.48814010620117},{3.2649598121643066, -0.31246936321258545, 51.48481369018555},{3.2575414180755615, 1.0283244848251343, 51.47447967529297},{3.1983511447906494, -1.0108228921890259, 51.49306106567383},{0},{0},{0}},{{2311.25146, 197.927765, 621.344482, -0.0628663972, 0.00255969632, 0.998018682, 4.902812e-05, 0.999996722, -0.00256168121, -0.99802196, -0.000112112699, -0.0628663227},{3.1329638957977295, 0.4526051878929138, 51.248538970947266},{3.308042287826538, -0.44726523756980896, 51.24968719482422},{3.222463369369507, 0.9716976881027222, 51.225894927978516},{3.237186908721924, -0.9560983180999756, 51.263153076171875},{0},{0},{0}},{{2306.05493, 197.920837, 621.67157, -0.062854439, 0.0019671577, 0.998020768, -9.83248319e-05, 0.999998033, -0.00197724742, -0.998022676, -0.000222409013, -0.0628541261},{3.2217483520507812, 0.5576357245445251, 51.12174987792969},{3.1981348991394043, -0.5451952219009399, 51.12177658081055},{3.212933301925659, 1.0054675340652466, 51.07234191894531},{3.216005802154541, -0.9925069212913513, 51.09367752075195},{0},{0},{0}},{{2301.1626, 197.925598, 621.979248, -0.0628158823, 0.00285711978, 0.998021066, -0.00036347835, 0.999995768, -0.00288565061, -0.99802506, -0.000544023758, -0.0628145784},{3.210829973220825, 0.4660755395889282, 50.954532623291016},{3.614793062210083, -0.4888242483139038, 50.794342041015625},{3.210171699523926, 0.9994372129440308, 50.90921401977539},{3.198086738586426, -0.9747950434684753, 50.92860412597656},{0},{0},{0}},{{2295.69775, 197.925583, 622.321228, -0.0625915378, 0.00200014608, 0.998037219, -0.000243376824, 0.999997914, -0.00201933878, -0.998039186, -0.000369292655, -0.0625909269},{3.179840564727783, 0.5072408318519592, 51.29399108886719},{3.2666118144989014, -0.5166497826576233, 51.209293365478516},{3.214939832687378, 0.9575110673904419, 51.28030014038086},{3.224541664123535, -0.9514203071594238, 51.26224899291992},{0},{1},{0}},{{2290.15308, 197.922943, 622.667542, -0.0624659173, 0.0011369444, 0.998046458, -0.00057118322, 0.999999166, -0.00117491814, -0.998046935, -0.000643459731, -0.062465217},{3.2187113761901855, 0.5951167941093445, 52.11848068237305},{3.3166146278381348, -0.5562052726745605, 52.10099792480469},{3.0523266792297363, 0.8355863094329834, 52.474937438964844},{3.5233840942382812, -0.8336030840873718, 52.3880615234375},{0},{1},{0}},{{2285.41113, 197.919296, 622.965027, -0.0625360534, 0.000377954653, 0.998042643, -8.94255791e-05, 0.99999994, -0.000384299172, -0.998042703, -0.000113283095, -0.0625360161},{3.262145519256592, 0.66066575050354, 52.861480712890625},{3.5872912406921387, -0.5728501081466675, 53.0377082824707},{3.2734615802764893, 0.9845510125160217, 52.83018112182617},{3.3349404335021973, -0.9659567475318909, 52.86711120605469},{0},{1},{0}},{{2279.0874, 197.915039, 623.361267, -0.0625673458, -0.000434181042, 0.998040676, -0.000159139658, 0.999999881, 0.000425056904, -0.998040736, -0.000132233166, -0.0625674054},{3.3553359508514404, 0.7766806483268738, 53.82361602783203},{3.423110008239746, -0.723173975944519, 53.937110900878906},{3.3492493629455566, 1.018643856048584, 53.79731750488281},{3.388007879257202, -1.000467300415039, 53.8288459777832},{0},{1},{0}},{{2273.26758, 197.915161, 623.726318, -0.0624817275, -0.000669979665, 0.998045862, -6.32857191e-05, 0.999999762, 0.000667329354, -0.9980461, -2.14661595e-05, -0.0624817573},{3.4117705821990967, 0.7810852527618408, 54.69443130493164},{3.6567232608795166, -0.7024795413017273, 54.90755844116211},{3.385488748550415, 1.0129770040512085, 54.65719985961914},{3.4361324310302734, -0.9959374666213989, 54.697608947753906},{0},{1},{0}},{{2267.66772, 197.916748, 624.076965, -0.0623829328, -0.00061965076, 0.99805212, -2.52613081e-05, 0.999999821, 0.000619281025, -0.998052299, 1.34204656e-05, -0.0623829365},{3.4870786666870117, 0.7665013670921326, 55.605411529541016},{3.4812257289886475, -0.8097735643386841, 55.487361907958984},{3.4371557235717773, 1.006594181060791, 55.53329086303711},{3.515864849090576, -0.983805775642395, 55.561302185058594},{0},{1},{0}},{{2262.61914, 197.916016, 624.393005, -0.0622280389, -0.000719464326, 0.998061717, -0.000254889659, 0.999999702, 0.000704969279, -0.998061895, -0.000210526763, -0.0622282028},{4.194149017333984, 0.760235071182251, 55.812740325927734},{3.519886016845703, -0.8013208508491516, 56.21940231323242},{3.484856128692627, 0.9862970113754272, 56.33489990234375},{3.2244670391082764, -1.1219943761825562, 60.56684112548828},{0},{1},{0}},{{2256.85767, 197.917374, 624.752441, -0.0623047873, -0.00042956759, 0.998057067, 0.000104993866, 0.999999881, 0.000436958129, -0.998057187, 0.000132014451, -0.0623047352},{3.540688991546631, 0.7640243768692017, 57.22573471069336},{3.5904746055603027, -0.8143734335899353, 57.151363372802734},{3.523103713989258, 1.0431647300720215, 57.12953567504883},{3.6552445888519287, -0.9843319058418274, 57.268646240234375},{0},{1},{0}},{{2251.0105, 197.916077, 625.117126, -0.0623491593, -0.000369075366, 0.998054326, -0.00014563289, 0.99999994, 0.000360697042, -0.998054385, -0.00012286038, -0.0623492077},{3.60374116897583, 0.8146942257881165, 57.96267318725586},{2.9092719554901123, -0.7479889988899231, 57.61061477661133},{4.44309663772583, 1.1749175786972046, 62.297733306884766},{3.658123016357422, -1.0291380882263184, 58.01426315307617},{0},{1},{0}},{{2245.40723, 197.914978, 625.466919, -0.0623022355, -0.000411379675, 0.998057246, -0.000224207848, 0.999999881, 0.00039818458, -0.998057306, -0.000198964481, -0.0623023212},{3.638683557510376, 0.8236932158470154, 58.79136276245117},{3.9104411602020264, -0.7342828512191772, 58.988372802734375},{3.451272964477539, 0.9493393301963806, 59.17360305786133},{3.7145137786865234, -1.0766160488128662, 58.79298782348633},{0},{1},{0}},{{2240.39893, 197.915787, 625.779236, -0.0624117963, -0.000453622546, 0.998050392, -7.07584477e-05, 0.999999881, 0.00045008384, -0.998050451, -4.25299586e-05, -0.0624118224},{3.7083353996276855, 0.843835711479187, 59.499847412109375},{2.9998295307159424, -0.7795290350914001, 59.13778305053711},{4.54633903503418, 1.2039216756820679, 63.898658752441406},{3.7554919719696045, -1.0603338479995728, 59.55072021484375},{0},{1},{0}},{{2234.30713, 197.916077, 626.159851, -0.0623158738, -0.00048478556, 0.998056352, -0.000375316129, 0.999999821, 0.000462295837, -0.998056412, -0.000345778302, -0.0623160452},{3.7519919872283936, 0.8785980939865112, 60.42449951171875},{3.808147430419922, -0.7834104299545288, 60.50029754638672},{3.7041263580322266, 1.0624219179153442, 60.553802490234375},{3.8039910793304443, -1.106584072113037, 60.39176559448242},{0},{1},{0}},{{2227.78076, 197.91658, 626.567078, -0.0623511635, -0.000423902879, 0.998054206, -0.00016501591, 0.999999881, 0.000414420268, -0.998054266, -0.000138855234, -0.0623512268},{3.807286500930786, 0.8256489038467407, 61.431396484375},{3.8598082065582275, -0.8671746850013733, 61.34499740600586},{3.787092924118042, 1.1342965364456177, 61.32434844970703},{3.925286293029785, -1.058763861656189, 61.47430419921875},{0},{1},{0}},{{2221.50537, 197.915649, 626.958984, -0.0624020584, -0.000351964001, 0.998051047, -0.000138698015, 0.99999994, 0.000343979365, -0.998051107, -0.000116962685, -0.0624021031},{3.8749027252197266, 0.8809276819229126, 62.187538146972656},{3.1741576194763184, -0.8172111511230469, 61.82602310180664},{4.724787712097168, 1.2694337368011475, 66.71985626220703},{3.925276756286621, -1.1151840686798096, 62.22842788696289},{0},{1},{0}},{{2215.85107, 197.915649, 627.312378, -0.0623655505, -0.000348136324, 0.998053312, -0.000135729584, 0.99999994, 0.000340333965, -0.998053372, -0.000114240247, -0.0623655915},{3.9077110290527344, 0.8744694590568542, 62.989166259765625},{4.1762824058532715, -0.7695388793945312, 63.22962951660156},{3.7140653133392334, 1.0139286518096924, 63.4000129699707},{3.991318702697754, -1.1453235149383545, 63.02457046508789},{0},{1},{0}},{{2210.12427, 197.916367, 627.670349, -0.0624505728, -0.00034098397, 0.998048007, -0.000247535034, 0.99999994, 0.000326161913, -0.998048007, -0.000226682852, -0.0624506511},{3.965665578842163, 0.9174474477767944, 63.822967529296875},{4.029643535614014, -0.823303759098053, 63.9359016418457},{3.919200897216797, 1.1274731159210205, 63.964630126953125},{4.034216403961182, -1.1740469932556152, 63.8098030090332},{0},{1},{0}},{{2204.3252, 197.914932, 628.032898, -0.0624381453, -0.000485557539, 0.998048723, -0.000834342267, 0.999999583, 0.000434310001, -0.998048484, -0.000805596705, -0.0624385253},{4.026297569274902, 0.9653322100639343, 64.56953430175781},{4.054776191711426, -0.8750718235969543, 64.65873718261719},{4.004425525665283, 1.1987230777740479, 64.6386947631836},{4.079046726226807, -1.1805821657180786, 64.58164978027344},{0},{1},{0}},{{2198.45288, 197.914429, 628.399658, -0.0624459237, -0.000502446317, 0.998048246, -0.000426959858, 0.999999821, 0.000476714747, -0.998048246, -0.000396357646, -0.0624461249},{3.897442579269409, 0.8328800201416016, 65.70108795166016},{4.115875244140625, -0.8991724848747253, 65.42808532714844},{4.043088436126709, 1.2155107259750366, 65.42581939697266},{4.371105670928955, -1.0395541191101074, 65.80580139160156},{0},{1},{0}},{{2191.75806, 197.914719, 628.817444, -0.0625775084, -0.000261897891, 0.99804008, 0.000247612013, 0.99999994, 0.000277937535, -0.99804008, 0.00026451936, -0.0625774413},{4.004990100860596, 0.7594539523124695, 66.36865997314453},{3.3068106174468994, -1.0501474142074585, 65.89330291748047},{5.013186454772949, 1.3441413640975952, 71.06909942626953},{4.2093024253845215, -1.2421019077301025, 66.3173828125},{1},{1},{0}},{{2184.97705, 197.922607, 629.198486, -0.0551976748, 0.000458573893, 0.998475313, 0.00638289982, 0.999979615, -0.00010640554, -0.998455048, 0.00636729505, -0.0551994778},{1.5820008516311646, 0.1478932797908783, 68.21819305419922},{2.1613717079162598, -1.4906455278396606, 66.93999481201172},{3.803621292114258, 0.9054579138755798, 67.73828887939453},{4.065126419067383, -1.4891676902770996, 67.18169403076172},{1},{1},{0}},{{2178.49854, 197.928741, 629.42865, -0.0371154845, -0.00132318516, 0.999310136, 0.0151154604, 0.99988395, 0.00188534998, -0.999196649, 0.0151750082, -0.037091177},{-1.2404221296310425, 0.5968065857887268, 66.8663558959961},{-0.5997281074523926, -1.5104926824569702, 66.77239227294922},{2.6444544792175293, 0.5528251528739929, 68.71662139892578},{2.691145658493042, -1.8241132497787476, 67.89435577392578},{0},{1},{0}},{{2171.54175, 197.927963, 629.536682, -0.018912049, -0.00141976029, 0.999820173, 0.00879384391, 0.999960065, 0.00158629846, -0.999782503, 0.00882226229, -0.0188988075},{-1.2310210466384888, 1.1453306674957275, 69.10037231445312},{-0.7119191884994507, -0.9436224699020386, 68.8651123046875},{1.3288989067077637, 0.6872556805610657, 69.66862487792969},{1.3377315998077393, -1.6861915588378906, 68.6319580078125},{0},{1},{0}},{{2165.6665, 197.933182, 629.547241, -0.00568785006, 0.00105750514, 0.999983251, 0.00394379487, 0.999991715, -0.00103508192, -0.999976039, 0.00393784139, -0.00569197349},{-0.696065366268158, 0.8349257707595825, 70.33944702148438},{-0.3081839978694916, -0.6758375763893127, 69.75495147705078},{0.3369329273700714, 0.899944007396698, 70.37523651123047},{0.4737561047077179, -1.4830845594406128, 69.61156463623047},{0},{1},{0}},{{2158.51611, 197.928345, 629.536621, -4.60912779e-05, 0.00339609361, 0.999994218, -0.00187257782, 0.99999249, -0.00339617394, -0.999998271, -0.00187272357, -3.97314798e-05},{-0.45755627751350403, 0.6471005082130432, 71.0250244140625},{-0.08903362601995468, -0.48946988582611084, 70.86454772949219},{-0.06080605089664459, 1.3883476257324219, 70.94942474365234},{0.06641843914985657, -1.250050663948059, 71.04471588134766},{0},{1},{0}},{{2150.86548, 197.933456, 629.524597, 0.0022141654, 0.000846556213, 0.999997199, 0.0019731042, 0.999997675, -0.000850925455, -0.999995589, 0.00197498268, 0.00221248996},{-0.34840667247772217, 0.7025056481361389, 71.74833679199219},{-0.03270401433110237, -0.7362141013145447, 71.74073791503906},{-0.3428969979286194, 0.9765090942382812, 72.22467041015625},{0.46269986033439636, -1.271604061126709, 72.00604248046875},{0},{1},{0}},{{2143.93359, 197.925232, 629.505737, 0.00240087346, 0.00016993015, 0.999997079, 0.00145319803, 0.999998927, -0.000173419423, -0.999996066, 0.00145361014, 0.00240062387},{0.3686874806880951, 0.7873353958129883, 72.28685760498047},{-0.14045748114585876, -0.9426931738853455, 72.67938995361328},{-0.4680789113044739, 1.0389150381088257, 73.14803314208984},{-0.07767559587955475, -1.2712376117706299, 72.81767272949219},{0},{1},{0}},{{2137.32935, 197.918121, 629.478088, 0.0038722679, 0.000757775619, 0.999992192, 0.000507525867, 0.999999583, -0.00075974653, -0.999992371, 0.000510463899, 0.00387188164},{-0.368642657995224, 0.5864570736885071, 73.37736511230469},{-0.8371471166610718, -1.2045557498931885, 73.39248657226562},{-0.4986695349216461, 1.142842173576355, 74.18679809570312},{-0.13146314024925232, -1.4295707941055298, 73.52174377441406},{1},{1},{0}},{{2130.24121, 197.925812, 629.372009, 0.0152372299, 0.000597182254, 0.999883711, 0.00925046112, 0.999956965, -0.000738193747, -0.999841094, 0.00926063303, 0.0152310496},{-3.557793140411377, 0.6009709239006042, 75.45730590820312},{-2.921175956726074, -1.2988522052764893, 73.91759490966797},{-1.280029296875, 0.7623060345649719, 75.44525146484375},{-0.9304594397544861, -1.908909797668457, 74.04721069335938},{0},{1},{0}},{{2123.50098, 197.927292, 629.15918, 0.0298716165, -0.0004757102, 0.999553621, 0.0111058, 0.999938309, 0.000143996935, -0.999492049, 0.0110965408, 0.0298750568},{-3.578615665435791, 0.8976122140884399, 75.64710998535156},{-3.1522839069366455, -1.2863343954086304, 74.8070068359375},{-1.7971761226654053, 0.9887374043464661, 80.82910919189453},{-2.047792434692383, -1.83195161819458, 75.19261932373047},{0},{1},{0}},{{2116.24634, 197.920944, 628.878296, 0.0363578387, 0.00162654126, 0.999337494, 0.000191067695, 0.999998629, -0.00163456867, -0.999338806, 0.000250370504, 0.0363574773},{-3.2839038372039795, 0.9023252725601196, 76.29469299316406},{-2.800654411315918, -0.706078827381134, 76.22721099853516},{-3.0756328105926514, 1.2189980745315552, 76.68148040771484},{-2.7468225955963135, -1.5309842824935913, 76.0304946899414},{0},{1},{0}},{{2108.89893, 197.91954, 628.590698, 0.0384837799, 0.00251337956, 0.999256074, -0.00329915108, 0.999991715, -0.00238817162, -0.99925375, -0.00320479088, 0.038491752},{-3.392686605453491, 0.780421793460846, 77.28871154785156},{-2.9003913402557373, -0.633310079574585, 77.0196762084961},{-3.004305601119995, 1.5852274894714355, 77.05508422851562},{-2.723722219467163, -1.210311770439148, 77.45278930664062},{0},{1},{0}},{{2100.14282, 197.921341, 628.251038, 0.0391527079, 0.00141677982, 0.999232233, 0.000416464638, 0.999998868, -0.00143418508, -0.999233127, 0.000472297106, 0.0391520709},{-2.4770383834838867, 0.8496529459953308, 77.8004150390625},{-2.9588510990142822, -0.8861254453659058, 78.11196899414062},{-3.075441360473633, 1.4443438053131104, 78.14627075195312},{-3.790943145751953, -1.6403177976608276, 83.20365905761719},{0},{1},{0}},{{2092.60498, 197.917892, 627.955261, 0.0392861329, 0.000504519208, 0.999227881, 0.000854143, 0.999999464, -0.000538490713, -0.999227643, 0.000874638674, 0.0392856784},{-3.211367130279541, 1.007283091545105, 79.02377319335938},{-2.8517465591430664, -0.9011173844337463, 79.27900695800781},{-3.2072718143463135, 1.4031293392181396, 79.19805145263672},{-3.056396007537842, -1.5388370752334595, 79.00836181640625},{0},{1},{0}},{{2084.52759, 197.913925, 627.635559, 0.0393105224, 0.000152892477, 0.999227047, -0.000371542235, 0.99999994, -0.000138393923, -0.999226987, -0.000365814718, 0.0393105745},{-3.187410831451416, 1.10787832736969, 79.9790267944336},{-2.914105176925659, -0.938158392906189, 80.27388000488281},{-3.4312102794647217, 1.352880835533142, 80.41657257080078},{-3.0877652168273926, -1.5062532424926758, 79.98039245605469},{0},{1},{0}},{{2076.80884, 197.913452, 627.331299, 0.0392826907, 3.83494589e-05, 0.99922812, -0.000417162286, 0.99999994, -2.19791618e-05, -0.99922806, -0.000415976916, 0.0392827019},{-3.2054338455200195, 1.1020009517669678, 81.05437469482422},{-3.1661856174468994, -1.1410752534866333, 80.92193603515625},{-3.2204723358154297, 1.5879212617874146, 80.87108612060547},{-3.1070291996002197, -1.4687159061431885, 81.09123229980469},{0},{1},{0}},{{2069.46606, 197.91452, 627.043396, 0.0393184349, -3.61009334e-05, 0.999226749, -0.000280242093, 0.99999994, 4.71560779e-05, -0.999226689, -0.000281879504, 0.0393184237},{-2.4945693016052246, 1.1068663597106934, 81.32514953613281},{-3.206089973449707, -1.1020896434783936, 81.73907470703125},{-3.2664101123809814, 1.5147041082382202, 81.75979614257812},{-3.96054744720459, -1.6710940599441528, 86.81653594970703},{0},{1},{0}},{{2061.11914, 197.914749, 626.71