return {{{2460.06299, 197.913788, 604.725281, -0.160458237, -0.00092442584, 0.987042189, 0.00781345554, 0.999967039, 0.00220672297, -0.987011731, 0.00806629751, -0.16044572},{0.060172125697135925, 0.0013159835943952203, -0.0034778532572090626},{0.06074090301990509, 0.0014582547591999173, 0.031665172427892685},{0.06016888469457626, -0.000759862654376775, -0.010344094596803188},{0.05614915117621422, -0.0005853329785168171, -0.013720035552978516},{0},{0},{0},{1}},{{2460.0625, 197.91301, 604.724731, -0.160441369, -0.000994641799, 0.987044871, 0.00715269474, 0.999972045, 0.00217031897, -0.987019479, 0.00740823988, -0.160429776},{-0.04664131626486778, 0.013298921287059784, 0.05243416503071785},{-0.050993625074625015, 0.013187699019908905, 0.01101247314363718},{-0.05084259435534477, -0.0008451449684798717, 0.011425682343542576},{-0.04857822135090828, -0.0007835122523829341, 0.008052189834415913},{0},{0},{0},{1}},{{2460.0603, 197.904266, 604.718201, -0.160420612, -0.00207564654, 0.98704654, 0.000950216374, 0.99999702, 0.00225731474, -0.987048268, 0.00130002759, -0.160418168},{-0.04669852554798126, 0.00841783732175827, 0.051185209304094315},{-0.05158475413918495, 0.008507386781275272, 0.01328092161566019},{-0.05161430686712265, -0.00037498114397749305, 0.010574406944215298},{-0.05098853260278702, -0.0003796779492404312, 0.009499110281467438},{0},{0},{0},{1}},{{2460.05981, 197.901871, 604.715881, -0.16043143, -0.00249621063, 0.987043858, -0.0013035289, 0.999996483, 0.00231709541, -0.987046123, -0.000914905278, -0.160434112},{0.014538493938744068, -0.0009105986100621521, 0.01735679991543293},{0.01461386401206255, -0.0005193523247726262, 0.025687234476208687},{0.009676992893218994, 0.00036421354161575437, -0.00275063281878829},{0.008844804018735886, 0.0003391753707546741, -0.001188580528832972},{0},{0},{0},{1}},{{2460.03784, 197.903519, 604.721924, -0.160435274, -0.000599749794, 0.987046182, 0.000838215463, 0.999999344, 0.000743864628, -0.987046003, 0.000946699525, -0.160434678},{0.12118012458086014, -0.001092894352041185, 0.5215744972229004},{0.1025705337524414, -0.004673657473176718, 0.5429194569587708},{0.0915520191192627, 0.0050954208709299564, 0.5058158040046692},{0.12130342423915863, -0.005983050912618637, 0.4971282184123993},{0},{0.4515865668654442},{0},{1}},{{2459.94507, 197.903076, 604.738647, -0.160427421, 0.0034611749, 0.987041593, 0.00249724137, 0.999992073, -0.00310070161, -0.987044454, 0.00196744339, -0.160434783},{0.2974667549133301, 0.002111229579895735, 1.6442890167236328},{0.2626228630542755, -0.01019337773323059, 1.6580376625061035},{0.2514273226261139, 0.016077738255262375, 1.627125859260559},{0.2981983423233032, -0.024634791538119316, 1.606168508529663},{0},{0.9199450649321079},{0},{1}},{{2459.71118, 197.901993, 604.776794, -0.16041182, 0.00749091199, 0.987021744, 0.00264774566, 0.999970853, -0.0071588736, -0.987046599, 0.00146501453, -0.160426974},{0.5331204533576965, 0.007443390320986509, 3.264796018600464},{0.5125981569290161, -0.01735966093838215, 3.262423038482666},{0.5104982256889343, 0.03684980794787407, 3.254790782928467},{0.5294782519340515, -0.054992128163576126, 3.2269704341888428},{0},{1},{0},{1}},{{2459.26562, 197.900467, 604.848267, -0.160393283, 0.00766956527, 0.987023413, 0.00186623086, 0.999970376, -0.00746690249, -0.987051427, 0.000644372485, -0.160402849},{0.8263886570930481, 0.014619238674640656, 5.143853187561035},{0.83609539270401, -0.02758314274251461, 5.138648509979248},{0.8353751301765442, 0.06292691826820374, 5.157496929168701},{0.8254438042640686, -0.08484737575054169, 5.121921062469482},{0},{1},{0},{1}},{{2458.61523, 197.897888, 604.953979, -0.160397708, 0.00683782808, 0.987028778, 0.00174096867, 0.999976397, -0.00664460799, -0.987050951, 0.000652606366, -0.16040583},{1.1547943353652954, 0.022165656089782715, 7.1208882331848145},{1.1617003679275513, -0.04203919693827629, 7.119404315948486},{1.1602582931518555, 0.08784876018762589, 7.132335186004639},{1.151884913444519, -0.11687608808279037, 7.081425666809082},{0},{1},{0},{1}},{{2457.90283, 197.897766, 605.069885, -0.160406128, 0.00700132176, 0.987026274, 0.0018334412, 0.999975204, -0.00679521263, -0.987049401, 0.000719660951, -0.160414979},{1.4382617473602295, 0.02524874545633793, 8.842095375061035},{1.4361882209777832, -0.05140458047389984, 8.841896057128906},{1.4374384880065918, 0.1096109077334404, 8.845821380615234},{1.4273128509521484, -0.14670643210411072, 8.783126831054688},{0},{1},{0},{1}},{{2457.03784, 197.89888, 605.210327, -0.160400242, 0.00741023989, 0.987024248, 0.00179579656, 0.999972343, -0.00721561722, -0.987050414, 0.000615108002, -0.160409108},{1.7222375869750977, 0.027977310121059418, 10.588932991027832},{1.7200615406036377, -0.05871828272938728, 10.588953971862793},{1.719184398651123, 0.13247674703598022, 10.59316635131836},{1.71040940284729, -0.17616300284862518, 10.517585754394531},{0},{1},{0},{1}},{{2455.73413, 197.90361, 605.421936, -0.160404965, 0.00798112154, 0.987019002, 0.00165187521, 0.999968052, -0.00781737454, -0.987049937, 0.000376486656, -0.160413027},{2.0798189640045166, 0.03439473733305931, 12.81496810913086},{2.0800228118896484, -0.06860284507274628, 12.812505722045898},{2.0795843601226807, 0.16674275696277618, 12.819930076599121},{2.068922758102417, -0.21238182485103607, 12.75139331817627},{0},{1},{0},{1}},{{2454.09009, 197.911835, 605.688721, -0.160414621, 0.00883520301, 0.987010181, 0.00123317668, 0.999960959, -0.00875070877, -0.987048924, -0.000186583697, -0.160419255},{2.46876859664917, 0.04383375123143196, 15.209579467773438},{2.463958978652954, -0.07491046190261841, 15.20627498626709},{2.4641757011413574, 0.21207241714000702, 15.210769653320312},{2.462380886077881, -0.24700991809368134, 15.18212890625},{0},{1},{0},{1}},{{2452.25073, 197.917648, 605.987, -0.160425097, 0.00991150923, 0.98699826, 0.000534990337, 0.99995029, -0.00995461829, -0.987047851, -0.00106893608, -0.160422429},{2.8558077812194824, 0.052730534225702286, 17.59676170349121},{2.853714942932129, -0.06966935098171234, 17.593250274658203},{2.853264331817627, 0.2638949155807495, 17.600242614746094},{2.8550033569335938, -0.2794051170349121, 17.60074806213379},{0},{1},{0},{1}},{{2450.02637, 197.924194, 606.349121, -0.160226598, 0.00977274962, 0.987031877, -0.000344890897, 0.999950349, -0.00995664392, -0.987080216, -0.00193573756, -0.160215288},{3.244394302368164, 0.06949741393327713, 20.12592887878418},{3.2479958534240723, -0.06664840877056122, 20.086933135986328},{3.2942283153533936, 0.3303545415401459, 20.22564697265625},{3.309415817260742, -0.327231764793396, 20.49662208557129},{0},{1},{0},{1}},{{2447.23047, 197.928238, 606.802856, -0.160277769, 0.00983192399, 0.987022996, -0.000696461182, 0.999949038, -0.0100737773, -0.987071693, -0.00230202568, -0.160262749},{3.7415952682495117, 0.0846010372042656, 23.056957244873047},{3.7489843368530273, -0.06571318954229355, 23.053813934326172},{3.731765031814575, 0.38555485010147095, 22.958934783935547},{3.740569829940796, -0.3472032845020294, 23.033050537109375},{0},{1},{0},{1}},{{2444.62817, 197.929367, 607.226318, -0.16028142, 0.0108586196, 0.987011611, 2.09413756e-05, 0.999939501, -0.0109974453, -0.987071335, -0.00174201676, -0.160271958},{4.15764045715332, 0.07744012027978897, 25.54889678955078},{4.169471263885498, -0.08009058982133865, 25.558488845825195},{4.156180381774902, 0.4049623906612396, 25.564586639404297},{4.160236835479736, -0.40532609820365906, 25.549407958984375},{0},{1},{0},{1}},{{2441.1145, 197.930695, 607.797546, -0.160292074, 0.011734006, 0.986999869, 0.000531258818, 0.999930203, -0.0118014505, -0.987069488, -0.00136732659, -0.160287112},{4.644115447998047, 0.0668889731168747, 28.639408111572266},{4.657057285308838, -0.09335317462682724, 28.637697219848633},{4.657011032104492, 0.4520361125469208, 28.653121948242188},{4.647240161895752, -0.47658613324165344, 28.65082550048828},{0},{1},{0},{1}},{{2438.25464, 197.931351, 608.261902, -0.160274535, 0.0121018058, 0.98699826, 0.000349197158, 0.999925494, -0.012203604, -0.987072408, -0.00161127013, -0.160266817},{5.026815414428711, 0.07245327532291412, 31.014583587646484},{5.03945779800415, -0.09382792562246323, 31.005815505981445},{5.038445949554443, 0.4973989427089691, 31.028945922851562},{5.047935485839844, -0.5191507935523987, 31.131649017333984},{0},{1},{0},{1}},{{2434.78418, 197.932419, 608.825439, -0.16018714, 0.0125398394, 0.987007022, 9.1404072e-05, 0.999919474, -0.0126890568, -0.987086654, -0.00194240722, -0.160175398},{5.467792987823486, 0.07733479142189026, 33.73185729980469},{5.4814839363098145, -0.08678621798753738, 33.72023391723633},{5.482239246368408, 0.5526372790336609, 33.748592376708984},{5.498348236083984, -0.5646522045135498, 33.92314529418945},{0},{1},{0},{1}},{{2431.01904, 197.933517, 609.439453, -0.159688503, 0.0130174346, 0.987081647, 0.000193110012, 0.999913454, -0.0131554166, -0.987167418, -0.00191015343, -0.159677193},{5.919035911560059, 0.0730641633272171, 36.486610412597656},{5.937924385070801, -0.09076167643070221, 36.48698043823242},{6.293804168701172, 0.6421195268630981, 38.831695556640625},{6.300090312957764, -0.6554228067398071, 38.976966857910156},{0},{1},{0},{1}},{{2427.3999, 197.934753, 610.026855, -0.159728989, 0.0130842729, 0.987074196, 0.000427655759, 0.999912977, -0.0131852552, -0.987160802, -0.0016839396, -0.159720689},{6.2981085777282715, 0.06654034554958344, 38.923133850097656},{6.320493221282959, -0.10229876637458801, 38.91709518432617},{7.101428985595703, 0.7136582732200623, 43.82078552246094},{7.113521099090576, -0.7467482089996338, 44.00625228881836},{0},{1},{0},{1}},{{2423.31323, 197.93425, 610.689087, -0.159734011, 0.0129851261, 0.987074673, 0.000293411227, 0.99991405, -0.0131065492, -0.987160027, -0.00180394284, -0.159724101},{6.711210250854492, 0.08023503422737122, 41.49207305908203},{6.734296798706055, -0.10989447683095932, 41.490753173828125},{7.429825305938721, 0.7533571124076843, 45.861263275146484},{7.618976593017578, -0.7945844531059265, 47.13949203491211},{0},{1},{0},{1}},{{2418.96533, 197.934753, 611.394409, -0.159584805, 0.0129561061, 0.987099171, 0.000195580811, 0.999914289, -0.0130926892, -0.987184227, -0.00189633656, -0.159573659},{7.126156806945801, 0.08737527579069138, 44.08149337768555},{7.145174980163574, -0.11465003341436386, 44.05634689331055},{7.4404191970825195, 0.7559541463851929, 45.96214294433594},{8.05732250213623, -0.843984842300415, 49.884273529052734},{0},{1},{0},{1}},{{2413.82715, 197.936234, 612.22644, -0.159507871, 0.0131575847, 0.987108946, 0.000296334649, 0.999911785, -0.0132803535, -0.987196624, -0.00182580634, -0.159497693},{7.577765464782715, 0.08491763472557068, 46.9126091003418},{7.605043888092041, -0.11514443904161453, 46.908721923828125},{8.238974571228027, 0.8372243642807007, 50.91368865966797},{7.707470417022705, -0.8069618940353394, 47.78163146972656},{0},{1},{0},{1}},{{2407.80859, 197.936615, 613.200806, -0.159336567, 0.012847065, 0.987140715, 0.000257980922, 0.999915838, -0.0129716843, -0.987224281, -0.00181220018, -0.159326464},{8.05722427368164, 0.09577760100364685, 49.9881477355957},{8.081289291381836, -0.12957251071929932, 49.95951461791992},{8.871370315551758, 0.8945931792259216, 54.88457489013672},{8.33938980102539, -0.8726729154586792, 51.70650100708008},{0},{1},{0},{1}},{{2402.30078, 197.937653, 614.09137, -0.159320772, 0.0130762924, 0.987140238, 0.000343554682, 0.999912977, -0.0131900385, -0.987226784, -0.00176231063, -0.159311399},{8.492278099060059, 0.09224376082420349, 52.672428131103516},{8.521096229553223, -0.13196060061454773, 52.66559600830078},{8.922226905822754, 0.9017822742462158, 55.19877243041992},{8.669587135314941, -0.9082499146461487, 53.79207992553711},{0},{1},{0},{1}},{{2396.60034, 197.939835, 615.011658, -0.159391597, 0.00794381648, 0.987183452, 8.40199282e-05, 0.999967754, -0.00803312473, -0.987215459, -0.00119746954, -0.159387112},{8.695717811584473, 0.21064609289169312, 53.99987030029297},{8.743807792663574, -0.2274356633424759, 53.98994064331055},{8.73349380493164, 0.7927014827728271, 54.01262664794922},{8.704484939575195, -0.7990415096282959, 54.02980422973633},{0},{1},{0},{2}},{{2391.02344, 197.936646, 615.912231, -0.159448519, 0.00798598956, 0.987173915, -0.000144339647, 0.999967098, -0.00811279658, -0.987206221, -0.00143606169, -0.159442112},{9.000265121459961, 0.24378517270088196, 55.74667739868164},{9.0144624710083, -0.24039773643016815, 55.74628829956055},{8.998621940612793, 0.8397557735443115, 55.73101043701172},{9.002633094787598, -0.8249117732048035, 55.74274444580078},{0},{1},{0},{2}},{{2384.95166, 197.943054, 616.876282, -0.156115726, 0.0103158131, 0.987684906, 0.00370694278, 0.999944568, -0.00985793117, -0.987731814, 0.00212231325, -0.156145304},{7.914333343505859, -0.33573585748672485, 57.88548278808594},{8.19376277923584, -0.6957798600196838, 57.419132232666016},{9.272550582885742, 0.6268125176429749, 57.755348205566406},{9.179944038391113, -1.1462217569351196, 57.230567932128906},{1},{1},{0},{2}},{{2378.02832, 197.968781, 617.820068, -0.132752031, 0.0129188271, 0.991065085, 0.0264644101, 0.999604762, -0.0094852671, -0.99079591, 0.0249687638, -0.133041456},{4.265381336212158, -1.635073184967041, 61.79450225830078},{4.748514652252197, -1.8393296003341675, 59.43902587890625},{8.373512268066406, -0.5982661843299866, 60.2728271484375},{8.17485523223877, -2.409282922744751, 59.02107620239258},{1},{1},{0},{2}},{{2371.20923, 197.973145, 618.529175, -0.105931066, 0.00986699108, 0.994324505, 0.0335691124, 0.999416292, -0.0063412087, -0.99380666, 0.0327068605, -0.106200464},{-0.43714457750320435, -1.5631569623947144, 66.29035186767578},{0.13510346412658691, -1.468741536140442, 62.128902435302734},{6.771679878234863, -1.0945219993591309, 62.385040283203125},{6.585010051727295, -2.8422651290893555, 60.75181198120117},{0},{1},{0},{2}},{{2364.89185, 197.972168, 618.95752, -0.0735331029, 0.00781001756, 0.99726218, 0.0351645052, 0.999367833, -0.00523365429, -0.99667263, 0.034683384, -0.0737612471},{-1.495988130569458, -0.7155887484550476, 67.23086547851562},{-0.48554837703704834, -1.1718883514404297, 64.29999542236328},{4.859936714172363, -1.2761741876602173, 64.33431243896484},{4.717529296875, -3.0356457233428955, 62.32353973388672},{0},{1},{0},{2}},{{2358.75464, 197.963318, 619.192993, -0.0463461317, 0.00760116102, 0.998896539, 0.0280842688, 0.999585688, -0.00630337046, -0.998530567, 0.0277611427, -0.0465404019},{-0.36396732926368713, -0.3508976697921753, 65.6720199584961},{0.40716102719306946, -1.1772441864013672, 64.38961791992188},{2.9956183433532715, -0.8418359756469727, 65.80549621582031},{2.9750826358795166, -2.6651933193206787, 64.86491394042969},{0},{1},{0},{2}},{{2350.93359, 197.949112, 619.345764, -0.0255444851, 0.0096178893, 0.999627411, 0.00930946041, 0.99991262, -0.00938273966, -0.999630332, 0.00906631444, -0.025631791},{0.5823872685432434, -0.05415160581469536, 67.5253677368164},{0.8230810761451721, -0.6128401756286621, 66.86068725585938},{1.5249875783920288, 0.35763809084892273, 67.41316986083984},{1.5115389823913574, -1.6758832931518555, 66.86434173583984},{0},{1},{0},{2}},{{2344.41724, 197.934219, 619.444214, -0.0190158468, 0.0104071936, 0.999765038, -0.00760514662, 0.999915361, -0.0105534112, -0.999790251, -0.00780404126, -0.0189350881},{0.8506384491920471, 0.658143937587738, 68.82505798339844},{1.0420565605163574, 0.22928465902805328, 68.6146469116211},{1.194980263710022, 1.3728528022766113, 68.83898162841797},{1.1885316371917725, -0.7058670520782471, 68.67310333251953},{0},{1},{0},{2}},{{2336.94824, 197.925934, 619.575073, -0.0179947652, 0.00939417444, 0.999793947, -0.010024447, 0.999903917, -0.0095756324, -0.999787807, -0.0101946928, -0.017898865},{1.1817412376403809, 0.8330439329147339, 70.52030944824219},{1.3036808967590332, 0.31105566024780273, 70.50833892822266},{1.3554348945617676, 1.6292927265167236, 70.54838562011719},{1.3280483484268188, -0.5245314240455627, 70.49169921875},{0},{1},{0},{2}},{{2330.10376, 197.937973, 619.703857, -0.0175147541, 0.00929685775, 0.999803364, -0.00140131521, 0.999955535, -0.00932282116, -0.999845624, -0.00156432658, -0.0175009463},{1.049989938735962, 0.420818030834198, 71.73799896240234},{1.3533687591552734, -0.16995590925216675, 72.14863586425781},{1.3681033849716187, 1.1906654834747314, 72.10214233398438},{1.3493154048919678, -0.9808052182197571, 72.1124496459961},{0},{1},{0},{2}},{{2322.68848, 197.946106, 619.845276, -0.0179239679, 0.00876769889, 0.99980092, 0.00427253544, 0.999953091, -0.00869243685, -0.999830246, 0.00411588186, -0.0179605875},{1.269179105758667, 0.0455092117190361, 73.77711486816406},{1.3284868001937866, -0.5106828808784485, 73.724609375},{1.3610905408859253, 0.8315903544425964, 73.82764434814453},{1.3698567152023315, -1.3314905166625977, 73.74703979492188},{0},{1},{0},{2}},{{2315.95483, 197.937256, 619.966248, -0.0181166083, 0.00837837905, 0.999800801, 0.00335766003, 0.999959767, -0.00831887033, -0.999830246, 0.00320628146, -0.0181440115},{1.3077893257141113, 0.1263262927532196, 75.31354522705078},{1.3246742486953735, -0.5494105815887451, 75.26360321044922},{1.351170301437378, 0.9332783222198486, 75.30139923095703},{1.336638331413269, -1.3521242141723633, 75.27214813232422},{0},{1},{0},{2}},{{2307.78296, 197.937958, 620.109558, -0.0180044454, 0.00913955551, 0.999796152, 0.000374442141, 0.999958217, -0.00913429447, -0.999837816, 0.000209907899, -0.0180071145},{1.3543365001678467, 0.2681635618209839, 77.07169342041016},{1.366253137588501, -0.3305492699146271, 77.05164337158203},{1.3725833892822266, 1.136829137802124, 77.04669189453125},{1.3512654304504395, -1.198506474494934, 77.04991149902344},{0},{1},{0},{2}},{{2299.86938, 197.938919, 620.25061, -0.0179986358, 0.00970798079, 0.999790907, -0.000841692614, 0.999952376, -0.00972470082, -0.999837637, -0.0010165479, -0.0179896075},{1.4073673486709595, 0.3166835904121399, 78.66798400878906},{1.426445722579956, -0.22334156930446625, 78.66935729980469},{1.4235762357711792, 1.246206283569336, 78.65701293945312},{1.4061532020568848, -1.1418288946151733, 78.67366790771484},{0},{1},{0},{2}},{{2292.24561, 197.938034, 620.388367, -0.0180264581, 0.00954626594, 0.99979192, -0.000536008563, 0.999954164, -0.00955747906, -0.999837339, -0.000708184496, -0.0180205163},{1.439481496810913, 0.3163999021053314, 80.17024230957031},{1.468762755393982, -0.25720176100730896, 80.17700958251953},{1.4597615003585815, 1.2577911615371704, 80.1582260131836},{1.4387470483779907, -1.184611201286316, 80.17852783203125},{0},{1},{0},{2}},{{2284.47998, 197.94313, 620.533386, -0.0189828873, 0.00873490516, 0.999781668, 0.00112399308, 0.999961376, -0.00871513505, -0.99981916, 0.00095830916, -0.0189919714},{1.5395491123199463, 0.2256888747215271, 81.604248046875},{1.5790290832519531, -0.38162779808044434, 81.57432556152344},{1.5727285146713257, 1.126908779144287, 81.64334869384766},{1.5624592304229736, -1.2685800790786743, 81.61314392089844},{0},{1},{0},{2}},{{2276.57178, 197.938782, 620.681763, -0.0187924448, 0.00813785661, 0.999790311, 0.00155111263, 0.999965906, -0.00811013021, -0.999822199, 0.00139837817, -0.0188044272},{1.5569348335266113, 0.25414833426475525, 83.13871002197266},{1.5758734941482544, -0.46421632170677185, 83.14878845214844},{1.560465931892395, 1.1359611749649048, 83.13185119628906},{1.5435717105865479, -1.3351242542266846, 83.14679718017578},{0},{1},{0},{2}},{{2267.56396, 197.939026, 620.84967, -0.0187546797, 0.00867572147, 0.999786496, 0.000755704939, 0.999962211, -0.00866307039, -0.999823809, 0.000593070523, -0.0187605266},{1.5766328573226929, 0.2865782380104065, 84.7938003540039},{1.5907915830612183, -0.39740419387817383, 84.79141235351562},{1.5903534889221191, 1.217559814453125, 84.77307891845703},{1.5739237070083618, -1.3209973573684692, 84.77621459960938},{0},{1},{0},{2}},{{2258.89575, 197.93924, 621.011292, -0.0187454391, 0.00766250631, 0.9997949, -2.03345753e-05, 0.999970615, -0.00766423391, -0.999824286, -0.000163999837, -0.0187447332},{1.584814190864563, 0.3656643033027649, 85.83154296875},{1.61720871925354, -0.3759492337703705, 85.82621765136719},{1.6174615621566772, 1.252966284751892, 85.80948638916016},{1.588327407836914, -1.2536935806274414, 85.82302856445312},{0},{1},{0},{3}},{{2250.11401, 197.943268, 621.179138, -0.0196038876, 0.0063811983, 0.99978745, 0.000812416663, 0.999979377, -0.00636649318, -0.999807477, 0.000687435968, -0.019608669},{1.713142991065979, 0.3416089713573456, 86.92357635498047},{1.7601279020309448, -0.4769729673862457, 86.9278564453125},{1.709913969039917, 1.1551883220672607, 86.958251953125},{1.703283667564392, -1.2556899785995483, 86.95838928222656},{0},{1},{0},{3}},{{2240.22314, 197.939621, 621.371216, -0.0194712728, 0.00580718089, 0.99979353, 0.000930594164, 0.999982774, -0.00579015631, -0.99980998, 0.000817660359, -0.0194763411},{1.7148241996765137, 0.3886243402957916, 88.24131774902344},{1.7276047468185425, -0.5282680988311768, 88.24750518798828},{1.7163184881210327, 1.1679744720458984, 88.22865295410156},{1.7053619623184204, -1.297709584236145, 88.23147583007812},{0},{1},{0},{3}},{{2230.18848, 197.941467, 621.565674, -0.0194545109, 0.00659909705, 0.99978894, 0.000380201265, 0.999978185, -0.00659294799, -0.999810696, 0.000251858437, -0.0194565952},{1.732068419456482, 0.3875914514064789, 89.49861145019531},{1.7446098327636719, -0.45135262608528137, 89.4994125366211},{1.7428133487701416, 1.2312343120574951, 89.47319793701172},{1.730056643486023, -1.2874454259872437, 89.47105407714844},{0},{1},{0},{3}},{{2220.5271, 197.94165, 621.753479, -0.0194587987, 0.00691518513, 0.999786735, 0.000135011011, 0.999976099, -0.00691386685, -0.999810636, 4.46683629e-07, -0.0194592662},{1.7521636486053467, 0.3924115300178528, 90.65904235839844},{1.7765750885009766, -0.42224231362342834, 90.65693664550781},{1.7703967094421387, 1.2739191055297852, 90.63148498535156},{1.7551507949829102, -1.2940080165863037, 90.63207244873047},{0},{1},{0},{3}},{{2209.70288, 197.942245, 621.964111, -0.0196522065, 0.0068269521, 0.999783576, 0.000484746299, 0.999976635, -0.00681874203, -0.999806762, 0.00035063806, -0.0196550582},{1.7062702178955078, 0.20664826035499573, 92.77533721923828},{1.8778754472732544, -0.4466710388660431, 91.91708374023438},{1.789944052696228, 1.2616595029830933, 91.92755889892578},{1.8344852924346924, -1.2082360982894897, 92.6414794921875},{0},{1},{0},{3}},{{2198.7229, 197.935745, 622.178406, -0.0194038022, 0.0059551131, 0.999794006, 3.28320493e-05, 0.999982238, -0.00595559692, -0.999811709, -8.27359472e-05, -0.0194036532},{1.7902603149414062, 0.4967658817768097, 93.22013854980469},{1.821489930152893, -0.4955752491950989, 93.25657653808594},{1.8031989336013794, 1.3233702182769775, 93.25486755371094},{1.802105188369751, -1.3263381719589233, 93.26751708984375},{0},{1},{0},{3}},{{2187.58691, 197.936768, 622.394165, -0.0193363503, 0.00591444271, 0.999795556, -2.0921043e-06, 0.999982476, -0.00591558916, -0.99981302, -0.000116477582, -0.0193360001},{1.8292757272720337, 0.4975574314594269, 94.6144790649414},{1.8277649879455566, -0.5051928758621216, 94.61756134033203},{1.8387223482131958, 1.3395556211471558, 94.5920181274414},{1.821054458618164, -1.3393633365631104, 94.58995056152344},{0},{1},{0},{3}},{{2176.83472, 197.941513, 622.601929, -0.0193083044, 0.00690003345, 0.999789774, 6.38188358e-05, 0.999976218, -0.00690008746, -0.999813557, -6.94235641e-05, -0.0193082839},{1.8450393676757812, 0.4239118695259094, 95.84207153320312},{1.8551846742630005, -0.444607138633728, 95.84271240234375},{1.8602408170700073, 1.3519810438156128, 95.81925964355469},{1.844192624092102, -1.360486626625061, 95.82598876953125},{0},{1},{0},{3}},{{2166.49268, 197.94136, 622.801086, -0.0194055177, 0.00687025208, 0.999788105, 0.000331627671, 0.999976397, -0.00686510932, -0.999811649, 0.000198336391, -0.0194073375},{1.8638250827789307, 0.4242624044418335, 96.93936920166016},{1.88583505153656, -0.4630771279335022, 97.0078125},{1.8801180124282837, 1.2501088380813599, 97.66471099853516},{1.892427921295166, -1.3766989707946777, 96.98454284667969},{0},{1},{0},{3}},{{2154.9126, 197.943771, 623.029907, -0.0197334513, 0.00545284525, 0.99979043, 0.00169771526, 0.999983847, -0.00542039145, -0.999803841, 0.00159039639, -0.019742392},{1.9225934743881226, 0.35795703530311584, 98.2575912475586},{1.967191457748413, -0.6278566122055054, 98.2557373046875},{1.9292480945587158, 1.2011510133743286, 98.3074951171875},{1.9526407718658447, -1.4572871923446655, 98.3065185546875},{0},{1},{0},{3}},{{2143.73999, 197.93335, 623.249634, -0.0197712872, 0.00513324747, 0.999791324, 0.000700603588, 0.999986649, -0.00512039568, -0.999804258, 0.000599220628, -0.0197746195},{1.9620543718338013, 0.5316522717475891, 99.59734344482422},{1.9532389640808105, -0.6556560397148132, 99.58753204345703},{1.966223120689392, 1.3551491498947144, 99.57656860351562},{1.950360894203186, -1.4734916687011719, 99.57427978515625},{0},{1},{0},{3}},{{2131.28638, 197.941788, 623.495056, -0.0197857823, 0.0065554264, 0.999782741, -0.000148192048, 0.999978483, -0.0065596425, -0.999804258, -0.000277947518, -0.0197843853},{1.9948774576187134, 0.4752225875854492, 100.96593475341797},{1.9967700242996216, -0.46495321393013, 100.96288299560547},{2.0047202110290527, 1.4246982336044312, 100.93142700195312},{1.9866114854812622, -1.402072548866272, 100.94234466552734},{0},{1},{0},{3}},{{2118.09399, 197.957901, 623.710632, -0.0125927748, 0.00651905313, 0.999899447, 0.0104635945, 0.999924839, -0.00638744002, -0.999865949, 0.0103821065, -0.0126600415},{-0.5496072173118591, -0.5302844047546387, 102.74797058105469},{-0.523621141910553, -1.3111001253128052, 101.72309112548828},{1.6028815507888794, 0.43346109986305237, 102.83357238769531},{1.6070876121520996, -2.340613842010498, 101.83279418945312},{1},{1},{0},{3}},{{2105.91064, 197.976105, 623.67218, 0.00822038762, 0.00495224539, 0.999953926, 0.0321523286, 0.999469399, -0.00521416264, -0.999449193, 0.0321937092, 0.00805679895},{-1.0453095436096191, -1.9564270973205566, 103.7493896484375},{-1.3870199918746948, -2.939987897872925, 102.90289306640625},{-0.7130095362663269, -1.307193398475647, 103.98844146728516},{-0.7204522490501404, -4.1545257568359375, 103.14698791503906},{0},{1},{0},{3}},{{2092.96265, 197.956604, 623.493713, 0.011183382, 0.00515116565, 0.999924183, 0.00955621433, 0.999940515, -0.00525812851, -0.999891818, 0.00961429346, 0.0111334911},{-1.5898549556732178, -0.3359648287296295, 104.99617767333984},{-1.5165741443634033, -1.334127426147461, 104.89549255371094},{-1.4884405136108398, 0.4656626284122467, 104.97468566894531},{-1.409189224243164, -2.2095744609832764, 105.50992584228516},{0},{1},{0},{3}},{{2079.84326, 197.920288, 623.30957, 0.0122712506, 0.00501972251, 0.999912083, -0.0117884846, 0.99991864, -0.00487508299, -0.99985522, -0.0117276255, 0.0123294266},{-1.3772088289260864, 1.5539929866790771, 106.26836395263672},{-1.3576990365982056, 0.3291938602924347, 106.16816711425781},{-1.3948307037353516, 2.3995587825775146, 106.35456848144531},{-1.3383212089538574, -0.5362982749938965, 106.26246643066406},{0},{1},{0},{3}},{{2067.76855, 197.916336, 623.198547, 0.00748762535, 0.00504622934, 0.99995923, -0.0129601546, 0.999903738, -0.00494890474, -0.999888003, -0.012922571, 0.00755230477},{0.28057873249053955, 1.8998527526855469, 107.18589782714844},{0.3532518148422241, 0.6250321269035339, 107.77496337890625},{-0.8928564190864563, 2.7161595821380615, 107.21012115478516},{-1.22834050655365, -0.3437960743904114, 110.00614929199219},{-1},{1},{0},{3}},{{2054.93701, 197.910019, 623.249695, -0.00643166946, 0.00362153561, 0.999972761, -0.0196163952, 0.999800563, -0.00374708162, -0.999786913, -0.0196399614, -0.00635934528},{2.225329875946045, 1.8528704643249512, 109.59708404541016},{2.6551051139831543, 0.7245801091194153, 109.02347564697266},{0.6185827255249023, 3.2412381172180176, 108.39691162109375},{0.6293441653251648, 0.30024102330207825, 109.1707763671875},{0},{1},{0},{3}},{{2043.20374, 197.919327, 623.419922, -0.0149859423, 0.00388946501, 0.999880135, -0.015440206, 0.999872327, -0.00412084814, -0.999768496, -0.0155001106, -0.0149239749},{2.1322896480560303, 1.9092411994934082, 109.66291046142578},{2.226867437362671, 0.5838887691497803, 110.02194213867188},{1.704134464263916, 2.889979600906372, 109.70928955078125},{1.737439513206482, -0.04808396100997925, 109.99982452392578},{0},{1},{0},{3}},{{2030.1051, 197.942978, 623.661316, -0.0170556754, 0.00684873248, 0.99983108, 0.00102708011, 0.999976158, -0.00683220569, -0.999854028, 0.00091037876, -0.0170623027},{2.0870540142059326, 0.4496454894542694, 110.98625183105469},{2.107724905014038, -0.5840974450111389, 111.13780975341797},{2.3345983028411865, 1.5862447023391724, 113.25745391845703},{1.9976301193237305, -1.582127571105957, 111.07034301757812},{0},{1},{0},{3}},{{2018.13062, 197.964325, 623.878723, -0.0172099695, 0.006758234, 0.999829054, 0.00871916115, 0.999940157, -0.00660890248, -0.999813855, 0.00860393234, -0.0172678661},{1.305490255355835, -0.5669708251953125, 112.18292999267578},{1.4301855564117432, -1.3194966316223145, 112.00729370117188},{2.0090126991271973, 0.6671063303947449, 112.2887191772461},{2.0508944988250732, -2.222127676010132, 112.30573272705078},{1},{1},{0},{3}},{{2004.78381, 197.963562, 623.952515, 0.000673287432, 0.00456255907, 0.99998939, 0.0257027354, 0.999659121, -0.00457835803, -0.999669433, 0.0257055443, 0.000555787701},{-1.9489184617996216, -1.3227282762527466, 113.81946563720703},{-1.4861444234848022, -2.7667605876922607, 112.79573059082031},{0.24493928253650665, -0.8403842449188232, 113.92041778564453},{0.248682901263237, -3.9819881916046143, 112.755859375},{0},{1},{0},{3}},{{1990.64795, 197.979385, 623.762085, 0.0148739275, 0.00442551589, 0.999879599, 0.0258009359, 0.999655545, -0.00480833184, -0.999556422, 0.025869349, 0.0147546213},{-2.125427484512329, -1.7495211362838745, 114.62053680419922},{-1.9519916772842407, -2.9008188247680664, 114.49674224853516},{-1.9379922151565552, -0.910533607006073, 114.56130981445312},{-1.9271875619888306, -3.8529231548309326, 114.61062622070312},{0},{1},{0},{3}},{{1978.95032, 197.946854, 623.559509, 0.014434672, 0.00548282592, 0.999880791, -0.000865436625, 0.999984682, -0.00547090173, -0.999895453, -0.00078636274, 0.0144391954},{-1.97893226146698, 0.510767936706543, 115.6823959350586},{-1.8057396411895752, -0.32591307163238525, 116.6783218383789},{-1.9494949579238892, 1.4226852655410767, 115.90148162841797},{-1.8848628997802734, -1.5662622451782227, 115.53843688964844},{0},{1},{0},{3}},{{1965.83252, 197.910553, 623.346802, 0.0150963431, 0.00470701372, 0.999874949, -0.0132102435, 0.999902606, -0.00450769253, -0.999798775, -0.0131405424, 0.0151570532},{-1.7807186841964722, 1.9550926685333252, 116.66535186767578},{-1.7538583278656006, 0.4277130961418152, 116.70072174072266},{-1.7802516222000122, 2.8713314533233643, 116.7228012084961},{-1.7411125898361206, -0.4775875508785248, 116.7352523803711},{0},{1},{0},{3}},{{1951.25525, 197.928131, 623.139771, 0.0150221391, 0.00532196788, 0.999872983, -0.00320118386, 0.999980986, -0.00527444808, -0.999882042, -0.00312154368, 0.0150388898},{-1.6421334743499756, 1.036040186882019, 117.98789978027344},{-1.6676775217056274, -0.3887752890586853, 118.07074737548828},{-1.6362683773040771, 2.046642303466797, 117.96588134765625},{-1.6838810443878174, -1.3478723764419556, 117.98624420166016},{0},{1},{0},{3}},{{1936.52185, 197.964661, 622.932068, 0.0146498578, 0.00602293666, 0.999874532, 0.00636883732, 0.999961019, -0.00611677207, -0.999872386, 0.00645764824, 0.0146109276},{-1.838154911994934, -0.38811782002449036, 120.3103256225586},{-1.6505337953567505, -1.0064646005630493, 119.27593231201172},{-1.7582643032073975, 0.935714066028595, 119.13224029541016},{-1.6969330310821533, -1.97409188747406, 119.81925964355469},{0},{1},{0},{3}},{{1920.34302, 197.942169, 622.636841, 0.0232115556, 0.000658536039, 0.999730349, 0.0134117184, 0.99990958, -0.00097004493, -0.999640584, 0.0134306187, 0.0232006256},{-4.512102127075195, -0.41446244716644287, 120.25846099853516},{-4.182862758636475, -2.3161160945892334, 119.2784423828125},{-2.452625274658203, 0.2052410989999771, 120.4114761352539},{-2.3954739570617676, -2.9508345127105713, 119.2691650390625},{1},{1},{0},{4}},{{1905.43555, 197.983292, 622.046082, 0.0455467068, 0.00137991388, 0.99896127, 0.0384225622, 0.99925667, -0.00313216285, -0.998223007, 0.0385253094, 0.045459833},{-9.180107116699219, -2.261488199234009, 118.60983276367188},{-8.406510353088379, -4.2061567306518555, 119.0409164428711},{-5.390352249145508, -2.139989137649536, 121.07304382324219},{-5.359982013702393, -5.301215171813965, 120.32778930664062},{0},{1},{0},{4}},{{1892.46826, 197.976074, 621.322571, 0.0558072366, 0.00393775152, 0.998433769, 0.0272925757, 0.99961251, -0.00546791265, -0.998068452, 0.0275549777, 0.0556781404},{-8.845049858093262, -1.880895733833313, 122.63947296142578},{-8.680444717407227, -2.7914206981658936, 122.10307312011719},{-6.9733195304870605, -1.1347746849060059, 121.58647155761719},{-6.945960521697998, -4.403738498687744, 121.16661834716797},{0},{1},{0},{4}},{{1878.72656, 197.949631, 620.441223, 0.0631608814, 0.00521885604, 0.997989714, 0.0033455682, 0.999979615, -0.00544099696, -0.997997761, 0.00368250092, 0.0631421357},{-8.341745376586914, 0.2372751384973526, 122.82102966308594},{-8.206923484802246, -0.9094281196594238, 121.89086151123047},{-7.755048751831055, 1.2301781177520752, 124.12387084960938},{-7.873213768005371, -2.0872812271118164, 122.04072570800781},{0},{1},{0},{4}},{{1864.88147, 197.920319, 619.528137, 0.0646304935, 0.00425763847, 0.997900188, -0.00788599998, 0.999961853, -0.00375568634, -0.997878075, -0.00762670906, 0.0646616071},{-8.026384353637695, 1.5494670867919922, 123.07381439208984},{-8.016275405883789, -0.09140536934137344, 123.04915618896484},{-8.016450881958008, 2.448235273361206, 123.06622314453125},{-8.00474739074707, -0.9824312925338745, 123.07719421386719},{0},{1},{0},{4}},{{1850.93347, 197.930435, 618.626038, 0.0647800863, 0.00478644948, 0.997888088, -0.00467486028, 0.99997896, -0.00449299952, -0.997888625, -0.00437393039, 0.0648010969},{-7.968743324279785, 1.2129545211791992, 123.98322296142578},{-7.988055229187012, -0.2844790816307068, 124.03702545166016},{-7.967880725860596, 2.1966967582702637, 123.95549011230469},{-8.002461433410645, -1.2292131185531616, 123.97325897216797},{0},{1},{0},{4}},{{1832.65088, 197.96196, 617.450317, 0.0646030307, 0.00490035396, 0.997898996, 0.00395338563, 0.99997884, -0.00516650546, -0.997903228, 0.00427885167, 0.0645822883},{-7.623446464538574, -0.00600095372647047, 124.92716979980469},{-8.035686492919922, -0.8669017553329468, 125.4897689819336},{-8.09822940826416, 1.161041498184204, 125.07660675048828},{-8.430654525756836, -1.9836177825927734, 126.8584976196289},{0},{1},{0},{4}},{{1817.04407, 197.91745, 616.484924, 0.0577777028, 0.00336134387, 0.998323798, -0.00650210213, 0.99997437, -0.00299059413, -0.998308301, -0.00631841365, 0.0577980801},{-6.724638938903809, 1.4175997972488403, 125.7947769165039},{-6.676031589508057, -0.4119148254394531, 126.32032775878906},{-7.662817001342773, 2.325037717819214, 126.37208557128906},{-7.582643985748291, -1.0991179943084717, 126.34930419921875},{0},{1},{0},{4}},{{1801.31384, 197.915543, 615.634033, 0.0531840101, 0.00438851304, 0.998575091, -0.0138062024, 0.999898016, -0.00365900993, -0.998489261, -0.0135919293, 0.0532391742},{-6.5929484367370605, 2.1943390369415283, 127.02761840820312},{-6.600490093231201, 0.5099427103996277, 127.17080688476562},{-6.720145225524902, 3.1540794372558594, 127.02987670898438},{-6.720475196838379, -0.33754003047943115, 127.12140655517578},{0},{1},{0},{4}},{{1786.91406, 197.940765, 614.889526, 0.0526097007, 0.00553300278, 0.998599827, -0.00140298274, 0.999984086, -0.00546675827, -0.998614192, -0.00111341383, 0.052616626},{-6.592123508453369, 0.8515357971191406, 127.91853332519531},{-6.600043296813965, -0.47876161336898804, 128.0247039794922},{-6.638527870178223, 1.9102897644042969, 128.544677734375},{-6.61994743347168, -1.532537817955017, 127.952880859375},{0},{1},{0},{4}},{{1772.41772, 197.953552, 614.166626, 0.0474267714, 0.00353457406, 0.998868465, -9.49090681e-05, 0.999993742, -0.00353404973, -0.998874724, 7.28068917e-05, 0.0474268086},{-5.244388103485107, 0.7753353714942932, 128.47067260742188},{-5.105410099029541, -0.5220540761947632, 128.9771270751953},{-6.37151575088501, 1.5903252363204956, 128.7796630859375},{-6.362581253051758, -1.5005717277526855, 129.0047149658203},{-1},{1},{0},{4}},{{1756.35583, 197.895203, 613.538574, 0.0350024886, 0.00226973859, 0.999384642, -0.0232116207, 0.999729514, -0.0014575572, -0.999117613, -0.0231463183, 0.035045702},{-3.3422107696533203, 3.0007171630859375, 129.69337463378906},{-3.0447163581848145, 1.1367663145065308, 130.11802673339844},{-4.71545934677124, 4.083453178405762, 129.99903869628906},{-4.666028022766113, 0.5894434452056885, 129.87197875976562},{1},{1},{0},{4}},{{1740.1853, 197.926056, 613.009644, 0.0352663919, 0.00349536352, 0.999371827, -0.00889804494, 0.999955356, -0.00318340538, -0.999338329, -0.00878018886, 0.0352959186},{-6.1079559326171875, 1.569786787033081, 131.9548797607422},{-5.698542594909668, 0.06394725292921066, 131.80474853515625},{-4.243515491485596, 2.680389642715454, 130.88815307617188},{-4.193119049072266, -0.7665177583694458, 130.39244079589844},{1},{1},{0},{4}},{{1723.91589, 197.958679, 612.374817, 0.0425450578, 0.00310006831, 0.999089718, 0.0251080301, 0.999676049, -0.00417108368, -0.998778999, 0.0252626352, 0.042453438},{-6.491390228271484, -1.7401764392852783, 132.94717407226562},{-6.55714750289917, -3.0412652492523193, 132.65310668945312},{-5.4824724197387695, -0.6564124226570129, 131.5373077392578},{-5.489440441131592, -4.386510372161865, 131.43618774414062},{0},{1},{0},{4}},{{1709.02246, 197.958771, 611.719849, 0.043150451, 0.00363844424, 0.999061942, 0.0157117881, 0.999867201, -0.00431998447, -0.998945057, 0.0158834588, 0.043087557},{-6.265313148498535, -0.8522529006004333, 132.50161743164062},{-6.276758670806885, -2.3752400875091553, 132.1630859375},{-5.861846923828125, 0.004694644827395678, 132.5181121826172},{-5.853819370269775, -3.4968161582946777, 132.669677734375},{0},{1},{0},{4}},{{1694.03516, 197.932663, 611.023438, 0.0450327955, 0.00519671338, 0.998971999, -0.00258548092, 0.999983728, -0.00508542499, -0.998982191, -0.0023538121, 0.0450454988},{-6.205416679382324, 0.9701722860336304, 133.22848510742188},{-6.187075138092041, -0.546242892742157, 133.10182189941406},{-6.138416290283203, 2.0393505096435547, 133.1793670654297},{-6.129696846008301, -1.670164942741394, 133.15029907226562},{0},{1},{0},{4}},{{1679.70764, 197.926941, 610.366394, 0.04535776, 0.00564044155, 0.998954892, -0.00796368252, 0.999954343, -0.00528449239, -0.998939037, -0.00771566713, 0.0454006083},{-6.0785017013549805, 1.5785083770751953, 133.98281860351562},{-6.080002784729004, 0.07358450442552567, 133.9939727783203},{-6.052848815917969, 2.71368670463562, 133.95587158203125},{-6.083080291748047, -1.048647165298462, 133.95480346679688},{0},{1},{0},{4}},{{1664.53137, 197.949997, 609.687683, 0.045008149, 0.00525160786, 0.998972833, -0.00150187069, 0.999985397, -0.00518926512, -0.998985469, -0.00126676878, 0.0450153798},{-5.729737758636475, 0.8328531384468079, 134.73760986328125},{-5.434559345245361, -0.13616305589675903, 136.23069763183594},{-6.0870866775512695, 1.8796035051345825, 135.10865783691406},{-6.040545463562012, -1.5181180238723755, 134.84141540527344},{-1},{1},{0},{4}},{{1650.01099, 197.919678, 609.13324, 0.0332118832, 0.00416215789, 0.999439657, -0.0128505118, 0.999910474, -0.00373708969, -0.999365687, -0.0127191953, 0.0332623944},{-2.9629271030426025, 2.0680859088897705, 136.3184814453125},{-2.1773269176483154, 0.5701173543930054, 137.20388793945312},{-4.918475151062012, 3.2906839847564697, 135.01560974121094},{-4.927788734436035, -0.3852693736553192, 136.13510131835938},{-1},{1},{0},{4}},{{1634.63013, 197.886124, 608.792847, 0.0167214684, 0.0039758496, 0.9998523, -0.035153273