return {{{2459.92334, 197.897354, 604.719116, -0.162647799, 0.00609969441, 0.986665308, 0.00171177729, 0.999981105, -0.00589983491, -0.986682713, 0.000729356252, -0.162655175},{0.4219512343406677, 0.002919276710599661, 2.3556771278381348},{0.355246365070343, -0.009401584044098854, 2.367131233215332},{0.3354504406452179, 0.028416793793439865, 2.316544532775879},{0.42012980580329895, -0.03765854239463806, 2.2822465896606445},{0},{1},{0}},{{2459.46289, 197.897598, 604.795166, -0.162620798, 0.0104809264, 0.986633003, 0.00166111439, 0.999945045, -0.0103485482, -0.986687243, -4.39789765e-05, -0.162629277},{0.7926817536354065, 0.009977219626307487, 4.838160991668701},{0.8020372986793518, -0.022336827591061592, 4.821377754211426},{0.8453776836395264, 0.06607695668935776, 5.111530303955078},{0.7872632145881653, -0.0883825495839119, 4.808984279632568},{0},{1},{0}},{{2458.86938, 197.892776, 604.893372, -0.16258812, 0.00854956545, 0.986656964, 0.00174230419, 0.999963403, -0.00837775879, -0.986692488, 0.000356932607, -0.16259706},{1.1361196041107178, 0.01965273916721344, 6.954033851623535},{1.160556435585022, -0.04039764404296875, 6.9521002769470215},{1.1518385410308838, 0.0935855507850647, 6.981389045715332},{1.140916109085083, -0.12184080481529236, 6.9293646812438965},{0},{1},{0}},{{2458.00879, 197.890121, 605.035156, -0.162577227, 0.0079669375, 0.98666364, 0.00189041847, 0.999968052, -0.00776287261, -0.986694038, 0.000603140856, -0.162587091},{1.5315055847167969, 0.027368230745196342, 9.258161544799805},{1.5298348665237427, -0.05649762228131294, 9.262001037597656},{1.5297064781188965, 0.12419895827770233, 9.262085914611816},{1.5168718099594116, -0.1641290783882141, 9.191543579101562},{0},{1},{0}},{{2456.9707, 197.893829, 605.206787, -0.16258432, 0.00876368582, 0.986655712, 0.00223284657, 0.999961257, -0.00851393212, -0.986692131, 0.00081881904, -0.162597597},{1.8960425853729248, 0.024451715871691704, 11.461782455444336},{1.8887666463851929, -0.06615255773067474, 11.464883804321289},{1.8916865587234497, 0.15088705718517303, 11.45899772644043},{1.8751882314682007, -0.20711399614810944, 11.369975090026855},{0},{1},{0}},{{2455.70874, 197.903412, 605.414734, -0.162581101, 0.00963407755, 0.986648142, 0.00232874136, 0.99995327, -0.00938026235, -0.986692429, 0.00077259494, -0.162595943},{2.251258611679077, 0.0269660372287035, 13.668867111206055},{2.248141288757324, -0.0777541920542717, 13.667062759399414},{2.249178647994995, 0.18429525196552277, 13.674552917480469},{2.2382943630218506, -0.2469104379415512, 13.604279518127441},{0},{1},{0}},{{2453.94556, 197.910294, 605.705139, -0.162520364, 0.0106524648, 0.986647666, 0.00152617239, 0.999943256, -0.0105446214, -0.986703992, -0.000207921315, -0.162527397},{2.6868979930877686, 0.03853214904665947, 16.346439361572266},{2.6825146675109863, -0.0790809765458107, 16.33087730407715},{2.699714183807373, 0.24176600575447083, 16.481552124023438},{2.696885585784912, -0.29118266701698303, 16.444252014160156},{0},{1},{0}},{{2451.85889, 197.913513, 606.049805, -0.16220507, 0.0114915669, 0.986690164, 0.000428508967, 0.999932885, -0.0115753552, -0.98675698, -0.0014547758, -0.16219911},{3.1374614238739014, 0.053376708179712296, 19.026477813720703},{3.1416127681732178, -0.07460854947566986, 19.037118911743164},{3.780989170074463, 0.3732559382915497, 23.010900497436523},{3.654864549636841, -0.3735426068305969, 22.274520874023438},{0},{1},{0}},{{2449.45459, 197.920197, 606.445374, -0.162128776, 0.0106393797, 0.986712277, -0.000192814274, 0.999941528, -0.0108137084, -0.986769617, -0.00194346556, -0.162117243},{3.5472991466522217, 0.0748719573020935, 21.664081573486328},{3.553321599960327, -0.07616560161113739, 21.640287399291992},{4.545207977294922, 0.47057726979255676, 27.58148765563965},{3.8810267448425293, -0.39557310938835144, 23.770708084106445},{0},{1},{0}},{{2447.14404, 197.924713, 606.8255, -0.162138417, 0.0098767411, 0.986718595, -0.00060347101, 0.99994874, -0.0101083331, -0.986767828, -0.00223440537, -0.162124142},{3.9326906204223633, 0.09280655533075333, 23.926788330078125},{3.9404847621917725, -0.0780678316950798, 23.931049346923828},{4.875983238220215, 0.503334105014801, 29.632572174072266},{4.721039295196533, -0.4456791877746582, 28.7456111907959},{0},{1},{0}},{{2444.89502, 197.925919, 607.195251, -0.16218695, 0.0101213967, 0.986708164, -0.000565286842, 0.999946296, -0.0103501081, -0.986759901, -0.00223642564, -0.162172526},{4.266178131103516, 0.10020755231380463, 25.95380210876465},{4.274919509887695, -0.08318265527486801, 25.955337524414062},{4.936084747314453, 0.5086363554000854, 30.001941680908203},{4.861492156982422, -0.4610752761363983, 29.59361457824707},{0},{1},{0}},{{2441.98999, 197.927185, 607.673767, -0.162082881, 0.0102257477, 0.986724138, -0.000531884783, 0.999945283, -0.0104501313, -0.986777008, -0.00221861107, -0.162068576},{4.6441826820373535, 0.10915108025074005, 28.293014526367188},{4.652518272399902, -0.09109766036272049, 28.277864456176758},{5.501063823699951, 0.5626966953277588, 33.46637725830078},{5.479957103729248, -0.5238350629806519, 33.396453857421875},{0},{1},{0}},{{2439.00269, 197.928528, 608.165405, -0.161985546, 0.0104181515, 0.986738145, -0.000479732582, 0.999943316, -0.0106363278, -0.986793041, -0.00219630171, -0.16197136},{5.001535415649414, 0.11354167014360428, 30.51163101196289},{5.023460865020752, -0.10242430865764618, 30.502809524536133},{4.99688720703125, 0.5198866724967957, 30.34659194946289},{4.975259780883789, -0.492495059967041, 30.355342864990234},{0},{1},{0}},{{2435.23657, 197.929855, 608.785522, -0.16174379, 0.0100475578, 0.986781657, -0.000392868445, 0.999947429, -0.0102460096, -0.986832678, -0.00204490381, -0.161731333},{5.358294486999512, 0.12136398255825043, 32.75498962402344},{5.398517608642578, -0.11823920160531998, 32.757080078125},{5.389106750488281, 0.5475197434425354, 32.690189361572266},{5.35017728805542, -0.5096213221549988, 32.78160858154297},{0},{1},{0}},{{2431.79541, 197.929367, 609.351746, -0.161648139, 0.00978840608, 0.986799896, 0.000342287327, 0.999951303, -0.00986278895, -0.986848414, -0.00125653227, -0.161643609},{5.732534885406494, 0.12436619400978088, 35.020362854003906},{5.736176490783691, -0.15131719410419464, 35.00140380859375},{6.476340293884277, 0.6034969687461853, 39.49348831176758},{6.462798595428467, -0.6398586630821228, 39.396400451660156},{0},{1},{0}},{{2428.1333, 197.930237, 609.953857, -0.16137518, 0.010603128, 0.986836195, 0.000367297849, 0.999942839, -0.0106838904, -0.986893058, -0.00136165193, -0.161369845},{6.075000286102295, 0.1158786416053772, 37.129398345947266},{6.087481498718262, -0.1481069177389145, 37.111759185791016},{6.134746074676514, 0.5896066427230835, 37.473663330078125},{6.175070285797119, -0.6231216788291931, 37.81141662597656},{0},{1},{0}},{{2424.25122, 197.931213, 610.592896, -0.160759166, 0.0110670328, 0.986931622, 4.58868089e-05, 0.999937236, -0.0112053975, -0.98699367, -0.00175608322, -0.160749584},{6.432018280029297, 0.11801645159721375, 39.30660629272461},{6.447868347167969, -0.140092134475708, 39.29555892944336},{7.046725273132324, 0.6982722878456116, 43.2242431640625},{7.085072994232178, -0.710023820400238, 43.55451965332031},{0},{1},{0}},{{2419.91406, 197.931839, 611.30365, -0.160509482, 0.0109454859, 0.986973584, 0.000147555271, 0.999938786, -0.0110652717, -0.987034261, -0.00163044792, -0.160501271},{6.767643451690674, 0.12448529154062271, 41.525115966796875},{6.801342487335205, -0.15619157254695892, 41.51777267456055},{6.759895324707031, 0.6784786581993103, 41.43191909790039},{6.7312822341918945, -0.6874593496322632, 41.43427658081055},{0},{1},{0}},{{2415.58105, 197.931519, 612.013306, -0.160155952, 0.0109375129, 0.987031102, 9.99430922e-05, 0.999938786, -0.0110643283, -0.98709172, -0.00167337107, -0.160147235},{7.124978542327881, 0.13429763913154602, 43.76914978027344},{7.145844459533691, -0.16199925541877747, 43.746212005615234},{7.109964847564697, 0.7079361081123352, 43.7448616027832},{7.0945329666137695, -0.7182447910308838, 43.76815414428711},{0},{1},{0}},{{2411.0188, 197.932419, 612.759766, -0.159649819, 0.0115131075, 0.987106562, 2.02788287e-05, 0.999932051, -0.0116594173, -0.987173736, -0.00184140645, -0.15963921},{7.485062122344971, 0.12859047949314117, 46.04459762573242},{7.502096176147461, -0.1559869796037674, 46.021026611328125},{8.015298843383789, 0.8074585199356079, 49.48347473144531},{7.974813461303711, -0.813967764377594, 49.350711822509766},{0},{1},{0}},{{2406.52637, 197.935303, 613.490845, -0.159703821, 0.00945482682, 0.987119675, 0.000304594665, 0.999954581, -0.0095284814, -0.987164915, -0.00122106355, -0.15969944},{7.699343204498291, 0.15675802528858185, 47.50930404663086},{7.742537498474121, -0.2025631070137024, 47.493682861328125},{8.778669357299805, 0.8296217322349548, 54.12125015258789},{8.810646057128906, -0.863795280456543, 54.60298538208008},{0},{1},{0}},{{2401.86401, 197.934357, 614.247925, -0.159596577, 0.0093237441, 0.987138271, 0.000215609296, 0.999955714, -0.00940994918, -0.987182319, -0.00128895941, -0.159591511},{8.051474571228027, 0.17882521450519562, 49.64308547973633},{8.059619903564453, -0.21441978216171265, 49.6470832824707},{9.084755897521973, 0.8639136552810669, 56.244651794433594},{9.085017204284668, -0.8786026835441589, 56.17686080932617},{0},{1},{0}},{{2396.4126, 197.934982, 615.131531, -0.159683883, 0.0116400504, 0.987099588, -1.71971278e-05, 0.999930441, -0.0117941359, -0.987168193, -0.00190030888, -0.159672588},{8.420974731445312, 0.1445682793855667, 52.00551986694336},{8.43615436553955, -0.15776637196540833, 52.00535202026367},{9.078301429748535, 0.9191296696662903, 56.11881637573242},{9.065096855163574, -0.904387354850769, 56.07646942138672},{0},{1},{0}},{{2391.06104, 197.937332, 615.997925, -0.159777105, 0.00888551492, 0.987113118, -0.000238644236, 0.999959111, -0.00903977547, -0.987153113, -0.00167991803, -0.159768462},{8.61348819732666, 0.20778556168079376, 53.34259796142578},{8.671846389770508, -0.19880150258541107, 53.33693313598633},{8.65433406829834, 0.8296404480934143, 53.34074020385742},{8.617735862731934, -0.8022927641868591, 53.38396072387695},{0},{1},{0}},{{2385.24072, 197.932831, 616.940613, -0.159846053, 0.0077802958, 0.98711127, -0.000194946391, 0.999968648, -0.00791320484, -0.987141907, -0.00145732833, -0.159839526},{8.92646598815918, 0.2630828022956848, 55.15740203857422},{8.946600914001465, -0.25357866287231445, 55.15697479248047},{8.927590370178223, 0.8497540950775146, 55.1290168762207},{8.933210372924805, -0.8257709741592407, 55.16331481933594},{0},{1},{0}},{{2378.90845, 197.934387, 617.966309, -0.159870267, 0.00921041984, 0.987095058, -7.28134619e-05, 0.999956369, -0.00934221968, -0.987138033, -0.00156541693, -0.159862623},{9.227228164672852, 0.22859223186969757, 57.01654815673828},{9.243627548217773, -0.22913627326488495, 57.01502227783203},{9.234618186950684, 0.8953580856323242, 56.979976654052734},{9.228177070617676, -0.8830355405807495, 57.01275634765625},{0},{1},{0}},{{2372.03638, 197.936127, 619.079346, -0.159872651, 0.00972282328, 0.987089753, 3.5781768e-06, 0.999951482, -0.0098489318, -0.987137675, -0.00157104281, -0.159864932},{9.527003288269043, 0.21157126128673553, 58.91740036010742},{9.559581756591797, -0.21884319186210632, 58.91468811035156},{9.546503067016602, 0.9256324172019958, 58.89142608642578},{9.536742210388184, -0.9197789430618286, 58.92750930786133},{0},{1},{0}},{{2365.62378, 197.934555, 620.117981, -0.159871578, 0.00955889467, 0.987091541, 7.11177927e-05, 0.99995321, -0.00967192743, -0.987137794, -0.00147606654, -0.159864783},{9.805525779724121, 0.22725100815296173, 60.644474029541016},{9.838462829589844, -0.2411712259054184, 60.63970184326172},{9.825318336486816, 0.9540535807609558, 60.616336822509766},{9.815671920776367, -0.9545280933380127, 60.65420150756836},{0},{1},{0}},{{2359.0271, 197.937271, 621.169067, -0.156846151, 0.01019351, 0.987570465, 0.0039967387, 0.999945104, -0.00968647562, -0.987614989, 0.00242777448, -0.156878278},{8.65468692779541, -0.2790544331073761, 62.67884826660156},{8.987783432006836, -0.7289652824401855, 62.30010986328125},{10.205364227294922, 0.626991868019104, 63.24884796142578},{10.025358200073242, -1.2486456632614136, 62.107269287109375},{1},{1},{0}},{{2351.15771, 197.940536, 622.308472, -0.141960084, 0.00855541602, 0.989835382, 0.0190558899, 0.99980098, -0.00590859586, -0.989688933, 0.0180234089, -0.142094865},{4.422313690185547, -0.5936876535415649, 63.085693359375},{5.306414604187012, -1.810670018196106, 62.59137725830078},{10.264606475830078, -0.10549803078174591, 68.12934112548828},{9.331192016601562, -2.1240532398223877, 64.02477264404297},{1},{1},{0}},{{2344.89941, 197.956024, 623.067322, -0.121291637, 0.00796947815, 0.992584944, 0.0315461494, 0.999493599, -0.00417007972, -0.992115498, 0.0308064353, -0.12148162},{2.0286381244659424, -1.1728743314743042, 71.22270202636719},{2.321033477783203, -1.4543660879135132, 67.0464859008789},{8.427410125732422, -0.9646466970443726, 66.9656982421875},{8.38682746887207, -2.9571821689605713, 66.68900299072266},{0},{1},{0}},{{2337.34106, 197.971359, 623.748413, -0.0904862806, 0.00779998535, 0.995867133, 0.0370596424, 0.999303102, -0.00445959158, -0.995207906, 0.0365029462, -0.0907122865},{2.1305742263793945, -1.025139331817627, 71.51763153076172},{2.7868640422821045, -1.5247496366500854, 68.75216674804688},{6.316781044006348, -1.3254326581954956, 68.87019348144531},{6.572375774383545, -3.430126667022705, 71.68270111083984},{0},{1},{0}},{{2329.94067, 197.965378, 624.230957, -0.0699927583, 0.00793528743, 0.997515917, 0.0221635941, 0.999733865, -0.00639777677, -0.99730128, 0.0216607414, -0.0701500103},{3.4657037258148193, -0.7520064115524292, 70.08287048339844},{3.1473259925842285, -1.5086584091186523, 69.57913208007812},{4.830875873565674, -0.5287045836448669, 70.67940521240234},{4.895770072937012, -2.484027862548828, 71.19373321533203},{1},{1},{0}},{{2322.73975, 197.948212, 624.577637, -0.0513020754, 0.00945214275, 0.998638451, 0.0119956192, 0.999888897, -0.00884773862, -0.998611152, 0.0115253786, -0.0514097624},{1.5327008962631226, -0.13688945770263672, 72.56429290771484},{1.8634096384048462, -0.7840530276298523, 71.33393096923828},{3.7584073543548584, 0.15170936286449432, 72.4698715209961},{3.7259533405303955, -2.024601459503174, 71.26174926757812},{0},{1},{0}},{{2314.11523, 197.949799, 624.872192, -0.0361234993, 0.00952146668, 0.99930197, 0.00759467622, 0.999928355, -0.00925289653, -0.99931848, 0.00725512765, -0.0361932218},{2.058586597442627, -0.07657162100076675, 74.2249984741211},{2.2428770065307617, -0.618021547794342, 73.6169662475586},{2.979173421859741, 0.6544191241264343, 77.21798706054688},{2.587533950805664, -1.594818353652954, 73.71528625488281},{0},{1},{0}},{{2306.10059, 197.925064, 625.124512, -0.0327880532, 0.00873455964, 0.99942416, 0.000530309335, 0.999961853, -0.00872186106, -0.999462187, 0.000244031136, -0.0327914357},{2.2269747257232666, 0.3750903308391571, 75.69629669189453},{2.351691246032715, -0.4012167453765869, 75.53536224365234},{2.447383403778076, 1.1322987079620361, 75.67455291748047},{2.425422191619873, -1.284938931465149, 75.53848266601562},{0},{1},{0}},{{2297.89673, 197.931168, 625.381531, -0.0318667293, 0.00932137296, 0.999448657, -0.00238117389, 0.999952972, -0.00940199848, -0.999489307, -0.00267947186, -0.0318430364},{2.4074485301971436, 0.4628574550151825, 77.37879943847656},{2.4701921939849854, -0.1783478856086731, 77.34992980957031},{2.4826245307922363, 1.3363120555877686, 77.35719299316406},{2.4464266300201416, -1.0687153339385986, 77.31944274902344},{0},{1},{0}},{{2288.61597, 197.937622, 625.67627, -0.0316231474, 0.0103351576, 0.999446452, -0.00111288275, 0.999945581, -0.0103755314, -0.999499261, -0.00144037372, -0.0316099226},{2.4654593467712402, 0.3279765248298645, 79.18597412109375},{2.5620903968811035, -0.19451719522476196, 79.19924926757812},{2.5274817943573, 1.3004817962646484, 79.17211151123047},{2.5070176124572754, -1.1542483568191528, 79.17975616455078},{0},{1},{0}},{{2280.03149, 197.934677, 625.950562, -0.0318335742, 0.00993186049, 0.999443829, -0.000225448122, 0.999950528, -0.00994407665, -0.999493182, -0.000541878224, -0.0318297595},{2.5116610527038574, 0.3177924156188965, 80.82144165039062},{2.610915184020996, -0.2891727089881897, 80.83506774902344},{2.5904548168182373, 1.285118818283081, 80.80964660644531},{2.5687849521636963, -1.2475745677947998, 80.8292465209961},{0},{1},{0}},{{2270.80542, 197.941498, 626.246765, -0.0324932523, 0.00947324466, 0.99942708, 0.000678793702, 0.999955058, -0.00945618097, -0.999471724, 0.000371142727, -0.0324982256},{2.749083995819092, 0.32199984788894653, 82.5265884399414},{2.2497177124023438, -0.20052911341190338, 82.33646392822266},{2.671182632446289, 1.1284035444259644, 83.13251495361328},{2.6795806884765625, -1.2447092533111572, 82.72020721435547},{0},{1},{0}},{{2261.85693, 197.939133, 626.54071, -0.0327274017, 0.00709719071, 0.99943912, -0.000200634546, 0.999974728, -0.00710756425, -0.999464273, -0.000433134119, -0.0327251516},{2.6956775188446045, 0.3793601989746094, 84.06097412109375},{2.7952020168304443, -0.36283233761787415, 84.42822265625},{2.734145402908325, 1.1970463991165161, 84.18257141113281},{2.6042368412017822, -1.2713981866836548, 87.26425170898438},{0},{1},{0}},{{2253.22021, 197.922943, 626.824219, -0.0328788646, 0.00454822369, 0.999449015, -0.000586291135, 0.99998939, -0.00456997007, -0.999459147, -0.000736223476, -0.0328758508},{2.8268096446990967, 0.42325010895729065, 86.544921875},{2.8454902172088623, -0.5249953866004944, 85.58470916748047},{2.7937843799591064, 1.2951774597167969, 85.56928253173828},{2.858611583709717, -1.168705940246582, 85.87531280517578},{0},{1},{0}},{{2243.479, 197.924606, 627.145508, -0.0327985995, 0.0027087843, 0.999458313, 0.00017361404, 0.999996305, -0.00270454516, -0.999461949, 8.48146883e-05, -0.0327989496},{2.8500075340270996, 0.6145496964454651, 86.86380004882812},{2.8947174549102783, -0.45980700850486755, 87.89015197753906},{2.828756332397461, 1.1614618301391602, 87.10476684570312},{2.8710639476776123, -1.229661464691162, 86.82489776611328},{0},{1},{0}},{{2233.59375, 197.930389, 627.471313, -0.0329583511, 0.00340193976, 0.999450922, -0.000262263959, 0.999994159, -0.00341243716, -0.999456704, -0.000374588271, -0.032957267},{2.928490161895752, 0.40433356165885925, 89.11605834960938},{2.9288835525512695, -0.570145845413208, 88.15935516357422},{2.877774715423584, 1.231095552444458, 88.09847259521484},{2.955016851425171, -1.1437058448791504, 88.39745330810547},{0},{1},{0}},{{2222.55542, 197.933167, 627.83606, -0.032850869, 0.00436348235, 0.999450743, -8.98662838e-05, 0.999990463, -0.00436879229, -0.99946028, -0.000233335551, -0.0328501649},{2.892601251602173, 0.5495859980583191, 89.43431854248047},{2.970639944076538, -0.5351002812385559, 89.85624694824219},{2.9190752506256104, 1.226586937904358, 89.52079010009766},{2.779973268508911, -1.3020594120025635, 91.81246948242188},{0},{1},{0}},{{2212.89551, 197.929749, 628.143188, -0.0312297251, 0.00496354746, 0.999499917, 0.00246867957, 0.99998498, -0.00488882139, -0.999509156, 0.0023147685, -0.0312415101},{2.1223340034484863, 0.18885645270347595, 90.75227355957031},{2.1958630084991455, -0.948202908039093, 90.44556427001953},{3.2690138816833496, 1.1161093711853027, 93.04019165039062},{2.924076795578003, -1.5408039093017578, 90.4166030883789},{1},{1},{0}},{{2203.12915, 197.954071, 628.339111, -0.0165745355, 0.00501524284, 0.999850035, 0.0200128388, 0.999788761, -0.00468318211, -0.99966234, 0.019932216, -0.0166714042},{-1.3861404657363892, -0.6908664107322693, 91.10364532470703},{-0.7067093253135681, -1.9236359596252441, 91.06607818603516},{1.7481884956359863, -0.24730131030082703, 92.18397521972656},{1.748254418373108, -2.8339340686798096, 91.3515625},{0},{1},{0}},{{2193.23633, 197.952988, 628.389832, -0.00462147919, 0.00454447698, 0.999979019, 0.0233786497, 0.999716818, -0.00443523936, -0.999715984, 0.0233576614, -0.00472641457},{-1.5730648040771484, -0.8242663741111755, 94.2635726928711},{-1.4105839729309082, -1.780439019203186, 93.94376373291016},{0.3991018831729889, -0.4820302128791809, 93.21955871582031},{0.3960753083229065, -3.1653316020965576, 92.6869125366211},{0},{1},{0}},{{2181.08057, 197.948547, 628.324524, 0.00492106611, 0.00591096049, 0.999970436, 0.00728876377, 0.999955773, -0.0059467433, -0.999961317, 0.00731781265, 0.00487776473},{-1.010003924369812, -0.0057320790365338326, 94.5248794555664},{-0.9318729043006897, -0.9665229916572571, 94.21707153320312},{-0.5981707572937012, 0.6686581373214722, 94.52079010009766},{-0.5563472509384155, -1.9350756406784058, 94.28436279296875},{0},{1},{0}},{{2170.35449, 197.924072, 628.237732, 0.0067689931, 0.00685633253, 0.999953568, -0.0045955563, 0.999966145, -0.00682530971, -0.999966502, -0.00454914244, 0.0068002725},{-0.787483811378479, 0.8551510572433472, 95.68289184570312},{-0.7726963758468628, -0.18793022632598877, 95.59302520751953},{-0.6918064951896667, 1.7411868572235107, 95.64369201660156},{-0.7108569145202637, -1.1309250593185425, 95.58802795410156},{0},{1},{0}},{{2159.49121, 197.948059, 628.138123, 0.0106817205, 0.00655688439, 0.999921441, 0.00129870721, 0.999977589, -0.0065711257, -0.999942124, 0.0013687961, 0.010672966},{-2.4102890491485596, 0.16502943634986877, 97.00193786621094},{-1.937308669090271, -0.598793625831604, 96.69605255126953},{-0.8140340447425842, 1.1565685272216797, 97.1530532836914},{-0.803648829460144, -1.395223617553711, 97.092041015625},{1},{1},{0}},{{2147.40674, 197.960022, 627.854675, 0.0281928312, 0.00229592691, 0.999599874, 0.0267917719, 0.999636352, -0.00305164885, -0.999243379, 0.0268670861, 0.0281210672},{-4.599194049835205, -1.3292274475097656, 100.12977600097656},{-3.798919916152954, -2.4492175579071045, 97.65695190429688},{-2.557544469833374, -0.7935369610786438, 98.4807357788086},{-2.5287985801696777, -3.4885737895965576, 97.68021392822266},{0},{1},{0}},{{2136.271, 197.957199, 627.42981, 0.037774168, 0.00244482839, 0.999283314, 0.0224738922, 0.999741971, -0.00329549215, -0.99903357, 0.0225822702, 0.0377094783},{-4.337826728820801, -1.0291070938110352, 99.50553894042969},{-4.215632915496826, -2.4298648834228516, 99.18937683105469},{-3.9980602264404297, -0.49953529238700867, 99.406982421875},{-3.960334062576294, -3.2148404121398926, 99.27536010742188},{0},{1},{0}},{{2124.9873, 197.933182, 626.952515, 0.0393753164, 0.00741572957, 0.999196947, -0.00515528303, 0.999960661, -0.00721824309, -0.999211192, -0.00486692227, 0.0394119993},{-4.228109359741211, 0.8182312250137329, 100.65421295166016},{-4.2050981521606445, -0.12517963349819183, 100.48918914794922},{-4.153933048248291, 1.763776183128357, 100.52629089355469},{-4.175529479980469, -1.1440725326538086, 100.49830627441406},{0},{1},{0}},{{2113.56592, 197.938522, 626.492249, 0.0395281836, 0.00776452851, 0.999188304, -0.0126828235, 0.999893129, -0.00726827001, -0.999137938, -0.0123852268, 0.0396224372},{-4.098832130432129, 1.294351577758789, 102.48101043701172},{-3.986665725708008, 0.6858789324760437, 101.66075134277344},{-4.001110076904297, 2.3788347244262695, 101.71368408203125},{-3.956667184829712, -0.30163657665252686, 102.03165435791016},{0},{1},{0}},{{2102.59229, 197.916382, 626.067749, 0.0399661809, 0.00466259103, 0.999190152, -0.00158306782, 0.999988139, -0.0046029943, -0.999199808, -0.0013978217, 0.0399730876},{-4.352254867553711, 0.7345128059387207, 102.8905029296875},{-4.30451774597168, -0.7165652513504028, 102.8095703125},{-3.9470582008361816, 1.7040460109710693, 102.97359466552734},{-3.9404280185699463, -1.3992124795913696, 102.79898071289062},{1},{1},{0}},{{2089.74829, 197.959869, 625.460693, 0.0522019528, 0.00347891939, 0.998630464, 0.0226849969, 0.999731779, -0.00466858083, -0.998378873, 0.0228976384, 0.0521090291},{-7.908595561981201, -0.9616022109985352, 102.65362548828125},{-7.622133731842041, -2.32688045501709, 103.96143341064453},{-5.261449337005615, -0.448596715927124, 104.45814514160156},{-5.2165093421936035, -3.3533713817596436, 103.83806610107422},{0},{1},{0}},{{2075.02637, 197.953339, 624.551575, 0.0624486618, -0.000505119271, 0.998048067, 0.0174673274, 0.999847233, -0.000586914713, -0.9978953, 0.0174698848, 0.0624479465},{-7.929970741271973, -0.5312727093696594, 105.13027954101562},{-7.498008728027344, -1.9627281427383423, 104.71955108642578},{-6.672452449798584, -0.3100399076938629, 104.97378540039062},{-6.679945468902588, -2.888723373413086, 104.18617248535156},{0},{0.05},{0}},{{2060.93042, 197.949402, 623.555298, 0.0699304342, -0.0035831565, 0.997545421, 0.000216647983, 0.999993563, 0.00357676274, -0.997551858, -3.40083789e-05, 0.0699307621},{-7.576595306396484, 0.8301134705543518, 104.00668334960938},{-7.532552719116211, -0.8855459094047546, 103.87206268310547},{-7.4307637214660645, 0.949600875377655, 103.98391723632812},{-7.381131172180176, -1.1220401525497437, 103.91943359375},{0},{0.05},{0}},{{2047.45789, 197.931564, 622.593384, 0.0706782639, -0.00170413905, 0.997497737, -0.00631268974, 0.999977767, 0.00215566508, -0.9974792, -0.00644925237, 0.0706659332},{-7.336507797241211, 1.393673300743103, 103.6393051147461},{-7.353769779205322, -0.37686699628829956, 103.6461181640625},{-7.32973051071167, 1.6794829368591309, 103.59933471679688},{-7.323802471160889, -0.6595840454101562, 103.5858154296875},{0},{0.05},{0}},{{2032.82434, 197.948013, 621.562622, 0.0707712322, 0.00131179788, 0.997491717, 9.27899237e-05, 0.999999106, -0.00132167875, -0.997492552, 0.00018609401, 0.070771046},{-7.325085639953613, 0.6743226051330566, 104.00062561035156},{-7.339669227600098, -0.6703492403030396, 104.03250122070312},{-7.341032981872559, 1.2337201833724976, 103.97516632080078},{-7.312554836273193, -1.2074675559997559, 103.97279357910156},{0},{0.6811140581965447},{0}},{{2019.24426, 197.946991, 620.601807, 0.0708331764, 0.00559703354, 0.997472465, 0.002797778, 0.999979198, -0.00580977695, -0.997484267, 0.0032022316, 0.07081604},{-7.484316349029541, 0.27542731165885925, 105.24671936035156},{-7.477154731750488, -0.7455500364303589, 105.23995971679688},{-7.483846187591553, 1.1977813243865967, 105.23068237304688},{-7.47046422958374, -1.6618980169296265, 105.22024536132812},{0},{1},{0}},{{2008.49817, 197.941956, 619.836487, 0.0708579943, 0.00608197972, 0.997467875, 0.00114120881, 0.999980271, -0.00617836742, -0.997485757, 0.00157610583, 0.0708496571},{-7.580139636993408, 0.41243496537208557, 106.27278900146484},{-7.559279918670654, -0.6242719292640686, 106.25935363769531},{-7.560096740722656, 1.3850512504577637, 106.2607421875},{-7.576190948486328, -1.5929003953933716, 106.25447845458984},{0},{1},{0}},{{1994.60938, 197.939362, 618.848389, 0.0708728582, 0.00566775817, 0.997469246, -0.000145282902, 0.999983907, -0.00567172375, -0.99748534, 0.000257056032, 0.0708725378},{-7.6560378074646, 0.5797480344772339, 107.6536865234375},{-7.641035556793213, -0.5519981980323792, 107.63951873779297},{-7.682104587554932, 1.4654933214187622, 108.20746612548828},{-7.6367082595825195, -1.4886122941970825, 107.61734771728516},{0},{1},{0}},{{1982.99597, 197.945282, 618.031616, 0.0697917789, 0.00545048062, 0.997546673, -0.000519704714, 0.999985158, -0.00542744389, -0.997561455, -0.000139638709, 0.0697935745},{-7.180655002593994, 0.6774548888206482, 108.79320526123047},{-7.0402326583862305, -0.2850554585456848, 108.79712677001953},{-7.775146007537842, 1.4106954336166382, 109.23902130126953},{-7.656836032867432, -1.357954502105713, 108.90046691894531},{-1},{1},{0}},{{1969.99854, 197.897202, 617.256714, 0.0539545454, 0.00539797265, 0.998528779, -0.0194463097, 0.999801397, -0.0043540895, -0.998354018, -0.019182777, 0.0540488027},{-3.3991401195526123, 2.401439905166626, 109.4076919555664},{-2.5406503677368164, 1.2577327489852905, 111.96743774414062},{-6.210641860961914, 3.3972458839416504, 109.56986999511719},{-6.6759185791015625, 0.1459074467420578, 112.66769409179688},{-1},{1},{0}},{{1957.48035, 197.885864, 616.72821, 0.0392624065, 0.00606080284, 0.999210536, -0.0305908546, 0.999520183, -0.00486066146, -0.998760581, -0.0303758644, 0.0394289717},{-2.0154337882995605, 2.9808218479156494, 110.42141723632812},{-1.4058548212051392, 1.631393313407898, 113.43942260742188},{-4.4040117263793945, 4.427896022796631, 110.96831512451172},{-4.440671920776367, 1.1283756494522095, 111.6078872680664},{0},{1},{0}},{{1943.56042, 197.922943, 616.316101, 0.0296794269, 0.00672522513, 0.999536872, -0.0136170257, 0.999887288, -0.00632325001, -0.999466717, -0.0134230489, 0.0297676586},{-2.329378366470337, 1.8208861351013184, 112.50572204589844},{-1.7276729345321655, 0.8363759517669678, 113.7715835571289},{-3.206747531890869, 2.8569066524505615, 113.02013397216797},{-3.184788942337036, -0.22384709119796753, 112.75550079345703},{-1},{1},{0}},{{1927.547, 197.91452, 616.019714, 0.0147034358, 0.00452980492, 0.999881625, -0.00757747795, 0.999961555, -0.00441873865, -0.999863207, -0.00751161063, 0.0147371944},{1.685909628868103, 1.038782000541687, 115.99810791015625},{2.6163346767425537, -0.4204723834991455, 112.13599395751953},{-1.8971196413040161, 2.458807945251465, 113.5920639038086},{-1.904141902923584, -0.8649735450744629, 114.47357177734375},{-1},{1},{0}},{{1915.2384, 197.887238, 615.991943, -0.00171595137, 0.00377408159, 0.999991417, -0.0269316062, 0.999629974, -0.00381893106, -0.999635816, -0.0269379281, -0.00161367445},{2.5501134395599365, 2.6636393070220947, 114.16389465332031},{3.3180670738220215, 1.2580426931381226, 117.60913848876953},{-0.03402438014745712, 4.188230037689209, 114.67789459228516},{-0.026210324838757515, 0.9923740029335022, 116.44508361816406},{0},{1},{0}},{{1902.16711, 197.906876, 616.130188, -0.0111395121, 0.00477901241, 0.999926507, -0.0238762293, 0.999702215, -0.00504392898, -0.999652863, -0.0239306614, -0.01102209},{2.1064956188201904, 2.6140682697296143, 116.95073699951172},{2.3119442462921143, 1.3412078619003296, 116.77045440673828},{1.4246693849563599, 3.9241459369659424, 115.99806213378906},{1.1460888385772705, 0.6622650623321533, 118.5638198852539},{0},{1},{0}},{{1887.65015, 197.933121, 616.377625, -0.0154200494, 0.00593217835, 0.999863505, -0.000112097638, 0.999982357, -0.00593461236, -0.999881089, -0.000203594362, -0.0154191125},{2.0761189460754395, 0.6963184475898743, 117.30931091308594},{2.1370208263397217, -0.5992924571037292, 117.50497436523438},{1.9830089807510376, 1.8006013631820679, 117.39092254638672},{2.0080270767211914, -1.5681474208831787, 117.45684051513672},{0},{1},{0}},{{1873.65955, 197.943039, 616.61261, -0.0159207135, 0.00620666659, 0.999853969, 0.01010668, 0.99993062, -0.00604621321, -0.999822199, 0.0100089451, -0.0159823373},{1.897750735282898, -0.2555277645587921, 118.56488800048828},{1.9008007049560547, -1.6155128479003906, 118.57305145263672},{2.215033531188965, 0.8351495862007141, 120.73484802246094},{1.8599834442138672, -2.663612127304077, 118.56217956542969},{0},{1},{0}},{{1860.26599, 197.946518, 616.82135, -0.0160980355, 0.00206943066, 0.999868274, 0.00374308298, 0.999991, -0.00200942042, -0.999863386, 0.00371024222, -0.016105637},{1.76536226272583, 0.3738899827003479, 118.49146270751953},{1.824109673500061, -1.13260018825531, 118.38613891601562},{1.8445261716842651, 1.0908962488174438, 118.48328399658203},{1.7996587753295898, -1.8792916536331177, 118.45040893554688},{0},{0.05},{0}},{{1847.57886, 197.932327, 617.016663, -0.0160956122, -0.00308450102, 0.999865711, -0.00374856452, 0.999988377, 0.00302453595, -0.999863446, -0.00369937927, -0.0161069892},{1.8527108430862427, 1.3837988376617432, 118.17108154296875},{1.855573296546936, -0.741263210773468, 118.13609313964844},{1.868138074874878, 1.6442880630493164, 118.1163558959961},{1.8605451583862305, -1.0015112161636353, 118.11759185791016},{0},{0.05},{0}},{{1834.26172, 197.937622, 617.230835, -0.0160692111, -0.00168986793, 0.999869466, -0.0034086227, 0.999992847, 0.00163529546, -0.999865055, -0.00338189979, -0.0160748567},{1.9331477880477905, 1.2746517658233643, 117.8104019165039},{1.9140136241912842, -0.6454726457595825, 117.83187103271484},{1.9177848100662231, 1.648870587348938, 117.75708770751953},{1.9315314292907715, -1.000211238861084, 117.75421142578125},{0},{0.05},{0}},{{1818.34021, 197.947037, 617.492004, -0.0160823688, 4.19807111e-05, 0.999870658, 0.00098480517, 0.999999523, -2.61460718e-05, -0.999870181, 0.00098425732, -0.0160824023},{1.9055027961730957, 0.7406260371208191, 117.29434204101562},{1.9149837493896484, -0.916843056678772, 117.3115005493164},{1.909011721611023, 1.2716281414031982, 117.26293182373047},{1.9077016115188599, -1.4300577640533447, 117.26158142089844},{0},{0.05},{0}},{{1807.08313, 197.955353, 617.673218, -0.0160436779, 0.000592231692, 0.999871135, 0.000886022055, 0.999999464, -0.00057809084, -0.999870896, 0.000876633159, -0.0160441939},{1.8539419174194336, 0.6162900328636169, 117.9225082397461},{1.9078385829925537, -0.8068470358848572, 117.36920928955078},{2.109339475631714, 1.2484848499298096, 118.37488555908203},{1.9093784093856812, -1.363663911819458, 117.39678192138672},{0},{0.5418774925172329},{0}},{{1794.45154, 197.933289, 617.873047, -0.0156503711, 0.00374536403, 0.999870539, 0.00128736196, 0.999992251, -0.00372566981, -0.999876678, 0.00122888712, -0.0156550705},{1.5563912391662598, 0.5366372466087341, 118.2741470336914},{1.5781915187835693, -1.012220859527588, 118.1517105102539},{1.8727298974990845, 1.481113314628601, 118.26040649414062},{1.9081522226333618, -1.756518006324768, 118.11625671386719},{1},{0.9795856058597565},{0}},{{1783.07336, 197.957397, 617.989441, -0.00707915332, 0.00620192476, 0.999955714, 0.0132117216, 0.999894083, -0.00610801065, -0.999887645, 0.0131678972, -0.00716034137},{-1.2940922975540161, -0.7994965314865112, 118.94169616699219},{-0.8614954352378845, -1.7964611053466797, 120.40064239501953},{1.065346598625183, 0.36104297637939453, 119.44889831542969},{1.0931929349899292, -2.9043779373168945, 118.77604675292969},{1},{1},{0}},{{1770.94116, 197.955078, 617.98175, 0.00376796187, 0.00484491978, 0.999981165, 0.0267242286, 0.99963063, -0.0049439189, -0.999635756, 0.026742354, 0.00363709335},{-5.499488353729248, -1.1411248445510864, 117.66365814208984},{-5.352585792541504, -2.566927909851074, 121.568603515625},{-0.2522624433040619, -1.0127376317977905, 121.25225830078125},{-0.22138819098472595, -4.371575832366943, 119.46232604980469},{0},{1},{0}},{{1758.06616, 197.970825, 617.753784, 0.0221782625, 0.00174682541, 0.999752522, 0.038321007, 0.999262094, -0.00259607239, -0.999019325, 0.0383691005, 0.0220949557},{-7.054289817810059, -2.438565731048584, 123.98914337158203},{-7.018343448638916, -3.668674945831299, 120.26907348632812},{-2.5002803802490234, -2.0996196269989014, 121.11153411865234},{-2.496424913406372, -5.434026718139648, 120.07210540771484},{0},{1},{0}},{{1746.47778, 197.967957, 617.350159, 0.035481181, 0.00107795757, 0.99936974, 0.0330545604, 0.999451041, -0.00225159968, -0.998823524, 0.0331136174, 0.0354260728},{-6.138725280761719, -2.117116928100586, 121.8023681640625},{-6.09515380859375, -3.6238949298858643, 122.03050231933594},{-4.49747896194458, -1.8660969734191895, 122.46913146972656},{-4.410192489624023, -4.9489922523498535, 120.984375},{0},{1},{0}},{{1734.12219, 197.956177, 616.814941, 0.0415829048, 0.00436270935, 0.99912554, 0.0100148963, 0.999938428, -0.00478307158, -0.99908489, 0.0102050323, 0.0415366516},{-5.949545383453369, -0.5312839150428772, 122.21024322509766},{-5.951482772827148, -1.6030805110931396, 123.01569366455078},{-5.327271938323975, 0.4543464779853821, 122.1836929321289},{-5.250251293182373, -2.7319817543029785, 121.86641693115234},{1},{1},{0}},{{1719.6239, 197.935394, 616.065613, 0.0553925857, 0.00472499337, 0.998453498, 0.00661231345, 0.999965131, -0.00509898784, -0.998442769, 0.00688453345, 0.055359412},{-8.119321823120117, 0.28660422563552856, 123.18632507324219},{-7.938401222229004, -1.2618430852890015, 122.27118682861328},{-6.539458274841309, 1.025046467781067, 123.3631591796875},{-6.451601505279541, -2.5370147228240967, 122.30162048339844},{0},{1},{0}},{{1707.81604, 197.953522, 615.322571, 0.0642732978, 0.00287147774, 0.997928202, 0.0172885023, 0.999842584, -0.00399048207, -0.997782588, 0.0175091662, 0.0642135367},{-8.26087474822998, -0.8147540092468262, 123.4919662475586},{-8.20737075805664, -2.366593360900879, 123.39214324951172},{-7.947416305541992, 0.009295294061303139, 123.55882263183594},{-7.935473442077637, -3.369448184967041, 123.70845794677734},{0},{1},{0}},{{1695.23132, 197.93869, 614.483276, 0.0658027679, 0.00346394815, 0.997826636, 0.00861919578, 0.9999547, -0.00403973786, -0.997795403, 0.00886628963, 0.0657699257},{-8.353039741516113, 0.06858544796705246, 124.33976745605469},{-8.345101356506348, -1.602687120437622, 124.21392822265625},{-8.326981544494629, 0.8551197052001953, 124.2628173828125},{-8.342730522155762, -2.6758506298065186, 124.23125457763672},{-1},{1},{0}},{{1682.55713, 197.930832, 613.662415, 0.0609714203, 0.00582407229, 0.998122513, -0.0123037621, 0.999911368, -0.00508292112, -0.998063684, -0.0119707491, 0.0610376745},{-6.513671398162842, 1.7459999322891235, 126.12577056884766},{-6.135381698608398, 0.6710583567619324, 125.33238220214844},{-7.957542896270752, 2.8530771732330322, 124.70098114013672},{-7.981145858764648, -0.434444397687912, 125.36624908447266},{-1},{1},{0}},{{1666.23376, 197.888718, 612.821533, 0.0467348211, 0.00550301187, 0.998892188, -0.0322171897, 0.999472916, -0.00399887655, -0.998387635, -0.031994611, 0.0468874797},{-1.1879448890686035, 3.385782480239868, 127.51749420166016},{-1.072926640510559, 2.5078768730163574, 129.53207397460938},{-6.048643112182617, 5.0463361740112305, 125.65834045410156},{-6.067378997802734, 1.4933093786239624, 126.45039367675781},{0},{1},{0}},{{1652.64746, 197.884399, 612.359985, 0.0304632373, 0.00449892273, 0.999525785, -0.0343609303, 0.999403536, -0.00345113082, -0.998945117, -0.0342395008, 0.0305996537},{-0.34807053208351135, 3.7386529445648193, 125.14048767089844},{-0.542421281337738, 1.8697168827056885, 126.37027740478516},{-3.925204277038574, 5.3780717849731445, 126.4153060913086},{-3.971835136413574, 1.7896970510482788, 127.3242416381836},{0},{1},{0}},{{1637.53247, 197.91571, 612.067566, 0.0187504329, 0.0042252345, 0.999815285, -0.0190589223, 0.999810874, -0.00386778684, -0.999642551, -0.018982878, 0.018827416},{-1.4511194229125977, 2.55609393119812, 127.53458404541016},{-1.54869544506073, 1.2540173530578613, 129.7425079345703},{-2.3044304847717285, 3.748093843460083, 128.0439910888672},{-2.2888991832733154, 0.38879111409187317, 128.13339233398438},{0},{1},{0}},{{1622.31128, 197.933517, 611.891479, 0.010254317, 0.00472059054, 0.999936283, -0.00339381234, 0.999983251, -0.00468600914, -0.999941647, -0.00334554422, 0.0102701662},{-0.07059542834758759, 1.1894997358322144, 128.29037475585938},{0.09119129925966263, -0.1439705342054367, 130.43389892578125},{-1.4854464530944824, 2.233827590942383, 128.28814697265625},{-1.4530830383300781, -1.2878798246383667, 129.1398162841797},{-1},{1},{0}},{{1607.71228, 197.896347, 611.906372, -0.00595482159, 0.00330224517, 0.999976814, -0.0207982641, 0.999777853, -0.00342544075, -0.999765933, -0.0208181795, -0.0058848178},{4.127728462219238, 3.038672685623169, 127.84048461914062},{5.093382358551025, 0.8191381692886353, 127.31120300292969},{0.7020033001899719, 4.0906267166137695, 130.8190155029297},{0.4796391725540161, 0.3139939606189728, 130.0350799560547},{-1},{1},{0}},{{1592.28857, 197.877609, 612.208801, -0.0270144101, 0.00222971221, 0.999632537, -0.0419474244, 0.999114156, -0.00336215738, -0.998754561, -0.0420228392, -0.026896948},{12.395279884338379, 4.533555507659912, 129.33526611328125},{13.93551254272461, 3.0457096099853516, 130.7153778076172},{3.177488327026367, 6.227847576141357, 129.5370330810547},{3.1724655628204346, 2.6107234954833984, 130.89915466308594},{-1},{1},{0}},{{1572.35413, 197.884277, 613.2453, -0.0648975596, -0.000510381302, 0.997891784, -0.0545257516, 0.998507738, -0.00303536747, -0.996401131, -0.0546077862, -0.0648285449},{21.1061706542