return {{{2458.65039, 198.046341, 604.779114, -0.146589398, 0.00774624757, 0.989167094, -0.00240147114, 0.999963582, -0.0081866812, -0.989194512, -0.00357553689, -0.146565452},{0.41207998991012573, 0.053176190704107285, 2.8312032222747803},{0.4250633716583252, -0.034678246825933456, 2.8507561683654785},{0.4010148346424103, 0.09236013144254684, 2.694321393966675},{0.3921176791191101, -0.08768006414175034, 2.6969034671783447},{0},{1},{0}},{{2458.37695, 198.045654, 604.819031, -0.146564528, 0.00731967343, 0.989174008, -0.00290648174, 0.999965131, -0.00783017464, -0.989196837, -0.00402264204, -0.146538138},{0.5450354218482971, 0.06955970078706741, 3.7186520099639893},{0.5545060038566589, -0.045759741216897964, 3.7468252182006836},{0.5263156890869141, 0.12087862938642502, 3.545203685760498},{0.5194184184074402, -0.11373245716094971, 3.545562505722046},{0},{1},{0}},{{2457.87598, 198.044312, 604.89325, -0.146515951, 0.00706271082, 0.989183068, -0.00285517098, 0.999967337, -0.00756261218, -0.989204168, -0.00393233029, -0.146491006},{0.7196728587150574, 0.09601251035928726, 4.849617004394531},{0.7381619215011597, -0.062385521829128265, 4.900629997253418},{0.6863208413124084, 0.1600298285484314, 4.637654781341553},{0.6886000633239746, -0.14678862690925598, 4.6447434425354},{0},{1},{0}},{{2457.31396, 198.043869, 604.97699, -0.146519288, 0.00702060899, 0.989182889, -0.00256960839, 0.999968767, -0.00747777428, -0.989204466, -0.00363745075, -0.146496668},{0.8623690605163574, 0.11338485032320023, 5.8136115074157715},{0.8729020357131958, -0.07492567598819733, 5.868680000305176},{0.8238672018051147, 0.19009830057621002, 5.557637691497803},{0.8235095143318176, -0.1783379763364792, 5.559441089630127},{0},{1},{0}},{{2456.72729, 198.043655, 605.063904, -0.146532834, 0.00699583115, 0.989181042, -0.00256140763, 0.999968946, -0.00745156221, -0.989202499, -0.00362559455, -0.146510363},{0.9824398159980774, 0.12905730307102203, 6.644187927246094},{0.9951029419898987, -0.08563094586133957, 6.701462268829346},{0.9404769539833069, 0.21695303916931152, 6.350990295410156},{0.939762532711029, -0.2043960988521576, 6.351272106170654},{0},{1},{0}},{{2455.93604, 198.043365, 605.181335, -0.146550491, 0.0070863911, 0.989177823, -0.00248373603, 0.999968529, -0.00753166992, -0.989200056, -0.00356062641, -0.146528274},{1.1321384906768799, 0.14745067059993744, 7.645481109619141},{1.1461211442947388, -0.09947808086872101, 7.711752414703369},{1.0823332071304321, 0.2508281171321869, 7.309136390686035},{1.0834983587265015, -0.2364719659090042, 7.309271335601807},{0},{1},{0}},{{2455.03247, 198.043076, 605.315613, -0.146575972, 0.00720868586, 0.989173174, -0.00232712086, 0.999968171, -0.00763218896, -0.989196658, -0.00342062092, -0.14655453},{1.2879613637924194, 0.16586342453956604, 8.693791389465332},{1.3034653663635254, -0.11329519748687744, 8.766988754272461},{1.2306976318359375, 0.28640925884246826, 8.310286521911621},{1.2319495677947998, -0.27093854546546936, 8.311103820800781},{0},{1},{0}},{{2454.06323, 198.043121, 605.459351, -0.146605343, 0.0073861191, 0.989167511, -0.00225704582, 0.999967039, -0.00780127756, -0.989192486, -0.00337630534, -0.14658384},{1.4462997913360596, 0.1831192970275879, 9.750879287719727},{1.4595857858657837, -0.12387727200984955, 9.830609321594238},{1.3799604177474976, 0.32282358407974243, 9.317377090454102},{1.3807529211044312, -0.3057554066181183, 9.318464279174805},{0},{1},{0}},{{2453.09912, 198.043213, 605.602478, -0.146638632, 0.00760418037, 0.989160895, -0.00225521065, 0.99996531, -0.00802156422, -0.989187539, -0.00340703712, -0.146616384},{1.5953222513198853, 0.19731737673282623, 10.755127906799316},{1.6103029251098633, -0.13479407131671906, 10.840242385864258},{1.5214606523513794, 0.35833877325057983, 10.275764465332031},{1.5235764980316162, -0.33946552872657776, 10.276808738708496},{0},{1},{0}},{{2452.10327, 198.043365, 605.750183, -0.146671176, 0.0078463871, 0.98915416, -0.00225114147, 0.999963284, -0.00826592743, -0.98918277, -0.0034390993, -0.146648124},{1.744832992553711, 0.2119046300649643, 11.762938499450684},{1.7613515853881836, -0.1461932510137558, 11.852181434631348},{1.6642189025878906, 0.39463722705841064, 11.236536979675293},{1.666473627090454, -0.37406960129737854, 11.237512588500977},{0},{1},{0}},{{2450.79932, 198.048737, 605.944214, -0.14674978, 0.00839688722, 0.989138007, -0.0020193588, 0.99995935, -0.00878834538, -0.989171565, -0.00328711234, -0.146726862},{1.9425666332244873, 0.22009220719337463, 13.04753303527832},{1.9495679140090942, -0.16586919128894806, 13.120412826538086},{1.8492865562438965, 0.4435001313686371, 12.454319953918457},{1.851301908493042, -0.4228002429008484, 12.454890251159668},{0},{1},{0}},{{2449.35742, 198.05722, 606.158447, -0.146998838, 0.00817674678, 0.98910284, -0.00178757415, 0.999962032, -0.00853218418, -0.989135027, -0.00302231591, -0.146978632},{2.106851816177368, 0.22050616145133972, 14.252564430236816},{2.1199045181274414, -0.1870116889476776, 14.255837440490723},{2.0891976356506348, 0.5479300618171692, 13.40151309967041},{2.1840407848358154, -0.5216709971427917, 13.456128120422363},{0},{1},{0}},{{2447.86621, 198.074783, 606.379211, -0.147086069, 0.00523799052, 0.989109814, -0.00265375758, 0.999980271, -0.00569018489, -0.989120126, -0.00346180447, -0.14706926},{2.3301610946655273, 0.24004220962524414, 15.69471549987793},{2.3271000385284424, -0.1951638013124466, 15.718153953552246},{2.2088825702667236, 0.5180756449699402, 14.767614364624023},{2.1863198280334473, -0.44919848442077637, 14.85598373413086},{0},{1},{0}},{{2446.12476, 198.072159, 606.638794, -0.14712134, 0.00772480993, 0.989088297, -0.00216169353, 0.999964595, -0.00813129358, -0.989116073, -0.00333439256, -0.147099435},{2.5999186038970947, 0.2518962025642395, 17.4013671875},{2.5979998111724854, -0.20808131992816925, 17.419734954833984},{2.391245126724243, 0.6263121962547302, 16.399051666259766},{2.501690149307251, -0.5529585480690002, 16.4586181640625},{0},{1},{0}},{{2444.50928, 198.073364, 606.879333, -0.147185609, 0.00940621644, 0.989064157, -0.00182922836, 0.999950469, -0.0097819604, -0.989107192, -0.00324898795, -0.147161126},{2.838182210922241, 0.24551139771938324, 19.020883560180664},{2.8296687602996826, -0.21335738897323608, 19.028932571411133},{2.669497489929199, 0.7179836630821228, 17.929933547973633},{2.6745333671569824, -0.6451436877250671, 18.030113220214844},{0},{1},{0}},{{2442.73804, 198.080032, 607.142578, -0.147259966, 0.00972186122, 0.989050031, -0.00229506986, 0.999945641, -0.010170674, -0.989095151, -0.00376767199, -0.147229657},{3.1047470569610596, 0.24955491721630096, 20.85853385925293},{3.1048357486724854, -0.20662733912467957, 20.86009407043457},{2.9340403079986572, 0.7759237885475159, 19.675397872924805},{2.9304404258728027, -0.690168559551239, 19.78533172607422},{0},{1},{0}},{{2440.66187, 198.082413, 607.452271, -0.147416085, 0.0106013184, 0.989017725, -0.00268424302, 0.999934614, -0.0111184306, -0.989070952, -0.0042937994, -0.147377983},{3.4019412994384766, 0.2546001672744751, 23.07169532775879},{3.416961908340454, -0.2115059643983841, 23.039806365966797},{3.242138147354126, 0.8673362135887146, 21.804988861083984},{3.2705845832824707, -0.7814025282859802, 21.87295150756836},{0},{1},{0}},{{2438.08789, 198.085083, 607.837158, -0.147439122, 0.0119433245, 0.988999009, -0.000886401918, 0.999925077, -0.0122074131, -0.989070714, -0.00267650094, -0.147417501},{5.174531936645508, 0.35796058177948, 34.93317794799805},{5.2901811599731445, -0.3367270529270172, 35.40793228149414},{3.6032192707061768, 0.9375151991844177, 24.33222770690918},{3.647291421890259, -0.9153386950492859, 24.32767677307129},{0},{1},{0}},{{2435.72388, 198.080902, 608.192322, -0.147914633, 0.0112573653, 0.988936067, -0.000551578705, 0.999934137, -0.0114650596, -0.988999963, -0.00224132603, -0.147898674},{4.06014347076416, 0.14700664579868317, 27.18366050720215},{4.09197473526001, -0.1806969791650772, 27.1439151763916},{3.9082765579223633, 1.022234320640564, 26.11091423034668},{3.884052038192749, -0.9911206960678101, 26.171857833862305},{0},{1},{0}},{{2432.31665, 198.084808, 608.707458, -0.148838207, 0.0121240076, 0.988787234, -0.00178099819, 0.999919951, -0.0125285974, -0.988859951, -0.00362576218, -0.148804694},{7.614627361297607, 0.5727487206459045, 50.59759521484375},{7.502163887023926, -0.466586172580719, 50.29800033569336},{4.350108623504639, 1.169808030128479, 29.062013626098633},{4.375712871551514, -1.1045180559158325, 29.1192626953125},{0},{1},{0}},{{2428.71802, 198.086365, 609.251038, -0.149145842, 0.0122305686, 0.98873955, -0.00221119542, 0.999916852, -0.0127023775, -0.988812745, -0.00408080313, -0.149106413},{8.232990264892578, 0.6295700669288635, 54.93482208251953},{8.265562057495117, -0.4902860224246979, 55.27315139770508},{4.815213203430176, 1.3281440734863281, 32.13676834106445},{4.852677822113037, -1.2629035711288452, 32.150150299072266},{0},{1},{0}},{{2425.78052, 198.081314, 609.693481, -0.149131209, 0.0124992728, 0.988738418, -0.00194558094, 0.999914467, -0.0129340086, -0.988815486, -0.00385253504, -0.149094135},{7.767641544342041, 0.5832036733627319, 52.02008056640625},{7.839373588562012, -0.4593813121318817, 52.710731506347656},{5.1620354652404785, 1.422562599182129, 34.51405715942383},{5.232199668884277, -1.3605250120162964, 34.5140495300293},{0},{1},{0}},{{2422.44263, 198.092453, 610.197083, -0.14936173, 0.0118627409, 0.988711476, -0.00207195873, 0.999922097, -0.0123102525, -0.988780439, -0.00388725009, -0.149325505},{6.144115447998047, 0.45657777786254883, 42.2588996887207},{6.749516487121582, -0.6276922225952148, 44.309844970703125},{5.398597240447998, 1.2895783185958862, 36.952545166015625},{5.76978063583374, -1.2165946960449219, 37.07035827636719},{0},{1},{0}},{{2418.88159, 198.094315, 610.728149, -0.148575544, 0.0111164777, 0.988838553, -0.00128214154, 0.999933839, -0.0114338547, -0.988900244, -0.00296662212, -0.148551449},{6.431397438049316, 0.6359768509864807, 44.616641998291016},{6.560182571411133, -0.3284945487976074, 42.424713134765625},{5.8084940910339355, 1.3969796895980835, 39.18651580810547},{5.933342933654785, -1.3840909004211426, 39.06064224243164},{0},{1},{0}},{{2413.85474, 198.076447, 611.481567, -0.148491129, 0.0123721194, 0.988836348, -0.00204842212, 0.999915719, -0.0128183486, -0.988911629, -0.00392896542, -0.14845328},{6.659480571746826, 0.5942628383636475, 44.42829895019531},{6.605947971343994, -0.4726642668247223, 44.39181900024414},{6.369860649108887, 1.7942380905151367, 42.22055435180664},{6.318896770477295, -1.7348929643630981, 42.21644592285156},{0},{1},{0}},{{2409.52832, 198.090515, 612.130798, -0.148620903, 0.0107091377, 0.988836229, -0.00262971502, 0.999933541, -0.0112245642, -0.988890767, -0.00426856242, -0.148582861},{7.967161178588867, 0.5816235542297363, 53.60283660888672},{8.136152267456055, -0.4736851155757904, 54.65402603149414},{6.6408514976501465, 1.6946228742599487, 44.56324005126953},{7.024711608886719, -1.3933649063110352, 45.3297233581543},{0},{1},{0}},{{2404.11841, 198.089401, 612.941956, -0.148327082, 0.0112807229, 0.988874018, -0.00228084717, 0.999928355, -0.0117489444, -0.988935709, -0.0039981571, -0.148290724},{7.284829139709473, 0.5964589715003967, 49.83586120605469},{7.486802101135254, -0.44663357734680176, 50.088531494140625},{7.045732498168945, 1.8575818538665771, 47.368446350097656},{7.146279811859131, -1.7654005289077759, 47.337677001953125},{0},{1},{0}},{{2398.67407, 198.086578, 613.749695, -0.147325873, 0.0119183464, 0.989016175, -0.00012231819, 0.999927163, -0.0120680528, -0.989087999, -0.00189891097, -0.147313684},{8.416688919067383, 0.7043358683586121, 58.065277099609375},{8.19486141204834, -0.5363938212394714, 55.76970672607422},{7.398759365081787, 1.9223382472991943, 50.196346282958984},{6.729465961456299, -2.081242084503174, 52.45122146606445},{0},{1},{0}},{{2393.88428, 198.078842, 614.455811, -0.146555796, 0.0105372164, 0.989146292, -0.000335379184, 0.99994266, -0.0107019199, -0.989202321, -0.00190016755, -0.14654386},{7.8883490562438965, 0.7900901436805725, 54.389617919921875},{8.077227592468262, -0.6034823656082153, 54.543479919433594},{7.634751319885254, 2.019655227661133, 51.773494720458984},{6.777506351470947, -2.1364927291870117, 53.510520935058594},{0},{1},{0}},{{2388.93677, 198.079285, 615.178101, -0.145678207, 0.00933573116, 0.989287972, -0.000555544684, 0.999954522, -0.00951819681, -0.989331841, -0.0019361875, -0.145666406},{7.848685264587402, 0.5458433628082275, 56.36824035644531},{8.340658187866211, -1.3853940963745117, 57.56099319458008},{7.815103530883789, 1.999424934387207, 53.491600036621094},{8.215717315673828, -1.8127756118774414, 54.10179138183594},{1},{1},{0}},{{2383.82764, 198.082275, 615.87561, -0.138464615, 0.00974391215, 0.990319431, 0.00384840672, 0.999949336, -0.0093005849, -0.990359902, 0.00252335006, -0.138495103},{6.178853988647461, -0.0358198806643486, 63.768428802490234},{6.483327388763428, -1.0795220136642456, 58.27365493774414},{7.818765640258789, 1.8742189407348633, 55.62662887573242},{7.807061195373535, -2.3859364986419678, 54.71065902709961},{1},{1},{0}},{{2378.56201, 198.086426, 616.508118, -0.125781551, 0.0104405796, 0.992003024, 0.00808130763, 0.999922216, -0.00949925371, -0.992025018, 0.00682185125, -0.125856146},{4.431141376495361, 0.6649560332298279, 64.33574676513672},{4.349071025848389, -0.7494571208953857, 61.8548469543457},{7.375125885009766, 1.744905710220337, 57.870704650878906},{7.270071983337402, -2.5980887413024902, 56.405426025390625},{0},{1},{0}},{{2371.74951, 198.091873, 617.197083, -0.107155353, 0.00957640633, 0.994196177, 0.00741784694, 0.999933481, -0.00883216783, -0.994214594, 0.00642838096, -0.107219264},{5.106203556060791, 0.7448880672454834, 67.64550018310547},{4.488067626953125, -0.4158433675765991, 68.58882141113281},{6.490705490112305, 1.7697710990905762, 59.76701354980469},{6.401529788970947, -2.5442512035369873, 58.65209197998047},{0},{1},{0}},{{2364.67261, 198.094803, 617.825562, -0.0937933102, 0.00971532147, 0.995544314, -0.000239606539, 0.999952137, -0.0097809108, -0.99559164, -0.001155923, -0.0937864929},{6.974822044372559, 0.4973175823688507, 73.65631866455078},{5.31271505355835, -0.6203354001045227, 64.27002716064453},{5.690396308898926, 2.050614595413208, 61.613304138183594},{5.878169059753418, -2.1916332244873047, 61.32539749145508},{0},{1},{0}},{{2358.82373, 198.085373, 618.331421, -0.0887986794, 0.0102340654, 0.995997012, -0.00158377795, 0.999944508, -0.0104158288, -0.996048331, -0.0025023499, -0.0887775421},{5.52024507522583, 1.0296969413757324, 66.93067932128906},{5.668896198272705, -0.7286167740821838, 66.18183135986328},{5.578817844390869, 2.254199981689453, 63.628517150878906},{5.770559310913086, -2.365729808807373, 62.90799331665039},{0},{1},{0}},{{2352.81177, 198.07431, 618.843384, -0.0859970301, 0.0105229132, 0.996239841, 0.000114967843, 0.999944329, -0.0105521185, -0.996295393, -0.000792915293, -0.0859934539},{4.712204456329346, 0.8195661902427673, 69.73983001708984},{5.180595874786377, -1.2600841522216797, 68.08021545410156},{5.545538425445557, 2.511079788208008, 64.98180389404297},{5.994808673858643, -2.3435163497924805, 65.57081604003906},{1},{1},{0}},{{2347.03101, 198.073853, 619.285217, -0.0782283321, 0.0106179714, 0.996878922, 0.00612941245, 0.999929488, -0.0101694688, -0.996916652, 0.00531474128, -0.0782878995},{2.7564961910247803, 0.5873313546180725, 70.5613784790039},{2.7289087772369385, -1.7631384134292603, 69.87177276611328},{5.317844867706299, 2.411971092224121, 66.91119384765625},{5.561189651489258, -2.771559238433838, 66.95394134521484},{1},{1},{0}},{{2340.32324, 198.093887, 619.686462, -0.0634836406, 0.00979855284, 0.997934759, 0.0113767562, 0.999893904, -0.00909405667, -0.99791801, 0.0107759368, -0.0635883808},{-1.9158934354782104, -0.32245537638664246, 78.01111602783203},{-1.6722009181976318, -1.5459166765213013, 74.0842056274414},{4.524612903594971, 1.9138306379318237, 69.24341583251953},{4.4095139503479, -3.1463987827301025, 67.40068054199219},{1},{1},{0}},{{2334.28271, 198.098343, 619.893921, -0.0416298956, 0.00847615674, 0.999097168, 0.0157536119, 0.999845266, -0.00782608986, -0.999008894, 0.0154135888, -0.0417569838},{-5.480419635772705, 1.5964994430541992, 74.13092041015625},{-4.542557716369629, -0.8861510157585144, 75.48893737792969},{3.041471481323242, 1.7384600639343262, 70.42613983154297},{3.019993305206299, -3.31182599067688, 68.55659484863281},{0},{1},{0}},{{2327.29321, 198.110367, 619.900513, -0.00897478592, 0.00845557824, 0.999924004, 0.0175106674, 0.999812245, -0.00829746667, -0.999806404, 0.017434869, -0.00912116375},{-6.125021457672119, 1.2370508909225464, 79.78649139404297},{-4.670032501220703, -1.1134390830993652, 77.07315063476562},{0.8251089453697205, 1.5778611898422241, 72.26287078857422},{0.8601886630058289, -3.3787925243377686, 70.32288360595703},{0},{1},{0}},{{2318.85352, 198.108017, 619.658813, 0.021977853, 0.00795665849, 0.999726772, 0.00900975894, 0.99992615, -0.00815631449, -0.999717832, 0.00918655563, 0.021904543},{-4.291788578033447, 1.2557590007781982, 77.81657409667969},{-3.769054889678955, -0.6807573437690735, 76.43683624267578},{-1.5900764465332031, 1.8795998096466064, 73.87762451171875},{-1.4400027990341187, -2.9579265117645264, 72.6207046508789},{0},{1},{0}},{{2312.36182, 198.098572, 619.388184, 0.0365240201, 0.0100116516, 0.999282598, 0.00321948552, 0.999943435, -0.0101359449, -0.9993276, 0.00358738122, 0.0364897214},{-4.161352157592773, 0.8691824078559875, 78.78772735595703},{-3.1893081665039062, -0.7556857466697693, 79.42113494873047},{-1.7654544115066528, 2.5593934059143066, 78.40351104736328},{-2.5582804679870605, -2.907320737838745, 74.04692840576172},{0},{1},{0}},{{2305.28711, 198.080566, 619.075256, 0.0418450013, 0.0103082107, 0.999070942, -0.000605948851, 0.999946833, -0.0102918688, -0.999123931, -0.00017472262, 0.0418490246},{-3.84991192817688, 1.1253598928451538, 80.05107879638672},{-3.4846761226654053, -1.0411490201950073, 85.63493347167969},{-3.323679208755493, 2.8430426120758057, 76.13948059082031},{-2.895217180252075, -2.6300208568573, 76.81478881835938},{0},{1},{0}},{{2297.60718, 198.069595, 618.740906, 0.0426988266, 0.00978523958, 0.999040067, -0.0026589802, 0.999949634, -0.00968050398, -0.999084473, -0.00224308157, 0.0427226946},{-2.989097833633423, 1.6508862972259521, 81.68216705322266},{-2.281090497970581, -1.1089173555374146, 83.75910186767578},{-3.6626172065734863, 2.8356568813323975, 78.39916229248047},{-3.2794723510742188, -2.8996384143829346, 77.82542419433594},{-1},{1},{0}},{{2290.20825, 198.064056, 618.496338, 0.0333031975, 0.0103276484, 0.999391913, -0.0078847697, 0.999918222, -0.0100703398, -0.999414206, -0.0075446004, 0.0333819017},{-1.322979211807251, 1.7460243701934814, 84.21857452392578},{-0.17172563076019287, -1.417426586151123, 84.29541778564453},{-4.180319309234619, 3.5620570182800293, 78.8949203491211},{-2.802572250366211, -2.658980369567871, 79.69385528564453},{0},{1},{0}},{{2281.26001, 198.089447, 618.338318, 0.0192211028, 0.00909190439, 0.99977392, -0.00733259041, 0.999933064, -0.0089523783, -0.999788344, -0.00715885777, 0.0192864835},{-0.9433857202529907, 1.0993108749389648, 84.6569595336914},{-0.7007272243499756, -0.8861995935440063, 85.13333129882812},{-1.6588754653930664, 3.019495964050293, 80.59519958496094},{-1.4314051866531372, -2.2133095264434814, 81.65966033935547},{0},{1},{0}},{{2273.604, 198.086075, 618.23877, 0.0151883718, 0.0101614995, 0.999832988, -0.00090790377, 0.999948084, -0.0101488773, -0.999884248, -0.000753607193, 0.0151968086},{-1.4783090353012085, 0.9800891280174255, 87.82884979248047},{-0.6881421804428101, -1.3098236322402954, 88.87284851074219},{-1.2704683542251587, 3.1042592525482178, 81.89757537841797},{-1.010797381401062, -2.66985821723938, 83.14179992675781},{0},{1},{0}},{{2265.3396, 198.090744, 618.131592, 0.01356762, 0.00882977247, 0.999868989, 0.00151903043, 0.999959648, -0.00885118637, -0.999906778, 0.00163892086, 0.0135536594},{-1.311316728591919, 1.095297932624817, 87.68233489990234},{-1.008232593536377, -1.045041561126709, 88.05791473388672},{-1.4032821655273438, 2.5989294052124023, 84.0896987915039},{-2.168241024017334, -3.0835084915161133, 84.62477111816406},{0},{1},{0}},{{2257.93774, 198.076874, 618.031677, 0.0130727366, 0.00744310347, 0.99988687, -0.00030436457, 0.999972284, -0.00743976049, -0.999914527, -0.000207072109, 0.0130746402},{-1.446489930152893, 1.540603756904602, 90.40161895751953},{-0.7386935353279114, -1.0086805820465088, 89.38780975341797},{-1.2614405155181885, 3.0269505977630615, 84.50910186767578},{-1.016844630241394, -2.988898277282715, 84.52798461914062},{-1},{1},{0}},{{2249.91699, 198.056351, 617.978821, 0.00696044602, 0.00806775223, 0.999943256, -0.00663239881, 0.999945819, -0.00802160613, -0.999953806, -0.00657618837, 0.0070135775},{1.6326196193695068, 2.1090943813323975, 96.12447357177734},{1.7861260175704956, -0.7039116024971008, 91.25540924072266},{-0.7950833439826965, 3.5372002124786377, 86.04464721679688},{-0.61426842212677, -3.020998001098633, 86.02815246582031},{-1},{1},{0}},{{2241.27173, 198.061432, 618.027283, -0.00538440887, 0.00924513023, 0.99994278, -0.0112803299, 0.999893069, -0.00930541195, -0.999921858, -0.0113297878, -0.00527954474},{5.28704309463501, 1.411098837852478, 97.47126770019531},{5.536906719207764, -1.359044075012207, 91.038818359375},{1.3955425024032593, 3.983819007873535, 87.68701934814453},{0.3577432334423065, -2.7168307304382324, 87.57374572753906},{0},{1},{0}},{{2233.03149, 198.063553, 618.220764, -0.0213858485, 0.00928889867, 0.999728143, -0.013237183, 0.999866545, -0.00957335066, -0.999683678, -0.0134383189, -0.0212600362},{5.4482526779174805, 0.8825736045837402, 93.15696716308594},{5.718878746032715, -1.5377455949783325, 93.05902862548828},{1.7355914115905762, 3.993593454360962, 87.34053039550781},{2.0469417572021484, -2.214146614074707, 89.77559661865234},{0},{1},{0}},{{2223.10962, 198.077789, 618.620483, -0.0388946645, 0.00759614585, 0.99921447, -0.00865712762, 0.999931037, -0.00793857407, -0.999205828, -0.00895909499, -0.0388262197},{4.910006999969482, 1.155465841293335, 94.13665771484375},{5.739727020263672, -1.2499339580535889, 96.40935516357422},{3.3744637966156006, 3.584580659866333, 88.91020202636719},{3.4511616230010986, -2.600600242614746, 89.79493713378906},{0},{1},{0}},{{2214.63672, 198.09259, 619.032227, -0.0468777716, 0.00768764596, 0.998871028, -0.00139115273, 0.999968886, -0.00776138343, -0.998899639, -0.00175341859, -0.0468656197},{6.356292247772217, 0.8251993060112, 102.05400085449219},{4.833653926849365, -1.3050931692123413, 95.30890655517578},{4.104106426239014, 3.057620048522949, 90.57465362548828},{4.382972240447998, -2.8009002208709717, 90.82998657226562},{0},{1},{0}},{{2205.52148, 198.082657, 619.481812, -0.0484787561, 0.00796130672, 0.99879247, 0.00267117517, 0.999965668, -0.00784100592, -0.998820662, 0.00228782743, -0.0484983586},{4.709836483001709, 1.488486886024475, 96.58402252197266},{4.8556694984436035, -1.5976616144180298, 97.22684478759766},{4.330416679382324, 3.070434093475342, 92.44619750976562},{4.617847919464111, -3.3615291118621826, 91.9534683227539},{0},{1},{0}},{{2197.37451, 198.069611, 619.8797, -0.0488187857, 0.00858472288, 0.998770773, -0.000404412043, 0.999962807, -0.00861473568, -0.998807549, -0.000824475836, -0.0488134958},{6.218896389007568, 1.4429973363876343, 101.91848754882812},{4.8241190910339355, -1.620012640953064, 97.92609405517578},{4.444037914276123, 3.574664831161499, 92.918701171875},{3.5345897674560547, -3.726381301879883, 95.19601440429688},{0},{1},{0}},{{2188.02808, 198.069885, 620.333069, -0.0484184511, 0.00864194613, 0.998789728, -0.00144850975, 0.999960899, -0.00872229971, -0.998826087, -0.00186907686, -0.0484040417},{6.2436347007751465, 1.3678237199783325, 104.46116638183594},{4.899265289306641, -1.6514962911605835, 98.84244537353516},{4.566440582275391, 3.679687261581421, 94.08280181884766},{3.510241985321045, -3.6923718452453613, 96.06829071044922},{0},{1},{0}},{{2179.12134, 198.085587, 620.765503, -0.0485807732, 0.00848556124, 0.998783231, -0.000620226201, 0.999963462, -0.00852575619, -0.998819053, -0.00103365933, -0.0485737361},{4.378060340881348, 1.1145895719528198, 101.92769622802734},{4.982056617736816, -1.3965051174163818, 100.20828247070312},{4.442783832550049, 3.0459234714508057, 96.17296600341797},{4.738833904266357, -3.233948230743408, 95.8699722290039},{0},{1},{0}},{{2167.82715, 198.080429, 621.312561, -0.0481654368, 0.00837384537, 0.998804271, -0.000812535931, 0.999964178, -0.00842275284, -0.998839021, -0.0012172499, -0.0481569059},{4.771158218383789, 1.2934383153915405, 102.1640625},{5.02417516708374, -1.5566511154174805, 102.11705780029297},{5.796780586242676, 3.7119436264038086, 97.87944793701172},{3.6390743255615234, -3.6127748489379883, 98.01944732666016},{1},{1},{0}},{{2158.66724, 198.081741, 621.731506, -0.045601055, 0.00857691839, 0.998922884, -0.000810638187, 0.999962509, -0.00862285029, -0.998959422, -0.0012029761, -0.04559239},{2.8659119606018066, 1.263286828994751, 104.82664489746094},{2.6152894496917725, -1.4432637691497803, 109.67689514160156},{4.497989654541016, 3.4687304496765137, 98.38687896728516},{4.623204708099365, -3.5648255348205566, 97.73027038574219},{1},{1},{0}},{{2147.66846, 198.081726, 622.11499, -0.0331658758, 0.00762703316, 0.999420762, 0.0108377635, 0.999914825, -0.00727115152, -0.999391079, 0.0105903316, -0.0332457125},{-1.0711549520492554, 1.5097901821136475, 103.66800689697266},{-0.0761718675494194, -2.5175223350524902, 104.07488250732422},{3.3946497440338135, 3.17450213432312, 99.67823791503906},{3.468783140182495, -4.305912017822266, 98.8161392211914},{0},{1},{0}},{{2137.71924, 198.096909, 622.284363, -0.0172456335, 0.00741970912, 0.999823749, 0.0167535245, 0.999834239, -0.00713081099, -0.999710917, 0.0166275967, -0.0173670799},{-2.937621593475342, 1.1556073427200317, 111.7026596069336},{-2.1231751441955566, -2.0457041263580322, 110.07560729980469},{1.8485125303268433, 2.740804433822632, 100.94641876220703},{2.0305862426757812, -4.262251377105713, 100.4761962890625},{0},{1},{0}},{{2128.84888, 198.098373, 622.305359, -0.0049083624, 0.00697126938, 0.999963641, 0.0111489883, 0.999913931, -0.00691619748, -0.999925792, 0.0111146364, -0.00498566264},{-2.199183702468872, 1.384979248046875, 108.30987548828125},{-0.9341859221458435, -1.9603335857391357, 106.0849838256836},{0.5253379940986633, 2.8039169311523438, 102.0023193359375},{0.5709400177001953, -4.140198707580566, 100.82535552978516},{0},{1},{0}},{{2116.26147, 198.093872, 622.220642, 0.00632493664, 0.00871460326, 0.999942005, 8.41284491e-05, 0.999962032, -0.0087153092, -0.999979973, 0.00013924735, 0.00632396294},{-1.1518229246139526, 1.441584825515747, 108.41493225097656},{-0.9937224984169006, -1.3246042728424072, 107.98213195800781},{-0.7536348700523376, 3.307062864303589, 103.60985565185547},{-0.5098714232444763, -3.5541646480560303, 102.8682861328125},{0},{1},{0}},{{2107.14624, 198.080154, 622.131958, 0.00940666068, 0.00904212054, 0.999914885, -0.000135631926, 0.999959111, -0.00904124416, -0.999955773, -5.05724638e-05, 0.0094075026},{-1.7051273584365845, 0.9268412590026855, 111.5856704711914},{-1.4495279788970947, -1.8098276853561401, 109.13441467285156},{-1.039970874786377, 3.791956663131714, 104.0439224243164},{-1.9623467922210693, -3.91680645942688, 104.93182373046875},{1},{1},{0}},{{2094.85864, 198.079498, 621.928711, 0.0180130806, 0.00812654942, 0.999804735, 0.00642128149, 0.999945402, -0.00824338291, -0.999817133, 0.00656851614, 0.0179599132},{-3.0273795127868652, 1.86587393283844, 111.721923828125},{-2.748502254486084, -2.0797977447509766, 110.44612121582031},{-1.8735207319259644, 3.6915433406829834, 105.55642700195312},{-1.752341628074646, -4.267589569091797, 105.58209991455078},{0},{1},{0}},{{2084.28174, 198.093445, 621.682495, 0.0226525702, 0.00869357213, 0.999705613, 0.00450940523, 0.999951124, -0.00879788678, -0.99973321, 0.00470737275, 0.0226122607},{-2.7895803451538086, 1.3719873428344727, 112.11070251464844},{-2.784229040145874, -1.63430917263031, 111.98806762695312},{-2.7289299964904785, 3.1496176719665527, 107.5404052734375},{-2.324523687362671, -3.994457483291626, 106.40007019042969},{0},{1},{0}},{{2071.68262, 198.078049, 621.363403, 0.0251149591, 0.00818532053, 0.999651074, -0.00169689197, 0.99996537, -0.00814526249, -0.999683142, -0.00149173196, 0.025127979},{-2.5946342945098877, 1.2877103090286255, 119.29098510742188},{-3.2531120777130127, -1.7045739889144897, 113.5082015991211},{-2.818594217300415, 3.9119837284088135, 107.96697998046875},{-2.5968315601348877, -3.8754777908325195, 107.68643951416016},{1},{1},{0}},{{2058.94873, 198.080109, 620.946716, 0.034615688, 0.00714907469, 0.999375105, 0.0068107727, 0.999949515, -0.00738909049, -0.999377489, 0.00706229545, 0.0345652513},{-7.200493335723877, 1.0849252939224243, 119.05144500732422},{-6.471011161804199, -2.8075199127197266, 113.28206634521484},{-3.861942768096924, 3.4236443042755127, 110.34090423583984},{-3.4931814670562744, -4.479220867156982, 108.5366439819336},{1},{1},{0}},{{2049.33252, 198.089111, 620.506165, 0.0459287316, 0.00655789813, 0.998923182, 0.0139749562, 0.99987638, -0.00720669935, -0.998846948, 0.0142909018, 0.0458314046},{-9.435890197753906, 1.4617390632629395, 115.65948486328125},{-8.596906661987305, -2.5223262310028076, 116.85164642333984},{-4.922219753265381, 3.2547757625579834, 110.40797424316406},{-4.85213041305542, -4.873647212982178, 109.19122314453125},{0},{1},{0}},{{2038.35571, 198.099472, 619.865967, 0.0586444438, 0.00618981244, 0.998259723, 0.00997265335, 0.999927223, -0.00678601256, -0.998229146, 0.0103532597, 0.0585784465},{-8.286337852478027, 1.0066055059432983, 120.48213958740234},{-7.829436302185059, -2.092735528945923, 115.74714660644531},{-6.480950355529785, 3.047313928604126, 111.24659729003906},{-6.2118635177612305, -4.042193412780762, 110.90127563476562},{0},{1},{0}},{{2025.96423, 198.091766, 619.053162, 0.0644431189, 0.00754144462, 0.997892857, 0.000602871529, 0.999970973, -0.00759608252, -0.997921228, 0.00109111646, 0.0644366965},{-7.536563873291016, 1.848970651626587, 117.37504577636719},{-6.776269435882568, -1.42072331905365, 119.06145477294922},{-7.406840801239014, 3.60640025138855, 111.8134994506836},{-7.147031307220459, -3.745307683944702, 111.74693298339844},{-1},{1},{0}},{{2012.76721, 198.055099, 618.261475, 0.0576211251, 0.00776169309, 0.998308361, -0.00937885325, 0.999929845, -0.00723296404, -0.998294473, -0.00894621573, 0.0576898791},{-4.795637607574463, 2.857433795928955, 119.57486724853516},{-3.588353395462036, -1.5510305166244507, 119.88676452636719},{-6.728926658630371, 4.777566432952881, 112.39722442626953},{-6.614127159118652, -3.626835346221924, 113.31658935546875},{-1},{1},{0}},{{2001.43091, 198.04921, 617.743896, 0.0433464758, 0.00894285832, 0.9990201, -0.0159371179, 0.999838889, -0.00825869292, -0.998932958, -0.0155635159, 0.043482013},{0.25361111760139465, 2.5820252895355225, 122.41874694824219},{1.52900230884552, -0.7825556397438049, 126.93524932861328},{-5.177155494689941, 5.1692705154418945, 113.7048110961914},{-5.169321537017822, -3.417766809463501, 114.32290649414062},{0},{1},{0}},{{1988.65369, 198.056244, 617.416138, 0.0228278749, 0.00690813409, 0.999715567, -0.0182710905, 0.999812007, -0.00649159215, -0.999572456, -0.0181177035, 0.0229498036},{1.9115899801254272, 2.1892380714416504, 121.26808166503906},{1.632859706878662, -1.2806048393249512, 121.42755889892578},{-2.9320085048675537, 4.66611385345459, 114.75080871582031},{-2.8732001781463623, -2.791888475418091, 115.57018280029297},{0},{1},{0}},{{1977.81165, 198.056213, 617.323547, 0.00923910178, 0.00484596286, 0.999945581, -0.0130459927, 0.999903738, -0.00472522061, -0.999872208, -0.0130016264, 0.00930143241},{0.5795572400093079, 2.2194905281066895, 121.6059799194336},{0.7892233729362488, -1.4139262437820435, 123.70983123779297},{-1.1702364683151245, 4.712418556213379, 115.13834381103516},{-1.1085702180862427, -3.0841784477233887, 116.20397186279297},{0},{1},{0}},{{1966.88367, 198.087051, 617.326782, 0.000385402906, 0.00710293371, 0.999974728, -0.00467683328, 0.99996388, -0.00710105384, -0.999988973, -0.00467397831, 0.000418608193},{0.27550795674324036, 1.9268372058868408, 122.43265533447266},{0.9444100260734558, -1.4144037961959839, 124.73489379882812},{-0.17508567869663239, 4.0374836921691895, 116.44068908691406},{0.07274515181779861, -3.4338393211364746, 116.92432403564453},{0},{1},{0}},{{1955.87646, 198.079803, 617.344299, -0.00112259085, 0.0080505237, 0.999966979, 0.0018396402, 0.999965906, -0.00804845057, -0.999997675, 0.00183054432, -0.00113736268},{0.3322986364364624, 1.5170060396194458, 125.41819763183594},{0.21748846769332886, -2.0119271278381348, 123.4406967163086},{0.012835989706218243, 4.172563076019287, 117.48252868652344},{0.3026997745037079, -3.984793186187744, 118.06270599365234},{0},{1},{0}},{{1944.0907, 198.072144, 617.376831, -0.00334071764, 0.00768648647, 0.999964893, -0.000240681547, 0.999970436, -0.00768733304, -0.999994397, -0.000266354298, -0.00333876885},{0.7677662372589111, 1.7139008045196533, 127.3165283203125},{0.521045446395874, -2.2481472492218018, 124.65353393554688},{0.08930306881666183, 4.242249011993408, 119.32841491699219},{0.5416296720504761, -4.139706611633301, 119.62511444091797},{0},{1},{0}},{{1933.61218, 198.077393, 617.415588, -0.0041779126, 0.00817196444, 0.99995786, -0.00304023828, 0.999961913, -0.00818469934, -0.999986649, -0.00307430513, -0.00415290846},{-0.5346829891204834, 1.5444931983947754, 127.38884735107422},{0.23202399909496307, -1.9522169828414917, 125.38480377197266},{0.4586872458457947, 4.408874034881592, 119.33392333984375},{0.5826734304428101, -4.1569013595581055, 119.1822738647461},{1},{1},{0}},{{1922.3634, 198.085953, 617.402832, 0.00233038329, 0.00726330513, 0.999970913, 0.00720655778, 0.999947548, -0.00727993017, -0.99997133, 0.00722331321, 0.00227791769},{-2.567838668823242, 0.7810348868370056, 133.10218811035156},{-2.0486340522766113, -2.732116460800171, 126.08428192138672},{-0.2074131965637207, 3.9173190593719482, 120.39375305175781},{-0.10862759500741959, -4.738365173339844, 119.81190490722656},{1},{1},{0}},{{1910.34082, 198.091583, 617.265747, 0.0134786032, 0.0055253352, 0.999893904, 0.0135502275, 0.999891877, -0.00570798153, -0.999817371, 0.0136257261, 0.0134022767},{-6.373803615570068, 1.8253912925720215, 128.607177734375},{-5.57600736618042, -2.873868227005005, 126.5414047241211},{-1.573277473449707, 3.431356191635132, 121.34313201904297},{-1.4469804763793945, -4.9858012199401855, 120.74237823486328},{0},{1},{0}},{{1899.66443, 198.100784, 616.991333, 0.0262621865, 0.00717276055, 0.999629378, 0.0147801973, 0.999862194, -0.00756273512, -0.999545813, 0.0149733331, 0.0261525512},{-6.158568382263184, 1.146260380744934, 135.36093139648438},{-7.018345832824707, -2.0390472412109375, 129.92942810058594},{-3.1351404190063477, 3.3836848735809326, 122.29620361328125},{-2.976475954055786, -5.2210612297058105, 121.21519470214844},{0},{1},{0}},{{1887.48242, 198.098343, 616.526794, 0.0376800001, 0.00744918361, 0.999262094, 0.00907951966, 0.999928415, -0.00779651944, -0.999248624, 0.00936659332, 0.0376096666},{-5.72337532043457, 1.250050663948059, 129.60580444335938},{-5.848062992095947, -2.1791927814483643, 128.50318908691406},{-4.883217811584473, 3.2750957012176514, 124.37015533447266},{-4.454697608947754, -4.65455961227417, 123.09410858154297},{0},{1},{0}},{{1873.02625, 198.084091, 615.891479, 0.0433982983, 0.00667407922, 0.999035537, -0.00144990091, 0.999977052, -0.00661738496, -0.999056816, -0.00116131932, 0.0434069782},{-6.565201759338379, 1.806201457977295, 131.98818969726562},{-5.767744541168213, -1.9682204723358154, 129.86317443847656},{-5.67779016494751, 3.952575445175171, 124.58396911621094},{-5.157683372497559, -3.8777332305908203, 124.51579284667969},{0},{1},{0}},{{1859.17102, 198.075714, 615.270569, 0.0446989164, 0.00740955397, 0.998973012, -0.00168202247, 0.999971628, -0.00734169921, -0.998999059, -0.00135212904, 0.0447101109},{-5.989715576171875, 2.247905969619751, 131.48773193359375},{-5.970759391784668, -1.6038058996200562, 132.9999237060547},{-4.596260070800781, 4.64926815032959, 125.62306213378906},{-6.697750091552734, -4.428646087646484, 125.52295684814453},{0},{1},{0}},{{1846.67529, 198.080856, 614.717163, 0.0442062281, 0.00788751151, 0.998991311, -0.000179280876, 0.999968886, -0.00788729638, -0.999022424, 0.000169567575, 0.0442062654},{-5.916563510894775, 2.0657310485839844, 132.4742431640625},{-7.228654861450195, -1.8693842887878418, 136.4053955078125},{-4.543548583984375, 4.744619846343994, 126.72848510742188},{-5.544116497039795, -4.324151039123535, 125.8768539428711},{0},{1},{0}},{{1834.83533, 198.086807, 614.197449, 0.0437570475, 0.00788184535, 0.999011099, -3.20098188e-05, 0.999968886, -0.00788800046, -0.999042213, 0.000313177443, 0.0437559411},{-5.965648174285889, 1.9278132915496826, 133.29473876953125},{-7.148889064788818, -1.6680562496185303, 137.2905731201172},{-5.586240291595459, 4.370561599731445, 126.36935424804688},{-5.446783065795898, -4.413533687591553, 126.23339080810547},{0},{1},{0}},{{1823.66736, 198.080719, 613.714844, 0.0428081974, 0.00891930889, 0.999043524, -0.00308172195, 0.999956548, -0.00879541133, -0.999078572, -0.00270225853, 0.0428338237},{-5.899372577667236, 2.1695713996887207, 133.66822814941406},{-5.669780254364014, -1.7984540462493896, 133.63612365722656},{-4.459007740020752, 4.784351348876953, 127.90057373046875},{-5.4096999168396, -4.428540229797363, 127.0417251586914},{0},{1},{0}},{{1810.92932, 198.087372, 613.157593, 0.043934267, 0.00877792202, 0.998995841, 3.24653774e-05, 0.999961376, -0.00878783409, -0.999034405, 0.000418519805, 0.0439322852},{-6.055045127868652, 1.9591803550720215, 134.5925750732422},{-5.741661548614502, -1.6451430320739746, 135.35626220703125},{-5.694317817687988, 4.524493217468262, 128.1576385498047},{-5.558287143707275, -4.525969982147217, 128.138427734375},{0},{1},{0}},{{1799.61108, 198.085129, 612.669067, 0.0430753194, 0.00787461456, 0.999040782, 0.000570315809, 0.999968588, -0.00790651795, -0.999071658, 0.000910344534, 0.0430694744},{-5.939891338348389, 1.9435865879058838, 135.94631958007812},{-5.370692729949951, -1.5753892660140991, 137.5335235595703},{-5.619392395019531, 4.462146282196045, 128.8739013671875},{-5.482944965362549, -4.567713737487793, 128.74497985839844},{-1},{1},{0}},{{1786.69507, 198.071289, 612.125488, 0.0411340483, 0.00657231174, 0.999132037, -0.00340125267, 0.999973476, -0.00643781805, -0.999147832, -0.00313348696, 0.0411553122},{-4.978897571563721, 2.812001943588257, 136.2428436279297},{-5.218384742736816, -1.3196277618408203, 140.50009155273438},{-5.504383087158203, 4.775033950805664, 129.48023986816406},{-5.39784049987793, -4.345643997192383, 129.83836364746094},{-1},{1},{0}},{{1775.22205, 198.05394, 611.712524, 0.0349177644, 0.00570937339, 0.999373853, -0.0103650205, 0.999931991, -0.0053504114, -0.999336421, -0.0101717068, 0.0349745676},{-3.1185269355773926, 3.388294219970703, 137.46206665039062},{-2.3269619941711426, -1.851433277130127, 138.55844116210938},{-4.712686538696289, 5.158559322357178, 130.37677001953125},{-4.61822509765625, -3.8599119186401367, 130.92361450195312},{0},{1},{0}},{{1762.91321, 198.063461, 611.358887, 0.0284819379, 0.00662918249, 0.999572337, -0.0102484524, 0.999927402, -0.00633951696, -0.999541759, -0.0100635076, 0.0285478085},{-3.454807996749878, 2.8004086017608643, 138.9410400390625},{-2.289933204650879, -1.6649091243743896, 139.7350311279297},{-3.7575061321258545, 5.260723114013672, 130.99533081054688},{-3.745424509048462, -4.015865325927734, 131.3358612060547},{0},{1},{0}},{{1750.53625, 198.089752, 611.052612, 0.0249717366, 0.00757370144, 0.999659479, -0.00129215966, 0.999970734, -0.00754378084, -0.999687314, -0.00110333832, 0.0249807928},{-3.1770002841949463, 2.007734775543213, 139.2125244140625},{-4.235098838806152, -1.722142219543457, 143.9