return {{{2458.87402, 198.040817, 604.760559, -0.158568203, 0.00642126892, 0.987327158, -0.00109547481, 0.999977112, -0.00667947764, -0.987347424, -0.00214074482, -0.158557549},{0.2642269432544708, 0.03039579465985298, 1.7076523303985596},{0.2427842617034912, -0.026288174092769623, 1.6860555410385132},{0.22975902259349823, 0.05389914661645889, 1.5883347988128662},{0.24548503756523132, -0.052701205015182495, 1.5824671983718872},{0},{1},{0}},{{2458.68652, 198.040451, 604.790161, -0.158560842, 0.00614533341, 0.987330079, -0.00149962516, 0.999978006, -0.00646488927, -0.98734808, -0.00250570336, -0.158548132},{0.4106235206127167, 0.04630263149738312, 2.5456483364105225},{0.42486947774887085, -0.038577351719141006, 2.550922155380249},{0.4026143252849579, 0.08155476301908493, 2.405116319656372},{0.38618773221969604, -0.07779619097709656, 2.413648843765259},{0},{1},{0}},{{2458.42529, 198.042053, 604.833252, -0.158570781, 0.00581804803, 0.987330496, -0.000253091333, 0.999982357, -0.00593324983, -0.987347603, -0.0011907249, -0.15856652},{0.5365132093429565, 0.05899719148874283, 3.3614017963409424},{0.5463551878929138, -0.0539361797273159, 3.3621082305908203},{0.5185942053794861, 0.10375040024518967, 3.178349018096924},{0.5110018253326416, -0.10368511080741882, 3.179710626602173},{0},{1},{0}},{{2458.09595, 198.041229, 604.885803, -0.158521295, 0.00573858432, 0.987338901, -0.000303001667, 0.999982774, -0.00586072076, -0.98735553, -0.00122821436, -0.158516824},{0.6467034220695496, 0.07110364735126495, 4.117040157318115},{0.6494061946868896, -0.06799548864364624, 4.10110330581665},{0.6207167506217957, 0.12575869262218475, 3.8927202224731445},{0.6238825917243958, -0.1286001205444336, 3.8815360069274902},{0},{1},{0}},{{2457.70361, 198.040115, 604.948486, -0.158506885, 0.00565182324, 0.987341702, -0.000595729391, 0.999982893, -0.00581982313, -0.987357676, -0.00151067053, -0.158500805},{0.7684546113014221, 0.08261025696992874, 4.794998645782471},{0.7721309661865234, -0.07702121138572693, 4.795756816864014},{0.7283589243888855, 0.15065905451774597, 4.539803981781006},{0.7284858822822571, -0.14702081680297852, 4.5435404777526855},{0},{1},{0}},{{2457.28174, 198.040298, 605.016541, -0.158493459, 0.0057238494, 0.987343431, -0.000485530356, 0.999982595, -0.00587506173, -0.987359881, -0.00141054404, -0.158487931},{0.8763419389724731, 0.09333089739084244, 5.462733268737793},{0.8772600293159485, -0.08870311081409454, 5.463900089263916},{0.8297792077064514, 0.17127861082553864, 5.173530101776123},{0.8318309783935547, -0.1682935655117035, 5.174915313720703},{0},{1},{0}},{{2456.80566, 198.040039, 605.09314, -0.158489272, 0.00576319871, 0.987343907, -0.000460450072, 0.999982417, -0.00591088273, -0.987360597, -0.00139143399, -0.158483833},{0.9789108633995056, 0.10344822704792023, 6.12052059173584},{0.9825313091278076, -0.09901951253414154, 6.118699550628662},{0.929607629776001, 0.1920316517353058, 5.797966957092285},{0.9308038353919983, -0.18919673562049866, 5.798826694488525},{0},{1},{0}},{{2456.23608, 198.039886, 605.18457, -0.158488169, 0.00583242578, 0.987343669, -0.000459637784, 0.999981999, -0.00598086417, -0.987360775, -0.00140171673, -0.158482641},{1.1000899076461792, 0.11622124165296555, 6.858742713928223},{1.1012828350067139, -0.11032363027334213, 6.85971212387085},{1.0414586067199707, 0.21609878540039062, 6.4981279373168945},{1.044081449508667, -0.2123691886663437, 6.50000524520874},{0},{1},{0}},{{2455.6416, 198.039749, 605.280029, -0.158490628, 0.00594636938, 0.987342596, -0.000447290746, 0.999981344, -0.00609428762, -0.987360358, -0.00140751677, -0.15848501},{1.2136372327804565, 0.1267070472240448, 7.57418966293335},{1.2166671752929688, -0.12233693897724152, 7.5740790367126465},{1.150138020515442, 0.23953022062778473, 7.176743984222412},{1.1528842449188232, -0.23581591248512268, 7.178589820861816},{0},{1},{0}},{{2455.03296, 198.039597, 605.377686, -0.158492491, 0.00605777092, 0.987341583, -0.000511369959, 0.999980569, -0.0062174038, -0.98736006, -0.00149030867, -0.158486322},{1.3254679441452026, 0.1371234953403473, 8.27330493927002},{1.3276324272155762, -0.1331242024898529, 8.27481746673584},{1.2565478086471558, 0.2628018856048584, 7.84139347076416},{1.2591421604156494, -0.258745014667511, 7.842504978179932},{0},{1},{0}},{{2454.21948, 198.039734, 605.508118, -0.158497497, 0.00625146646, 0.987339616, -0.000571217563, 0.999979198, -0.0064231935, -0.987359226, -0.00158204581, -0.158490628},{1.471340298652649, 0.1501966267824173, 9.168436050415039},{1.4719716310501099, -0.1447562724351883, 9.169879913330078},{1.3927252292633057, 0.2931150197982788, 8.688369750976562},{1.3955196142196655, -0.28790828585624695, 8.6906156539917},{0},{1},{0}},{{2453.03906, 198.039993, 605.697571, -0.158505261, 0.00652508112, 0.987336576, -0.000566757401, 0.99997741, -0.00669960724, -0.987357974, -0.00162150338, -0.158497989},{1.6668906211853027, 0.16714000701904297, 10.39626693725586},{1.6704293489456177, -0.16089792549610138, 10.396888732910156},{1.580246925354004, 0.3346770405769348, 9.855155944824219},{1.5826839208602905, -0.3290862441062927, 9.856918334960938},{0},{1},{0}},{{2452.02026, 198.040207, 605.861023, -0.158516407, 0.00681146886, 0.987332821, -0.000617200625, 0.999975324, -0.00699777901, -0.987356126, -0.00171864533, -0.158508301},{1.838863492012024, 0.1845979243516922, 11.451066017150879},{1.838771939277649, -0.17365260422229767, 11.452583312988281},{1.738745927810669, 0.37147220969200134, 10.850281715393066},{1.7433936595916748, -0.3650337755680084, 10.851384162902832},{0},{1},{0}},{{2450.96924, 198.043472, 606.029663, -0.158521846, 0.00722397817, 0.987329066, -0.000685518433, 0.999972165, -0.00742654828, -0.987355232, -0.00185410236, -0.158512488},{2.005077838897705, 0.19600725173950195, 12.474089622497559},{2.000734806060791, -0.18727684020996094, 12.477676391601562},{1.8967485427856445, 0.40732696652412415, 11.840314865112305},{1.9025990962982178, -0.3993229269981384, 11.842013359069824},{0},{1},{0}},{{2449.89697, 198.049789, 606.201904, -0.158549756, 0.00783865061, 0.987319887, -0.000721317308, 0.999967277, -0.00805489626, -0.987350702, -0.00198927266, -0.158538908},{2.1747965812683105, 0.205253005027771, 13.501893997192383},{2.165022134780884, -0.19477710127830505, 13.509654998779297},{2.0557172298431396, 0.44866815209388733, 12.822001457214355},{2.0603880882263184, -0.4407248795032501, 12.821974754333496},{0},{1},{0}},{{2448.74854, 198.067917, 606.385437, -0.158570856, 0.0049391482, 0.987335265, -0.00141112565, 0.999985337, -0.0052290638, -0.98734659, -0.00222243136, -0.158561558},{2.284672498703003, 0.21550020575523376, 14.358511924743652},{2.2841765880584717, -0.20706678926944733, 14.348052024841309},{2.2825958728790283, 0.49167346954345703, 13.415568351745605},{2.031482219696045, -0.4734518527984619, 13.513297080993652},{0},{1},{0}},{{2447.50806, 198.082382, 606.586548, -0.158622518, 0.00418695621, 0.987330437, 0.000295436999, 0.999991179, -0.0041931821, -0.987339258, -0.000373439165, -0.158622354},{2.5385732650756836, 0.23128145933151245, 15.5730619430542},{2.5367114543914795, -0.21551761031150818, 15.621604919433594},{2.3456203937530518, 0.428249716758728, 14.731481552124023},{2.3952269554138184, -0.4652651846408844, 14.64425277709961},{0},{1},{0}},{{2446.06494, 198.077393, 606.819397, -0.158639461, 0.007575728, 0.987307489, 0.00127114228, 0.99997133, -0.00746865291, -0.987335742, 7.01852769e-05, -0.158644527},{2.7362141609191895, 0.2190268486738205, 17.000097274780273},{2.7285525798797607, -0.23502366244792938, 17.005247116088867},{2.5212905406951904, 0.5346623659133911, 16.100278854370117},{2.6244754791259766, -0.5936011075973511, 15.972831726074219},{0},{1},{0}},{{2444.6936, 198.07663, 607.039001, -0.158705443, 0.0088104941, 0.987286687, 0.000318083126, 0.999960601, -0.0088724643, -0.987325907, -0.0010940691, -0.158701986},{2.9411401748657227, 0.2290135622024536, 18.342966079711914},{2.938645362854004, -0.23498769104480743, 18.334815979003906},{2.790731191635132, 0.6141495108604431, 17.36386489868164},{2.75923752784729, -0.6672114133834839, 17.27351951599121},{0},{1},{0}},{{2442.98779, 198.083649, 607.3125, -0.158735901, 0.00864762254, 0.98728323, -0.000407087471, 0.999960959, -0.00882411934, -0.987321019, -0.00180261512, -0.158726186},{3.225914478302002, 0.24281065165996552, 20.08194351196289},{3.2221994400024414, -0.2367720901966095, 20.074077606201172},{3.07416033744812, 0.650162935256958, 19.029220581054688},{2.2306721210479736, -0.7545516490936279, 20.881803512573242},{0},{1},{0}},{{2440.86523, 198.080826, 607.652527, -0.158933088, 0.0105419336, 0.987233102, -0.00224024453, 0.999936581, -0.0110382382, -0.987286806, -0.00396598456, -0.158899382},{3.7091176509857178, 0.2679605782032013, 23.218170166015625},{3.6698031425476074, -0.22740229964256287, 23.123945236206055},{3.3661293983459473, 0.8034430742263794, 21.174840927124023},{3.436398506164551, -0.7536313533782959, 21.18361473083496},{0},{1},{0}},{{2438.91919, 198.079971, 607.96405, -0.158543125, 0.0114305634, 0.987285912, -0.00202336814, 0.999927104, -0.0119018434, -0.987349987, -0.00388459838, -0.15850845},{3.8887112140655518, 0.27168142795562744, 24.34955596923828},{3.919783115386963, -0.23259103298187256, 24.303342819213867},{3.722426414489746, 0.9032820463180542, 23.10356903076172},{3.7054686546325684, -0.8728313446044922, 23.096736907958984},{0},{1},{0}},{{2436.66113, 198.081909, 608.327271, -0.158560514, 0.0107691325, 0.987290502, -0.00151843054, 0.9999367, -0.0111509366, -0.98734808, -0.00326723047, -0.158534124},{4.225325584411621, 0.31173914670944214, 26.412092208862305},{4.256521224975586, -0.2789037823677063, 26.415292739868164},{4.050620079040527, 0.9534556269645691, 25.070039749145508},{4.01177453994751, -0.9339208602905273, 25.05435562133789},{0},{1},{0}},{{2434.20923, 198.083405, 608.721191, -0.158532888, 0.0110921403, 0.987291396, -0.00147595361, 0.999933124, -0.0114711681, -0.98735261, -0.0032757537, -0.158505917},{4.577600002288818, 0.33448538184165955, 28.648530960083008},{4.578482627868652, -0.2870126962661743, 28.630786895751953},{4.367959976196289, 1.0447756052017212, 27.198081970214844},{4.370057106018066, -1.02317214012146, 27.173908233642578},{0},{1},{0}},{{2431.7229, 198.085205, 609.121765, -0.158808872, 0.0121873152, 0.987234116, -0.00197316683, 0.999917924, -0.0126613034, -0.98730737, -0.00395870488, -0.158771783},{4.959960460662842, 0.3506593704223633, 30.85679817199707},{4.950653076171875, -0.22962188720703125, 30.836177825927734},{4.713919162750244, 1.1760311126708984, 29.339126586914062},{4.734846591949463, -1.130139946937561, 29.333192825317383},{0},{1},{0}},{{2428.85938, 198.084412, 609.585022, -0.159182772, 0.0128996335, 0.987164855, -0.00197354634, 0.999908507, -0.0133843981, -0.987247169, -0.00407878123, -0.159142748},{5.3310546875, 0.3703373670578003, 33.25412368774414},{5.355966091156006, -0.2783575654029846, 33.25935363769531},{5.1158061027526855, 1.2967979907989502, 31.606151580810547},{5.092756271362305, -1.2534894943237305, 31.59781265258789},{0},{1},{0}},{{2425.98608, 198.089111, 610.051147, -0.159468129, 0.0125588719, 0.987123191, -0.00114710873, 0.999916017, -0.0129069453, -0.987202406, -0.00319058402, -0.159440339},{5.6427764892578125, 0.2930266857147217, 35.1536865234375},{5.941892623901367, 0.17798711359500885, 43.416561126708984},{5.462853908538818, 1.3562469482421875, 33.6251220703125},{5.442673206329346, -1.3270435333251953, 33.625301361083984},{0},{1},{0}},{{2422.90869, 198.08873, 610.544495, -0.158595234, 0.0118051507, 0.987273097, -0.00122690992, 0.999925375, -0.0121535286, -0.987342894, -0.00313878688, -0.158568919},{5.962485313415527, 0.3845048248767853, 38.01752471923828},{6.080070972442627, -0.3786434829235077, 38.01229476928711},{5.752194404602051, 1.4102532863616943, 36.048892974853516},{5.814119338989258, -1.4195294380187988, 35.91342544555664},{0},{1},{0}},{{2419.17163, 198.081406, 611.138245, -0.158036098, 0.0121332509, 0.987358809, -0.00221496564, 0.999917626, -0.012642107, -0.987430871, -0.00418487517, -0.157996207},{6.4061737060546875, 0.5069511532783508, 40.847381591796875},{6.547727108001709, -0.43762099742889404, 40.78984451293945},{6.15466833114624, 1.609665036201477, 38.76576614379883},{6.232382297515869, -1.5658462047576904, 38.673736572265625},{0},{1},{0}},{{2415.18628, 198.08815, 611.772522, -0.157995805, 0.0126518803, 0.987358749, -0.00162446545, 0.999913216, -0.0130726965, -0.98743844, -0.00366936135, -0.157961532},{6.685133934020996, 0.42763862013816833, 43.10304641723633},{7.420405387878418, -0.37464115023612976, 44.27134323120117},{6.5265631675720215, 1.6306555271148682, 41.030818939208984},{6.892372131347656, -1.3875563144683838, 41.8961067199707},{0},{1},{0}},{{2409.94238, 198.084885, 612.609131, -0.157715723, 0.0115073677, 0.987417519, -0.00176040805, 0.999927223, -0.0119343381, -0.987482965, -0.00362049043, -0.157683983},{7.117920398712158, 0.6590973138809204, 46.00164794921875},{7.650274276733398, -0.3876502215862274, 46.674156188964844},{6.980987548828125, 1.7372946739196777, 43.780174255371094},{7.018354415893555, -1.7383760213851929, 43.62995910644531},{0},{1},{0}},{{2405.98022, 198.082138, 613.241516, -0.157572657, 0.0111357095, 0.98744458, -0.00246365694, 0.999928892, -0.0116696395, -0.987504303, -0.00427154079, -0.157534018},{8.553618431091309, 0.7473433017730713, 55.95888900756836},{8.972414016723633, -0.35392749309539795, 55.831478118896484},{8.889893531799316, 1.9983094930648804, 48.71270751953125},{7.358621597290039, -1.7490088939666748, 45.916419982910156},{0},{1},{0}},{{2401.27148, 198.086258, 613.986572, -0.156893104, 0.0118213156, 0.987544835, -0.00197688537, 0.999922574, -0.0122835543, -0.987613618, -0.00387946772, -0.15685758},{9.001275062561035, 0.7066746950149536, 58.84734344482422},{9.273001670837402, -0.8121367692947388, 57.27957534790039},{7.581266403198242, 1.949716329574585, 48.25103759765625},{7.740846157073975, -1.792618751525879, 48.54386901855469},{0},{1},{0}},{{2396.92236, 198.087082, 614.67572, -0.156661332, 0.0114085674, 0.987586498, -0.00153445906, 0.999929249, -0.0117945625, -0.987651169, -0.00336316298, -0.156632736},{7.991134166717529, 0.6020914912223816, 54.02018737792969},{8.43311595916748, -0.5539884567260742, 52.77006149291992},{7.960343837738037, 1.956100344657898, 50.39999008178711},{8.053313255310059, -1.9464043378829956, 50.21491622924805},{0},{1},{0}},{{2392.41016, 198.081833, 615.386292, -0.155669689, 0.0102882814, 0.987755597, 0.000699000317, 0.999946654, -0.0103050992, -0.987808943, -0.000913750089, -0.155668572},{8.469993591308594, 0.7399367690086365, 54.5637321472168},{9.899690628051758, -0.6968578100204468, 60.60205841064453},{8.190861701965332, 1.900275468826294, 52.286827087402344},{8.287201881408691, -1.969031810760498, 52.114803314208984},{0},{1},{0}},{{2387.45703, 198.08284, 616.166687, -0.156192407, 0.00900164247, 0.987685621, -0.000410426379, 0.9999578, -0.00917839352, -0.987726569, -0.00183896767, -0.156182125},{8.72614860534668, 0.7737329006195068, 56.11234664916992},{8.93037223815918, -0.8461868166923523, 56.19142532348633},{8.386262893676758, 1.9278295040130615, 53.77883529663086},{8.546232223510742, -1.8887696266174316, 53.77159118652344},{0},{1},{0}},{{2382.02173, 198.079391, 617.01947, -0.155578777, 0.00939235836, 0.987778842, -0.00206402829, 0.999949515, -0.00983317569, -0.987821341, -0.00356863695, -0.155551538},{9.088733673095703, 0.7599065899848938, 58.513587951660156},{9.247905731201172, -0.8258296847343445, 58.19456100463867},{8.562234878540039, 1.9110790491104126, 56.09523010253906},{8.784398078918457, -2.02254056930542, 55.283226013183594},{0},{1},{0}},{{2376.06787, 198.083115, 617.951416, -0.154744178, 0.00998343248, 0.987904131, -0.000617616286, 0.999947786, -0.0102018844, -0.987954378, -0.00218882784, -0.154729933},{9.35698127746582, 0.7244868278503418, 60.6943359375},{9.51467514038086, -0.8322595357894897, 60.13056182861328},{8.937994003295898, 2.1639060974121094, 57.360931396484375},{9.044621467590332, -2.195659875869751, 57.13447570800781},{0},{1},{0}},{{2369.9082, 198.085434, 618.910706, -0.154218465, 0.0104734525, 0.98798126, -0.00069736765, 0.999942422, -0.0107091069, -0.988036513, -0.00234052818, -0.154202282},{9.4445161819458, 0.7916561961174011, 62.078330993652344},{10.408446311950684, -0.5700107216835022, 63.41523742675781},{9.067627906799316, 1.9683756828308105, 60.02660369873047},{9.314465522766113, -2.2210371494293213, 59.03668212890625},{0},{1},{0}},{{2364.26294, 198.077545, 619.783508, -0.15337351, 0.00944231171, 0.988123178, -0.000956967415, 0.999952435, -0.00970388763, -0.988167822, -0.00243392098, -0.153357178},{11.719819068908691, 0.7122294902801514, 68.1568603515625},{9.848340034484863, -0.8464239239692688, 63.950992584228516},{9.402019500732422, 2.2947983741760254, 61.03061294555664},{8.975847244262695, -2.5289041996002197, 64.71864318847656},{0},{1},{0}},{{2358.45776, 198.073471, 620.673645, -0.152087361, 0.00899322797, 0.988326132, -0.000923969899, 0.999956846, -0.00924124476, -0.988366604, -0.00231866026, -0.152072504},{9.804405212402344, 0.8541251420974731, 67.3667221069336},{10.064887046813965, -0.9773191809654236, 65.8076171875},{9.51988410949707, 2.4523465633392334, 62.58320999145508},{9.734292984008789, -2.3204753398895264, 62.86954879760742},{0},{1},{0}},{{2352.48926, 198.079666, 621.582031, -0.151075378, 0.0101956194, 0.98846966, -0.00162072282, 0.999942899, -0.0105616683, -0.98852092, -0.00319764344, -0.151050225},{11.187685012817383, 1.0879267454147339, 76.53065490722656},{10.311626434326172, -0.8384392857551575, 67.62614440917969},{9.692495346069336, 2.277867078781128, 64.92523193359375},{9.89763069152832, -2.4408323764801025, 64.21815490722656},{0},{1},{0}},{{2346.36499, 198.082397, 622.510132, -0.150290862, 0.00986621901, 0.988592565, -0.000627756759, 0.999949038, -0.0100749927, -0.98864162, -0.00213477504, -0.150277019},{10.384366035461426, 0.8125301003456116, 69.63634490966797},{10.65145492553711, -0.9958646893501282, 69.32698059082031},{9.991111755371094, 2.4864556789398193, 66.14543914794922},{10.107479095458984, -2.522490978240967, 65.86193084716797},{0},{1},{0}},{{2339.28369, 198.080261, 623.585754, -0.150552347, 0.0101674879, 0.988549769, -0.00147575291, 0.999943674, -0.0105094295, -0.98860091, -0.00304107438, -0.150528863},{10.745911598205566, 0.8948097229003906, 71.52230834960938},{10.339997291564941, -0.6761483550071716, 75.68789672851562},{11.989222526550293, 2.8838977813720703, 71.35496520996094},{10.391668319702148, -2.5452051162719727, 67.90398406982422},{1},{1},{0}},{{2332.00244, 198.079575, 624.663818, -0.146925539, 0.010159188, 0.98909539, 0.00192273222, 0.999948323, -0.00998504739, -0.989145696, 0.000434707035, -0.146937475},{9.350857734680176, 0.4167782664299011, 75.10335540771484},{10.844491004943848, -1.2755837440490723, 81.62352752685547},{10.448450088500977, 2.534787178039551, 70.22472381591797},{9.5722017288208, -2.9560835361480713, 71.24516296386719},{1},{1},{0}},{{2325.79443, 198.084595, 625.504089, -0.136486769, 0.0107679898, 0.99058336, 0.00722908601, 0.999925137, -0.00987348333, -0.990615547, 0.00581341283, -0.13655439},{6.9387640953063965, 0.3584921061992645, 80.82830810546875},{7.512162208557129, -2.0196568965911865, 81.73261260986328},{9.958065032958984, 2.4070065021514893, 71.66976928710938},{10.201671600341797, -2.937079668045044, 71.43649291992188},{1},{1},{0}},{{2319.0376, 198.087463, 626.290161, -0.119510554, 0.0107783088, 0.992774427, 0.0122472728, 0.99988097, -0.00938113127, -0.99275738, 0.0110376356, -0.119628333},{0.6804538369178772, 0.24336498975753784, 83.313232421875},{2.232818603515625, -1.5969352722167969, 78.9261703491211},{9.010348320007324, 2.2481417655944824, 73.50032043457031},{8.784345626831055, -3.5451059341430664, 71.96916961669922},{1},{1},{0}},{{2312.14404, 198.10817, 626.886536, -0.0920867324, 0.0103381108, 0.99569732, 0.0173211265, 0.999811411, -0.0087788878, -0.995600343, 0.0164381787, -0.0922484323},{-3.8741016387939453, 1.4719535112380981, 81.66788482666016},{-1.9797642230987549, -0.75355064868927, 82.215576171875},{7.144790172576904, 1.7917389869689941, 75.3409652709961},{6.929774761199951, -3.599637031555176, 73.28853607177734},{0},{1},{0}},{{2305.55566, 198.111801, 627.228027, -0.0615380444, 0.00896550715, 0.998064458, 0.0194984078, 0.999779642, -0.00777869299, -0.997914255, 0.0189819839, -0.0616992973},{-5.574331283569336, 1.7276511192321777, 83.73714447021484},{-3.347263813018799, -0.6491759419441223, 81.7895278930664},{4.919890403747559, 1.6126738786697388, 76.93702697753906},{4.730958938598633, -3.696829319000244, 74.60531616210938},{0},{1},{0}},{{2298.39307, 198.117874, 627.349731, -0.0267507937, 0.00799601059, 0.999610126, 0.0183599088, 0.999803245, -0.00750622153, -0.999473512, 0.0181519538, -0.0268923379},{-4.389105796813965, 1.2039166688919067, 86.39007568359375},{-2.572902202606201, -0.7805384993553162, 87.4466552734375},{2.2356815338134766, 1.5771514177322388, 78.39446258544922},{2.1876637935638428, -3.5667383670806885, 76.25807189941406},{0},{1},{0}},{{2291.09229, 198.110199, 627.290527, 0.000250462792, 0.00817879662, 0.999966502, 0.0107264491, 0.999908984, -0.00818101224, -0.999942422, 0.0107281394, 0.000162710552},{-2.7430613040924072, 0.9281232953071594, 83.90078735351562},{-1.6378872394561768, -1.4107110500335693, 88.77517700195312},{-0.04398021101951599, 1.9715279340744019, 79.42540740966797},{0.1411299854516983, -3.2347218990325928, 77.9574966430664},{0},{1},{0}},{{2283.18213, 198.088211, 627.138428, 0.0146631151, 0.00981693342, 0.999844313, -0.000823904818, 0.999951601, -0.00980590377, -0.999892175, -0.000679991441, 0.0146704931},{-2.3834190368652344, 1.124821662902832, 84.55685424804688},{-3.026132106781006, -0.4528874158859253, 89.7398910522461},{-1.2433695793151855, 2.808532953262329, 80.06806945800781},{-1.0569932460784912, -2.985121011734009, 79.50051879882812},{0},{1},{0}},{{2275.62915, 198.076599, 626.969482, 0.0207619667, 0.00843571965, 0.999748886, -0.00116526929, 0.999963939, -0.00841333531, -0.999783754, -0.000990299275, 0.020771049},{-2.1724023818969727, 1.442820429801941, 85.34668731689453},{-1.605981469154358, -1.077397108078003, 86.83016204833984},{-1.7571489810943604, 2.9238266944885254, 81.18743133544922},{-1.3553931713104248, -2.6849379539489746, 81.7578353881836},{0},{1},{0}},{{2267.95703, 198.076981, 626.790039, 0.0229365341, 0.0083278669, 0.999702215, 0.000548231998, 0.999965072, -0.00834263396, -0.999736786, 0.000739419891, 0.022931166},{-2.1354281902313232, 1.2578165531158447, 87.27670288085938},{-2.051417350769043, -1.4266277551651, 86.37139892578125},{-1.9713706970214844, 2.900827169418335, 82.83921813964844},{-1.7519621849060059, -3.0990006923675537, 82.12310791015625},{0},{1},{0}},{{2260.16235, 198.080338, 626.597839, 0.0244255569, 0.00875090808, 0.999663353, 0.000488941325, 0.999961436, -0.00876546465, -0.99970156, 0.000702878053, 0.0244203378},{-1.184035301208496, 1.0645747184753418, 94.95121002197266},{-2.187704086303711, -1.3355945348739624, 87.82414245605469},{-1.0248888731002808, 3.140673875808716, 84.99369049072266},{-1.9638969898223877, -3.0684149265289307, 83.58602142333984},{0},{1},{0}},{{2251.75464, 198.077148, 626.37793, 0.0257169716, 0.008174113, 0.999635816, -5.12432525e-05, 0.999966562, -0.00817549974, -0.999669254, 0.000159024494, 0.0257165302},{-2.506361722946167, 1.4827243089675903, 89.21094512939453},{-2.201218843460083, -1.3293523788452148, 89.83893585205078},{-2.3090426921844482, 3.113809108734131, 84.83004760742188},{-2.1113476753234863, -3.0251240730285645, 85.25602722167969},{0},{1},{0}},{{2243.71826, 198.0811, 626.157349, 0.0273800772, 0.00822904613, 0.999591231, 0.00152513804, 0.999964595, -0.0082738949, -0.999623954, 0.00175105443, 0.0273665581},{-2.7187068462371826, 1.3237934112548828, 90.74969482421875},{-1.945996642112732, -1.4840052127838135, 91.91173553466797},{-2.4159891605377197, 3.0073018074035645, 86.32984924316406},{-2.2227723598480225, -3.2036032676696777, 85.88809967041016},{0},{1},{0}},{{2235.05298, 198.084396, 625.911865, 0.0283631999, 0.00863419101, 0.999560416, 0.000894053257, 0.999962091, -0.00866302941, -0.999597311, 0.00113937142, 0.0283544045},{-2.7815513610839844, 1.3449596166610718, 91.86687469482422},{-2.4990432262420654, -1.2889068126678467, 91.77311706542969},{-2.530141830444336, 3.102586507797241, 87.37065887451172},{-3.607720375061035, -3.368950843811035, 89.46920776367188},{0},{1},{0}},{{2226.78174, 198.083282, 625.668518, 0.0291056596, 0.0082503194, 0.999542296, 0.000992990797, 0.999965191, -0.0082827257, -0.999575853, 0.00123361056, 0.0290964544},{-2.8677570819854736, 1.3822743892669678, 93.33735656738281},{-2.0155529975891113, -1.4094542264938354, 94.20000457763672},{-1.5529913902282715, 3.2558627128601074, 89.76546478271484},{-2.5437893867492676, -3.232842445373535, 88.4625015258789},{0},{1},{0}},{{2218.92236, 198.084076, 625.441345, 0.0287639704, 0.00878690369, 0.999547601, -0.000787597033, 0.999961257, -0.00876787584, -0.999585927, -0.000535041792, 0.0287697762},{-2.8644137382507324, 1.4276034832000732, 94.37246704101562},{-3.9815616607666016, -0.9748709201812744, 98.17243957519531},{-2.698221206665039, 3.1085312366485596, 90.26480865478516},{-2.468902826309204, -3.152369737625122, 89.84236145019531},{0},{1},{0}},{{2210.42896, 198.083023, 625.190735, 0.0293988064, 0.0088847829, 0.999528289, 0.000466343103, 0.999960244, -0.00890233926, -0.999567628, 0.000727841223, 0.0293934941},{-3.0623486042022705, 1.361428141593933, 95.7643814086914},{-2.6818442344665527, -1.3747187852859497, 95.60005187988281},{-1.6142547130584717, 3.41951060295105, 92.0918960571289},{-3.7569539546966553, -3.455106496810913, 91.96527099609375},{0},{1},{0}},{{2202.36768, 198.077408, 624.947998, 0.0297922771, 0.00802433584, 0.999523878, 0.000139119147, 0.999967754, -0.00803204533, -0.999556124, 0.000378345838, 0.0297902003},{-3.1012003421783447, 1.4997527599334717, 97.05793762207031},{-2.7833573818206787, -1.5752654075622559, 96.89936828613281},{-1.6830507516860962, 3.520534038543701, 93.18028259277344},{-3.868929862976074, -3.517573118209839, 93.09339141845703},{0},{1},{0}},{{2192.0105, 198.074432, 624.623108, 0.0316155776, 0.008032226, 0.99946785, -0.000515788037, 0.999967694, -0.00801992789, -0.999499977, -0.000261958892, 0.0316186994},{-3.233684539794922, 1.6838996410369873, 98.27191162109375},{-2.9014554023742676, -1.2964671850204468, 99.44711303710938},{-3.0293383598327637, 3.457002878189087, 93.44367980957031},{-2.894432544708252, -3.4615252017974854, 93.36199951171875},{0},{1},{0}},{{2183.16138, 198.080887, 624.336365, 0.0327683166, 0.00839399826, 0.999427736, -0.000569781172, 0.999964714, -0.00837982632, -0.999462783, -0.000294862315, 0.0327719413},{-3.939404010772705, 1.232787847518921, 101.46199035644531},{-3.1579599380493164, -1.4935253858566284, 99.46002960205078},{-2.07999849319458, 3.5049803256988525, 95.90589904785156},{-2.831825017929077, -3.069981098175049, 95.89200592041016},{0},{1},{0}},{{2173.63965, 198.080872, 624.01416, 0.0339552872, 0.00857667904, 0.999386549, -0.000419445365, 0.999963224, -0.00856737699, -0.999423265, -0.000128280313, 0.0339576341},{-3.584123134613037, 1.6024208068847656, 100.87403106689453},{-3.3565776348114014, -1.6314350366592407, 100.78021240234375},{-3.3714025020599365, 3.353996992111206, 96.59080505371094},{-3.1696698665618896, -3.4445369243621826, 96.04049682617188},{0},{1},{0}},{{2164.56372, 198.084793, 623.698486, 0.0351302959, 0.00849867705, 0.999346614, 0.000466649857, 0.999963582, -0.00852032844, -0.999382615, 0.000765666598, 0.0351250507},{-3.7646901607513428, 1.4944322109222412, 102.31961059570312},{-3.513568878173828, -1.5574084520339966, 101.92044067382812},{-2.3870692253112793, 3.5236852169036865, 98.3565673828125},{-3.093839168548584, -3.1702499389648438, 98.00090789794922},{0},{1},{0}},{{2155.37817, 198.080246, 623.368164, 0.0361494943, 0.00815725699, 0.999313116, 0.00108351838, 0.999965787, -0.00820178073, -0.999345779, 0.0013792644, 0.0361394212},{-3.9174113273620605, 1.608742594718933, 103.39469909667969},{-3.23761248588562, -1.254224181175232, 105.26264953613281},{-3.6514346599578857, 3.487539768218994, 98.37815856933594},{-3.433603286743164, -3.6469273567199707, 98.15577697753906},{0},{1},{0}},{{2145.51172, 198.094345, 623.002991, 0.0365099572, 0.00584149826, 0.999316216, -0.000501713599, 0.999982893, -0.00582706556, -0.999333143, -0.000288624637, 0.0365122631},{-4.016116619110107, 1.6540175676345825, 104.55300903320312},{-3.7224700450897217, -1.3722673654556274, 105.28866577148438},{-3.6810824871063232, 3.099590301513672, 99.3476791381836},{-4.657620906829834, -3.1788930892944336, 100.4026107788086},{0},{1},{0}},{{2136.11255, 198.086121, 622.651001, 0.0375609621, 0.00764891086, 0.999265075, -0.00142639515, 0.999970078, -0.00760069117, -0.999293327, -0.00113985757, 0.0375707485},{-4.160139560699463, 1.7305376529693604, 105.78153991699219},{-3.9232068061828613, -1.3469676971435547, 106.48538970947266},{-3.9413375854492188, 3.5129594802856445, 100.55000305175781},{-3.573911428451538, -3.188554286956787, 101.45097351074219},{0},{1},{0}},{{2124.20996, 198.077957, 622.195618, 0.038898237, 0.00906582735, 0.999202073, 0.000103620718, 0.999958813, -0.00907672662, -0.9992432, 0.000456606707, 0.0388956964},{-4.3545989990234375, 1.6604764461517334, 107.1924057006836},{-4.599422454833984, -1.248068928718567, 110.4963150024414},{-4.079547882080078, 3.6591787338256836, 102.66508483886719},{-3.8284008502960205, -3.8501639366149902, 101.83909606933594},{0},{1},{0}},{{2114.57251, 198.072662, 621.815369, 0.0394523628, 0.00837204978, 0.999186397, 0.000300444808, 0.999964774, -0.00839043502, -0.999221385, 0.000631222851, 0.0394484587},{-4.4125447273254395, 1.8500423431396484, 108.37879180908203},{-4.758541584014893, -1.4332911968231201, 111.14859008789062},{-4.1714677810668945, 3.8828418254852295, 103.03434753417969},{-4.016470432281494, -3.8820319175720215, 103.23081970214844},{0},{1},{0}},{{2104.82861, 198.075607, 621.424072, 0.0402263924, 0.00868278462, 0.999152839, -0.0017058641, 0.999961376, -0.008621132, -0.999189138, -0.00135762198, 0.0402396508},{-4.52244758605957, 1.813641905784607, 109.62377166748047},{-4.855998992919922, -1.1903743743896484, 112.28012084960938},{-4.257894992828369, 3.9084718227386475, 104.17560577392578},{-3.9688339233398438, -3.411155939102173, 105.2721939086914},{0},{1},{0}},{{2094.98022, 198.07814, 621.02124, 0.0407486446, 0.00868373178, 0.99913168, -0.00132130668, 0.999961853, -0.00863705855, -0.999168575, -0.000968210981, 0.0407585613},{-4.645963668823242, 1.7590360641479492, 110.71349334716797},{-4.991903305053711, -1.1907029151916504, 113.61250305175781},{-4.601844310760498, 3.478478193283081, 106.30555725097656},{-4.18414831161499, -3.8055641651153564, 105.21467590332031},{0},{1},{0}},{{2085.0293, 198.078125, 620.608459, 0.0417976789, 0.00842999667, 0.999090552, 0.000454293855, 0.999964118, -0.00845637359, -0.999126017, 0.000807337463, 0.0417923518},{-3.817328691482544, 1.4491232633590698, 118.0284194946289},{-4.1887125968933105, -1.3135079145431519, 113.83656311035156},{-4.482345104217529, 3.874363899230957, 106.44547271728516},{-5.554804801940918, -4.058495044708252, 107.42190551757812},{0},{1},{0}},{{2074.34521, 198.0867, 620.158936, 0.0425221696, 0.0078658741, 0.999064565, 0.00179744384, 0.9999668, -0.00794948079, -0.99909389, 0.00213379157, 0.0425066166},{-5.042101860046387, 1.5444822311401367, 113.5090560913086},{-6.122186183929443, -1.5481294393539429, 118.61883544921875},{-4.6379008293151855, 3.6285831928253174, 107.85811614990234},{-5.594955921173096, -3.9610540866851807, 108.60456848144531},{0},{1},{0}},{{2064.20874, 198.082718, 619.717529, 0.0434535183, 0.00702653732, 0.999030769, 0.000554398226, 0.999974966, -0.00705729239, -0.999055266, 0.000860525062, 0.0434485339},{-4.9986066818237305, 1.8097892999649048, 113.75139617919922},{-4.289758682250977, -1.3596075773239136, 115.82317352294922},{-4.84792423248291, 3.706084966659546, 108.1657485961914},{-4.639132976531982, -3.7248528003692627, 108.42315673828125},{0},{1},{0}},{{2054.62817, 198.077789, 619.302246, 0.0432196707, 0.00730069587, 0.999038935, -0.00115145394, 0.999972999, -0.00725770881, -0.999064922, -0.000836671505, 0.0432269089},{-5.0704026222229, 2.0342700481414795, 114.68428039550781},{-4.870962619781494, -1.8237831592559814, 114.99778747558594},{-4.825106620788574, 3.840424060821533, 109.38241577148438},{-5.838141918182373, -3.9560651779174805, 110.97264862060547},{0},{1},{0}},{{2043.67737, 198.082581, 618.82666, 0.0435301848, 0.00820473116, 0.999018431, -0.00088614237, 0.999966204, -0.00817390345, -0.99905169, -0.000529461016, 0.0435359851},{-5.711939811706543, 1.4005390405654907, 117.64737701416016},{-4.9628987312316895, -1.6516015529632568, 116.0890121459961},{-4.909672260284424, 3.9454047679901123, 110.16062927246094},{-4.600734233856201, -3.6888506412506104, 110.9605941772461},{0},{1},{0}},{{2033.2782, 198.076706, 618.367371, 0.0443637557, 0.00848872028, 0.99897939, -0.000776531699, 0.99996388, -0.00846260134, -0.999015152, -0.000400306395, 0.0443687439},{-4.249931335449219, 1.7151198387145996, 121.46711730957031},{-5.159745693206787, -1.7758013010025024, 117.18061828613281},{-3.9028594493865967, 4.250009536743164, 112.4456558227539},{-6.090088844299316, -4.212474822998047, 112.28048706054688},{0},{1},{0}},{{2022.13379, 198.080154, 617.865173, 0.0452977233, 0.00758310361, 0.998944759, -0.000269589771, 0.999971271, -0.00757867098, -0.998973489, 7.39912575e-05, 0.0452984646},{-5.5905046463012695, 1.774568796157837, 118.91773223876953},{-5.291306018829346, -1.9811290502548218, 117.78894805908203},{-5.16792631149292, 3.864088296890259, 112.77112579345703},{-5.013633728027344, -3.9449939727783203, 112.25475311279297},{0},{1},{0}},{{2012.21716, 198.07785, 617.410889, 0.0457951166, 0.00726363948, 0.998924434, -0.00124370737, 0.999973178, -0.00721424818, -0.998950064, -0.000911992393, 0.0458029248},{-6.076425075531006, 1.5658563375473022, 120.59011840820312},{-5.358684539794922, -1.9157358407974243, 118.91200256347656},{-5.434446334838867, 3.675468683242798, 113.77159881591797},{-5.119161605834961, -3.873311758041382, 113.13654327392578},{0},{1},{0}},{{2000.88159, 198.087646, 616.885864, 0.0464385264, 0.0074655395, 0.998893261, -0.000978070777, 0.999971926, -0.0074281306, -0.998920679, -0.000632036885, 0.0464445241},{-5.7468037605285645, 1.7751214504241943, 120.14151000976562},{-5.458122253417969, -1.8217796087265015, 119.789306640625},{-4.32808780670166, 4.031799793243408, 115.04007720947266},{-5.229131698608398, -3.738093376159668, 114.17973327636719},{0},{1},{0}},{{1990.12207, 198.086578, 616.380859, 0.047085423, 0.00770711806, 0.998861134, -0.000404883089, 0.999970317, -0.00769659039, -0.998890758, -4.20247634e-05, 0.0470871441},{-5.865666389465332, 1.7835890054702759, 121.13038635253906},{-5.592158794403076, -1.8670388460159302, 120.77142333984375},{-4.476716041564941, 4.067918300628662, 116.24993133544922},{-5.3229756355285645, -3.863856077194214, 115.1307601928711},{0},{1},{0}},{{1978.59473, 198.077347, 615.831848, 0.0478012338, 0.00792587176, 0.998825431, 0.000122635203, 0.999968469, -0.00794081111, -0.998856843, 0.000502071751, 0.0477987565},{-5.945211410522461, 2.0208005905151367, 121.86262512207031},{-5.7339768409729, -2.064544677734375, 121.80065155029297},{-5.642480373382568, 4.209278106689453, 115.86082458496094},{-5.456378936767578, -4.2183637619018555, 115.85191345214844},{0},{1},{0}},{{1967.65637, 198.07254, 615.30957, 0.047501877, 0.00941048842, 0.998826802, -0.000782072602, 0.999955654, -0.00938393082, -0.99887085, -0.000335400808, 0.0475071296},{-5.806631088256836, 2.079869031906128, 122.94911193847656},{-5.884189605712891, -2.014547109603882, 122.91390228271484},{-5.491863250732422, 4.633710861206055, 116.76807403564453},{-6.840933322906494, -4.608442783355713, 117.60643768310547},{0},{1},{0}},{{1955.93689, 198.107941, 614.750183, 0.0480745248, 0.0086046122, 0.998806715, -0.00102551479, 0.999962807, -0.00856521167, -0.998843253, -0.000612522592, 0.0480815619},{-6.712944507598877, 0.9264401793479919, 125.59529876708984},{-5.786111831665039, -1.1803103685379028, 123.76925659179688},{-5.720386028289795, 3.713055372238159, 117.85455322265625},{-5.489981174468994, -3.460564136505127, 118.60319519042969},{0},{1},{0}},{{1944.82031, 198.086884, 614.208008, 0.0489413664, 0.00632050959, 0.998781681, 0.00108035642, 0.999979079, -0.00638102554, -0.998801053, 0.00139133621, 0.0489335135},{-6.2769365310668945, 1.4366073608398438, 126.82280731201172},{-5.994436740875244, -2.0102856159210205, 125.10728454589844},{-5.984057903289795, 3.9172658920288086, 118.6611099243164},{-5.59013557434082, -3.764730215072632, 119.64925384521484},{0},{1},{0}},{{1933.61426, 198.071075, 613.658813, 0.0490839817, 0.00765699707, 0.99876529, -0.000798658351, 0.999970615, -0.00762698753, -0.998794317, -0.000423309335, 0.0490886532},{-6.891407489776611, 1.723083257675171, 127.61053466796875},{-6.034659385681152, -2.1676952838897705, 125.9771957397461},{-6.037299633026123, 4.463377952575684, 119.54765319824219},{-5.796782970428467, -4.323368549346924, 119.73388671875},{0},{1},{0}},{{1922.32336, 198.071457, 613.105896, 0.0486747585, 0.00895535294, 0.998774529, -0.00208259281, 0.999958515, -0.00886447541, -0.998812497, -0.00164856436, 0.0486913919},{-6.300673007965088, 2.2622575759887695, 126.7912368774414},{-6.167056560516357, -1.7262824773788452, 127.7745132446289},{-5.924531936645508, 4.733801364898682, 120.51608276367188},{-5.855743408203125, -4.578222274780273, 120.459716796875},{0},{1},{0}},{{1910.94922, 198.085129, 612.542908, 0.0497353263, 0.00799740944, 0.998730421, -0.000300367363, 0.999967992, -0.0079923626, -0.998762369, 9.75167131e-05, 0.0497361384},{-5.494441986083984, 1.6825507879257202, 133.16123962402344},{-6.034444808959961, -1.4876413345336914, 128.87548828125},{-6.095229148864746, 4.210981845855713, 121.64612579345703},{-5.978043079376221, -4.223690986633301, 121.60491180419922},{0},{1},{0}},{{1899.48962, 198.082565, 611.971008, 0.0500312895, 0.00676197466, 0.998724759, 0.00186165096, 0.999974728, -0.00686369697, -0.998745918, 0.00220267661, 0.0500174351},{-6.604367733001709, 1.785842776298523, 129.96197509765625},{-6.309815883636475, -2.3431551456451416, 128.63694763183594},{-6.188747406005859, 4.247891426086426, 122.27046966552734},{-6.055484294891357, -4.394331932067871, 122.2768325805664},{0},{1},{0}},{{1887.94348, 198.079102, 611.403992, 0.0487287417, 0.00731733395, 0.998785257, -0.00120897614, 0.99997288, -0.00726705091, -0.998811305, -0.000853393343, 0.0487362631},{-5.341279029846191, 1.9966838359832764, 133.84629821777344},{-6.260158538818359, -2.0816051959991455, 129.783447265625},{-6.115589618682861, 4.404629230499268, 123.14299011230469},{-6.013661861419678, -4.277983665466309, 123.21229553222656},{0},{1},{0}},{{1877.0448, 198.078873, 610.877502, 0.0479557998, 0.00732559524, 0.99882257, -0.00309242099, 0.999969423, -0.00718553178, -0.998844683, -0.00274419202, 0.0479769856},{-4.714293479919434, 2.1853818893432617, 136.15696716308594},{-5.785852909088135, -1.4328638315200806, 131.61376953125},{-6.059452533721924, 4.5140461921691895, 123.88094329833984},{-5.9471354484558105, -4.18961763381958, 124.00732421875},{-1},{1},{0}},{{1863.86707, 198.052948, 610.313843, 0.0412348956, 0.00690737506, 0.9991256, -0.00891731866, 0.999938846, -0.00654497044, -0.999109685, -0.00863964017, 0.0412939675},{-3.637821674346924, 3.134500741958618, 131.47933959960938},{-3.9124093055725098, -1.5230668783187866, 137.80718994140625},{-5.498611927032471, 4.692248821258545, 125.78205871582031},{-5.216983318328857, -4.151767253875732, 125.14583587646484},{0},{1},{0}},{{1852.06262, 198.074783, 609.910828, 0.0334034301, 0.00826335046, 0.999407768, -0.00805085897, 0.999935627, -0.00799862947, -0.999409497, -0.00777890999, 0.0334678069},{-3.9998905658721924, 2.278402328491211, 132.28981018066406},{-3.100032091140747, -1.1951414