return {{{2458.94946, 198.070511, 604.768616, -0.127362117, 0.00834859163, 0.99182117, 0.00508043077, 0.999956965, -0.00776468404, -0.991843283, 0.00404995168, -0.127399057},{0.2473689615726471, 0.011517813429236412, 1.190906286239624},{0.2560838758945465, -0.030159125104546547, 1.3223353624343872},{0.21552307903766632, 0.04068654403090477, 1.1739130020141602},{0.23915240168571472, -0.03673646226525307, 1.1906402111053467},{0},{1},{0}},{{2458.78735, 198.06749, 604.788574, -0.127520546, 0.00849882606, 0.991799533, 0.00396640971, 0.999959648, -0.00805877056, -0.991828024, 0.00290622422, -0.127549112},{0.22408097982406616, 0.03739078715443611, 2.460754871368408},{0.20551015436649323, -0.02282225340604782, 2.3306632041931152},{0.2352166622877121, 0.06288443505764008, 2.274111270904541},{0.23627500236034393, -0.08741781115531921, 2.2274410724639893},{0},{1},{0}},{{2458.52588, 198.055618, 604.813049, -0.127386913, 0.00728021236, 0.991826355, -0.0045301863, 0.999958336, -0.00792174507, -0.991842747, -0.00550228497, -0.127348632},{0.41792768239974976, 0.06790661066770554, 3.4752705097198486},{0.42312484979629517, -0.03908826410770416, 3.4526774883270264},{0.396497517824173, 0.11660590022802353, 3.275047540664673},{0.3890104293823242, -0.10092627257108688, 3.2879457473754883},{0},{1},{0}},{{2458.07568, 198.055939, 604.872559, -0.127353087, 0.00687584048, 0.991833627, -0.00290959235, 0.999969065, -0.00730583584, -0.991853178, -0.00381625234, -0.127329141},{0.6113395094871521, 0.08437420427799225, 4.597756385803223},{0.6380293369293213, -0.062310755252838135, 4.656686782836914},{0.5882641077041626, 0.15316714346408844, 4.39170503616333},{0.5856434106826782, -0.13467876613140106, 4.412420272827148},{0},{1},{0}},{{2457.50513, 198.056335, 604.947937, -0.127340376, 0.00679251272, 0.991835833, -0.000623413653, 0.999975801, -0.00692829816, -0.9918589, -0.00150057615, -0.127333075},{0.7164900302886963, 0.09846793860197067, 5.652520179748535},{0.7259382605552673, -0.08186738938093185, 5.668439865112305},{0.6850172877311707, 0.17956483364105225, 5.374641418457031},{0.6873506307601929, -0.1734066903591156, 5.382228374481201},{0},{1},{0}},{{2456.96777, 198.054367, 605.015686, -0.127309904, 0.00681582047, 0.991839588, -0.00167353952, 0.999973476, -0.0070865266, -0.991861582, -0.0025620677, -0.127295122},{0.8224026560783386, 0.1158340722322464, 6.474020481109619},{0.8222644329071045, -0.08770448714494705, 6.49123477935791},{0.7823572158813477, 0.20869937539100647, 6.154263973236084},{0.7861918807029724, -0.19749586284160614, 6.159475326538086},{0},{1},{0}},{{2456.36035, 198.053619, 605.093445, -0.127306387, 0.00683937734, 0.991839886, -0.00190895237, 0.999972701, -0.00714047998, -0.991861582, -0.00280240364, -0.127289847},{0.9298652410507202, 0.12837687134742737, 7.248842716217041},{0.9404719471931458, -0.09784034639596939, 7.283490180969238},{0.8876842856407166, 0.23624876141548157, 6.898648262023926},{0.8879021406173706, -0.220167875289917, 6.9112935066223145},{0},{1},{0}},{{2455.68237, 198.053116, 605.180725, -0.127310961, 0.00687917182, 0.991838992, -0.00162872265, 0.999973178, -0.00714464905, -0.991861522, -0.00252502272, -0.127296329},{1.0351039171218872, 0.14072436094284058, 8.075197219848633},{1.0440105199813843, -0.1103571355342865, 8.111289978027344},{0.9849667549133301, 0.26285260915756226, 7.684571743011475},{0.9898349046707153, -0.24692124128341675, 7.696275234222412},{0},{1},{0}},{{2454.92871, 198.052246, 605.277405, -0.127308473, 0.00701535586, 0.991838336, -0.00164688821, 0.999972105, -0.00728427479, -0.99186182, -0.00256079691, -0.127293378},{1.1424137353897095, 0.15592645108699799, 8.938337326049805},{1.1530377864837646, -0.12271742522716522, 8.974531173706055},{1.089406132698059, 0.29259365797042847, 8.503409385681152},{1.0922316312789917, -0.27520355582237244, 8.516064643859863},{0},{1},{0}},{{2454.04419, 198.051392, 605.390869, -0.12731798, 0.00706760818, 0.991836786, -0.00178793492, 0.99997133, -0.00735508325, -0.99186033, -0.00270977407, -0.127301693},{1.2664517164230347, 0.1716526597738266, 9.888249397277832},{1.2770320177078247, -0.13338026404380798, 9.93166446685791},{1.2062002420425415, 0.3257579505443573, 9.406917572021484},{1.2086414098739624, -0.30501696467399597, 9.42231273651123},{0},{1},{0}},{{2452.88501, 198.050598, 605.539734, -0.127332628, 0.00728145428, 0.991833329, -0.00185109826, 0.999969542, -0.00757883163, -0.991858363, -0.00280101341, -0.127315283},{1.4205776453018188, 0.18880631029605865, 11.084236145019531},{1.4324270486831665, -0.14636535942554474, 11.134181022644043},{1.350730299949646, 0.3684768080711365, 10.543540954589844},{1.3561735153198242, -0.3443962633609772, 10.560883522033691},{0},{1},{0}},{{2451.65625, 198.049698, 605.697327, -0.127349958, 0.00754665909, 0.991829157, -0.0020018206, 0.999967039, -0.00786561053, -0.9918558, -0.00298714917, -0.127330661},{1.5789790153503418, 0.20793220400810242, 12.320101737976074},{1.5925475358963013, -0.15847542881965637, 12.376194953918457},{1.5019201040267944, 0.4143238961696625, 11.718008041381836},{1.5065577030181885, -0.38631144165992737, 11.736991882324219},{0},{1},{0}},{{2450.51709, 198.051422, 605.843872, -0.127399594, 0.0078721568, 0.991820216, -0.00205041887, 0.999964297, -0.0082001742, -0.991849363, -0.00307834568, -0.127378896},{1.729095458984375, 0.22051186859607697, 13.4443359375},{1.7338982820510864, -0.17588989436626434, 13.491040229797363},{1.6406421661376953, 0.4545990228652954, 12.787284851074219},{1.6477679014205933, -0.4243309795856476, 12.806270599365234},{0},{1},{0}},{{2448.95679, 198.064377, 606.045044, -0.127392307, 0.00634321105, 0.991832137, -0.00249852496, 0.99997431, -0.00671619829, -0.991849244, -0.0033337092, -0.127373189},{1.8618268966674805, 0.2251185178756714, 14.776057243347168},{1.8578705787658691, -0.18987728655338287, 14.708300590515137},{1.9267534017562866, 0.5230951309204102, 13.838420867919922},{1.6693947315216064, -0.5316453576087952, 13.826227188110352},{0},{1},{0}},{{2447.23145, 198.082718, 606.269226, -0.127550513, 0.00533523457, 0.991817713, -1.01171236e-05, 0.999985516, -0.00538047263, -0.991832078, -0.000696316361, -0.127548605},{2.093508720397949, 0.005047032609581947, 16.47581672668457},{2.091578722000122, -0.408346027135849, 16.467288970947266},{1.9520306587219238, 0.4594067633152008, 15.602828025817871},{2.0695109367370605, -0.46481797099113464, 15.548076629638672},{1},{1},{0}},{{2445.70752, 198.075836, 606.45105, -0.125423819, 0.00892150588, 0.992063165, 0.00105062197, 0.999960184, -0.00885969587, -0.992102683, -6.8933572e-05, -0.1254282},{1.6863229274749756, -0.45358923077583313, 18.17755699157715},{1.6849445104599, -0.8427152633666992, 17.863195419311523},{2.1338016986846924, 0.5277736186981201, 17.17089080810547},{2.187135696411133, -0.6706005930900574, 16.81483268737793},{1},{1},{0}},{{2443.49683, 198.084427, 606.666992, -0.116194911, 0.00986707769, 0.993177414, 0.000560247339, 0.999951124, -0.00986882858, -0.99322629, -0.000590282725, -0.116194762},{1.627030611038208, 0.49563106894493103, 20.467769622802734},{1.6158298254013062, 0.023456355556845665, 20.01894187927246},{2.2665388584136963, 0.582360029220581, 19.31121063232422},{2.1692428588867188, -0.7636242508888245, 18.902259826660156},{0},{1},{0}},{{2441.24609, 198.088486, 606.888672, -0.1108362, 0.0107087567, 0.993780971, -0.00252741436, 0.999935687, -0.0110569596, -0.993835449, -0.00373720797, -0.11080201},{2.0642995834350586, 0.39741018414497375, 22.649484634399414},{2.3519725799560547, -0.02795296534895897, 25.685606002807617},{2.3682329654693604, 0.7298734188079834, 21.477832794189453},{2.379467010498047, -0.7681279182434082, 21.278018951416016},{0},{1},{0}},{{2439.1499, 198.085358, 607.093994, -0.106367059, 0.0111714778, 0.994264185, -0.00128013617, 0.999934494, -0.0113721387, -0.994326115, -0.00248241448, -0.106345788},{2.1877188682556152, 0.35822218656539917, 24.62831687927246},{2.2753522396087646, -0.14178897440433502, 24.3631534576416},{2.5209741592407227, 0.8105199337005615, 23.43834114074707},{2.493340253829956, -0.8989741802215576, 23.150299072265625},{0},{1},{0}},{{2436.87085, 198.081665, 607.321533, -0.103991441, 0.0103209401, 0.994524658, -0.00142753427, 0.999943554, -0.0105264448, -0.994577169, -0.00251437817, -0.103970841},{2.5016634464263916, 0.40227484703063965, 26.650297164916992},{2.565938711166382, -0.21082228422164917, 26.48456573486328},{2.663038969039917, 0.9131755828857422, 25.309261322021484},{2.6247434616088867, -0.9458625316619873, 25.15826988220215},{0},{1},{0}},{{2433.76465, 198.087326, 607.632385, -0.102241643, 0.0109170862, 0.994699657, -0.00151592505, 0.999936879, -0.0111303832, -0.994758427, -0.00264587882, -0.102218643},{2.7597885131835938, 0.26730793714523315, 28.868650436401367},{2.800168991088867, -0.18205009400844574, 28.756011962890625},{2.8485398292541504, 1.0284783840179443, 27.773422241210938},{2.849820137023926, -1.0244961977005005, 27.696697235107422},{0},{1},{0}},{{2431.03491, 198.093735, 607.905762, -0.101334788, 0.0116999028, 0.99478358, -0.00272714207, 0.999923825, -0.012038162, -0.994848669, -0.00393280061, -0.101295158},{3.0634231567382812, 0.3463129699230194, 31.959365844726562},{3.146505832672119, -0.24047163128852844, 31.93221092224121},{3.0134596824645996, 1.108086347579956, 30.423751831054688},{3.167538642883301, -1.0833848714828491, 30.258848190307617},{0},{1},{0}},{{2428.08105, 198.087723, 608.199951, -0.100101106, 0.0119021283, 0.994906068, -0.00118542521, 0.999926329, -0.0120814554, -0.99497658, -0.0023887537, -0.100079618},{3.1987080574035645, 0.3838280141353607, 34.30983352661133},{3.4380877017974854, -0.27688419818878174, 34.21083068847656},{3.2113466262817383, 1.242159128189087, 32.67341232299805},{3.357296943664551, -1.2430251836776733, 32.54922866821289},{0},{1},{0}},{{2424.90527, 198.073074, 608.513733, -0.099427253, 0.0117043173, 0.994975984, -0.00127270597, 0.999928534, -0.0118897557, -0.995043993, -0.00244847755, -0.0994052514},{5.025940895080566, 0.7067515254020691, 51.59728240966797},{5.151036739349365, -0.6272774338722229, 53.318138122558594},{3.4970085620880127, 1.452046513557434, 34.98044967651367},{3.465085029602051, -1.428861141204834, 34.960670471191406},{0},{1},{0}},{{2421.51489, 198.095535, 608.847839, -0.0990566909, 0.0122671062, 0.995006204, -0.00180437462, 0.99992013, -0.0125073213, -0.995080173, -0.00303429784, -0.0990266502},{3.9684672355651855, 0.5385749936103821, 40.75496292114258},{3.8224048614501953, -0.28414276242256165, 38.94841766357422},{3.580235719680786, 1.2659832239151, 37.58730697631836},{3.930314302444458, -1.2165758609771729, 37.695159912109375},{0},{1},{0}},{{2416.94385, 198.089355, 609.30188, -0.0990078077, 0.0123358471, 0.995010197, -0.00192630826, 0.999918878, -0.0125883799, -0.995084763, -0.00316304411, -0.098976016},{7.6146769523620605, 0.10471317917108536, 67.42705535888672},{5.8393354415893555, -0.0218276958912611, 67.77925109863281},{3.922393560409546, 1.584307074546814, 40.44681167602539},{4.087697505950928, -1.5034066438674927, 40.4305534362793},{0},{1},{0}},{{2412.03125, 198.078491, 609.789185, -0.0990796983, 0.011996543, 0.995007157, -0.00153487176, 0.999924302, -0.0122086657, -0.995078325, -0.00273683923, -0.0990537852},{4.246600151062012, 0.4955998361110687, 46.834083557128906},{4.698473930358887, -0.589133620262146, 45.5552978515625},{4.214101791381836, 1.790053367614746, 43.28105926513672},{4.362406253814697, -1.6948316097259521, 43.34215545654297},{0},{1},{0}},{{2407.84961, 198.080917, 610.209473, -0.0996869355, 0.0127261374, 0.994937479, -0.00178951793, 0.999914289, -0.0129690943, -0.995017231, -0.00307330769, -0.0996556208},{5.260104179382324, 0.677177369594574, 52.912841796875},{5.356629371643066, -0.3516840934753418, 52.89586639404297},{4.586512565612793, 1.8307584524154663, 45.87787628173828},{4.5991291999816895, -1.863165259361267, 45.53418731689453},{0},{1},{0}},{{2403.45605, 198.088593, 610.644592, -0.0991282314, 0.0123803653, 0.994997621, -0.00135706342, 0.999920011, -0.0125768119, -0.995073736, -0.00259699207, -0.0991035029},{5.632998466491699, 0.6543274521827698, 58.61786651611328},{6.069584369659424, -0.59881192445755, 59.10096740722656},{4.716628074645996, 1.9133421182632446, 47.868408203125},{4.816342353820801, -1.7771856784820557, 48.19221878051758},{0},{1},{0}},{{2398.87109, 198.082657, 611.104065, -0.0997707322, 0.0105937459, 0.99495405, -0.0023172081, 0.99993813, -0.0108791757, -0.995007753, -0.00339093897, -0.099740006},{5.122928619384766, 0.6482750773429871, 52.24062728881836},{5.929845333099365, -0.4621604084968567, 57.99211883544922},{4.924282550811768, 1.9382672309875488, 49.7321662902832},{5.01377534866333, -1.8623828887939453, 49.67558288574219},{0},{1},{0}},{{2392.85034, 198.083847, 611.702026, -0.0989859477, 0.0113162557, 0.995024502, -0.00160267868, 0.99993223, -0.0115315067, -0.995087564, -0.0027361617, -0.0989611},{7.331691265106201, 0.1378534436225891, 65.13819122314453},{5.559298992156982, -0.5993902683258057, 56.46013259887695},{5.006191253662109, 1.8257218599319458, 53.20808792114258},{5.312680721282959, -1.9790328741073608, 52.45805358886719},{0},{1},{0}},{{2386.54883, 198.080994, 612.315857, -0.0974183232, 0.0101107135, 0.99519217, 0.000541690271, 0.9999488, -0.0101060132, -0.995243371, -0.000445424957, -0.0974188074},{5.384872913360596, 0.7714830040931702, 57.40085220336914},{6.150310516357422, -0.6551386713981628, 58.78730773925781},{5.270137786865234, 2.055461883544922, 54.581512451171875},{5.644611835479736, -1.8954458236694336, 55.24273681640625},{0},{1},{0}},{{2381.32861, 198.07901, 612.82373, -0.0973751247, 0.00898045208, 0.99520725, -0.00112320005, 0.999957681, -0.00913321692, -0.995247126, -0.00200716499, -0.0973609164},{5.628172874450684, 0.9124370813369751, 59.31219482421875},{6.383742332458496, -0.6389507055282593, 60.78771209716797},{6.842967510223389, 2.260995626449585, 59.2373161315918},{5.570654392242432, -2.0392236709594727, 56.34860610961914},{0},{1},{0}},{{2374.57202, 198.07814, 613.483643, -0.0975398943, 0.0103333043, 0.995177984, -0.00159658806, 0.999943197, -0.0105392691, -0.995230317, -0.00261688838, -0.0975178555},{5.828941345214844, 0.9549629092216492, 61.54307174682617},{6.068786144256592, -0.7853538393974304, 61.57844543457031},{5.6948466300964355, 2.2916595935821533, 58.541282653808594},{5.014172554016113, -2.4221036434173584, 62.38335418701172},{0},{1},{0}},{{2368.98999, 198.084106, 614.023132, -0.0963862166, 0.0105615379, 0.995287955, -0.000705526501, 0.99994272, -0.0106792571, -0.995343745, -0.0017315353, -0.0963732451},{5.940816879272461, 0.8303245306015015, 63.36079788208008},{6.724299430847168, -0.5762145519256592, 64.59481811523438},{5.7608842849731445, 2.307818651199341, 60.19485855102539},{5.911564826965332, -2.2136220932006836, 60.45460510253906},{0},{1},{0}},{{2363.24097, 198.083832, 614.578003, -0.0964921564, 0.00994635653, 0.995284021, -0.00126496516, 0.999948025, -0.0101156039, -0.995332956, -0.00223507616, -0.0964745656},{6.051578998565674, 0.9602950215339661, 65.0537338256836},{6.97710657119751, -0.6112709641456604, 67.03773498535156},{7.358489036560059, 2.4971697330474854, 64.87252044677734},{6.05212926864624, -2.2464771270751953, 61.93928527832031},{0},{1},{0}},{{2357.33203, 198.079361, 615.15564, -0.0972716659, 0.0107917748, 0.995199382, -0.00125924835, 0.999939084, -0.0109662516, -0.99525708, -0.0023199087, -0.0972521529},{6.86444616317749, 0.8169135451316833, 73.8947525024414},{6.54477071762085, -0.8092188835144043, 66.98931884765625},{6.059687614440918, 2.2587573528289795, 64.3570785522461},{6.302434921264648, -2.459041118621826, 63.58900451660156},{0},{1},{0}},{{2349.71851, 198.081726, 615.894775, -0.0970824435, 0.0104664685, 0.995221317, -0.001008522, 0.999943137, -0.010614506, -0.995275855, -0.00203418476, -0.0970663652},{6.530025005340576, 0.8138352036476135, 69.13941192626953},{7.400486946105957, -0.6145980954170227, 70.5652847290039},{7.866599082946777, 2.747209310531616, 69.30296325683594},{6.446873664855957, -2.4809720516204834, 65.74890899658203},{0},{1},{0}},{{2343.44873, 198.080658, 616.505859, -0.097461395, 0.00987976976, 0.995190263, -0.00107318279, 0.999949098, -0.0100321118, -0.995238721, -0.00204576482, -0.0974458382},{6.682741641998291, 1.0697659254074097, 70.90642547607422},{7.764335632324219, -0.9111933708190918, 74.781005859375},{6.540168762207031, 2.5456652641296387, 67.5556869506836},{5.781647682189941, -2.64422607421875, 70.07366180419922},{0},{1},{0}},{{2337.02124, 198.080429, 617.133484, -0.0975684077, 0.0101627549, 0.995176911, -0.000914823613, 0.999946535, -0.0103011522, -0.99522841, -0.00191547838, -0.0975538939},{6.992806434631348, 1.040235161781311, 72.77812194824219},{8.235933303833008, -0.9168187379837036, 79.83172607421875},{8.00720500946045, 2.807314395904541, 70.7225341796875},{6.854797840118408, -2.569629430770874, 69.2721176147461},{0},{1},{0}},{{2328.76685, 198.077271, 617.939514, -0.097434625, 0.0104837054, 0.995186687, -0.00107812427, 0.999942839, -0.010639363, -0.995241344, -0.00210957718, -0.0974177495},{6.807587623596191, 0.9315704107284546, 76.49198913574219},{7.477448463439941, -0.9575726389884949, 74.93818664550781},{6.782406330108643, 2.5248680114746094, 72.01798248291016},{7.049173831939697, -2.729208469390869, 71.228271484375},{0},{1},{0}},{{2320.26782, 198.080551, 618.763489, -0.0970337242, 0.0104909232, 0.995225787, -0.00115691603, 0.999942601, -0.0106534418, -0.995280445, -0.00218513585, -0.0970160216},{7.3055620193481445, 1.035300374031067, 77.20892333984375},{8.202116966247559, -0.6892940998077393, 78.5357666015625},{6.962912082672119, 2.5426251888275146, 74.20674133300781},{7.2233967781066895, -2.789747953414917, 73.25537109375},{0},{1},{0}},{{2313.29346, 198.08197, 619.440735, -0.0970223919, 0.0109551195, 0.995221913, -0.00101367501, 0.999937832, -0.0111058522, -0.995281696, -0.0020863479, -0.0970052481},{7.685796737670898, 0.8959693312644958, 81.46208953857422},{7.728201866149902, -0.9614498615264893, 78.78934478759766},{7.268395900726318, 2.8946123123168945, 75.1766128540039},{7.676257133483887, -2.6242542266845703, 75.77316284179688},{0},{1},{0}},{{2304.35938, 198.082367, 620.304626, -0.096651271, 0.0101053528, 0.995267034, -0.00142383075, 0.999946058, -0.0102911303, -0.99531728, -0.00241174246, -0.0966316685},{7.712811470031738, 1.0968348979949951, 81.11178588867188},{7.96126651763916, -1.0359649658203125, 81.04216003417969},{7.282565593719482, 2.6786890029907227, 77.7127914428711},{7.888425350189209, -2.603097915649414, 77.92635345458984},{1},{1},{0}},{{2297.04077, 198.083878, 620.993835, -0.094230175, 0.010271878, 0.995497465, 0.0013153567, 0.99994719, -0.0101932846, -0.99554956, 0.000348919188, -0.0942387134},{6.96273946762085, 0.3850845694541931, 86.1789779663086},{6.38936185836792, -1.072060227394104, 92.14300537109375},{7.448899269104004, 2.838181495666504, 78.95743560791016},{7.5862040519714355, -3.0476996898651123, 78.48041534423828},{1},{1},{0}},{{2287.72192, 198.076828, 621.751709, -0.0803850666, 0.00758312223, 0.996735036, 0.0083484333, 0.999941111, -0.00693422602, -0.996728897, 0.00776376808, -0.080443643},{2.260498285293579, 0.27514246106147766, 90.56814575195312},{1.512567400932312, -2.222935438156128, 92.344482421875},{6.692158222198486, 2.56994891166687, 80.57139587402344},{6.625092506408691, -3.463557481765747, 79.70362854003906},{1},{1},{0}},{{2280.16577, 198.095856, 622.203003, -0.0628022924, 0.00735368161, 0.997998893, 0.0135254599, 0.999887288, -0.00651646266, -0.997934341, 0.0130891455, -0.0628946722},{-0.6031814813613892, 1.6558235883712769, 87.36406707763672},{-0.06691832095384598, -1.4229011535644531, 87.4936294555664},{5.293738842010498, 2.1250720024108887, 81.93219757080078},{5.222492218017578, -3.5723633766174316, 80.37203979492188},{0},{1},{0}},{{2272.49902, 198.112244, 622.477478, -0.0400325581, 0.00946004689, 0.999153614, 0.0140172234, 0.999862075, -0.00890513416, -0.999100029, 0.0136488639, -0.040159639},{1.108372688293457, 1.9404520988464355, 85.48103332519531},{2.379274845123291, -1.135579228401184, 86.31132507324219},{3.3171091079711914, 2.126767635345459, 83.0108642578125},{3.366950273513794, -3.5799412727355957, 81.74835205078125},{0},{1},{0}},{{2262.74463, 198.103561, 622.66687, -0.0225093216, 0.00815007742, 0.999713421, 0.00448112283, 0.999957561, -0.00805117097, -0.999736607, 0.00429861201, -0.0225448869},{0.5636817216873169, 1.261642336845398, 90.4802017211914},{1.0921951532363892, -1.0159821510314941, 87.82171630859375},{1.8237972259521484, 2.4384303092956543, 84.2914810180664},{1.979225516319275, -3.031315803527832, 83.5785140991211},{0},{1},{0}},{{2252.27979, 198.075012, 622.820679, -0.015923284, 0.00733470079, 0.999846339, -0.00208841427, 0.999970675, -0.00736887287, -0.999871016, -0.00220542983, -0.0159074981},{0.8205276727676392, 1.3366262912750244, 90.38959503173828},{-0.48765966296195984, -1.1778931617736816, 94.8301010131836},{1.0947740077972412, 2.7604620456695557, 86.59821319580078},{1.5509015321731567, -3.0102412700653076, 85.45793151855469},{1},{1},{0}},{{2242.64697, 198.080292, 622.89386, -0.00632977299, 0.00896279886, 0.999939799, 0.00768453861, 0.999930739, -0.00891407393, -0.999950469, 0.00762765203, -0.00639820984},{-1.9477089643478394, 0.9125300645828247, 92.98326873779297},{-1.2481086254119873, -1.4796875715255737, 91.17047882080078},{0.6166993379592896, 3.0252444744110107, 87.31803894042969},{0.7395541667938232, -3.727827310562134, 86.79973602294922},{0},{1},{0}},{{2234.42871, 198.08963, 622.842163, 0.00539326854, 0.00890695397, 0.99994576, 0.0125698103, 0.999880731, -0.00897417031, -0.99990648, 0.0126175294, 0.00528066652},{-2.4857895374298096, 0.9104317426681519, 94.04069519042969},{-1.8285337686538696, -1.642687201499939, 92.27735137939453},{-0.6476614475250244, 2.3677902221679688, 89.55512237548828},{-0.35202693939208984, -3.970792055130005, 87.71441650390625},{0},{1},{0}},{{2226.09424, 198.093277, 622.701294, 0.0145642385, 0.00910785142, 0.999852479, 0.00524211209, 0.999944091, -0.00918504409, -0.999880195, 0.00537511194, 0.0145156793},{-2.5173447132110596, 1.195564866065979, 96.1320571899414},{-1.7626264095306396, -1.3772517442703247, 93.75860595703125},{-1.4198517799377441, 2.936319589614868, 89.59711456298828},{-1.0531951189041138, -3.195371150970459, 90.514892578125},{0},{1},{0}},{{2217.62793, 198.079712, 622.543335, 0.0177837554, 0.00908262562, 0.999800622, -0.00309401052, 0.999954462, -0.00902898982, -0.999837041, -0.00293282419, 0.0178110469},{-1.0216212272644043, 1.8291809558868408, 99.18231964111328},{-1.4149894714355469, -0.9280834794044495, 96.80329895019531},{-1.9535191059112549, 2.97861385345459, 91.64676666259766},{-1.494713544845581, -3.20286226272583, 90.62854766845703},{0},{1},{0}},{{2209.05176, 198.071121, 622.378052, 0.0195282698, 0.00805496424, 0.99977684, -0.00142963754, 0.999966741, -0.00802856963, -0.999808311, -0.00127253449, 0.0195391346},{-1.9320106506347656, 1.340935230255127, 97.91915893554688},{-1.9024784564971924, -1.5566076040267944, 96.46372985839844},{-1.8345485925674438, 3.4674441814422607, 91.85274505615234},{-1.6764941215515137, -3.3729076385498047, 91.70903778076172},{0},{1},{0}},{{2200.35522, 198.083923, 622.202209, 0.020473659, 0.00867742859, 0.99975276, 0.00160092465, 0.99996078, -0.00871201884, -0.999789119, 0.00177889573, 0.0204589646},{-2.1486682891845703, 1.4071376323699951, 97.9537124633789},{-1.5169854164123535, -1.1781466007232666, 99.76495361328125},{-2.1935017108917236, 2.984862804412842, 93.95718383789062},{-1.7941935062408447, -3.4057188034057617, 93.20344543457031},{0},{1},{0}},{{2191.5415, 198.079773, 622.018311, 0.0202098656, 0.00857697055, 0.999758959, -0.00102555496, 0.999962866, -0.00855798833, -0.999795258, -0.000852352008, 0.0202179104},{-2.711942672729492, 1.2577561140060425, 100.63139343261719},{-1.920715093612671, -1.446825623512268, 99.02495574951172},{-2.3194212913513184, 2.980841875076294, 95.46656036376953},{-1.8538631200790405, -3.2343761920928955, 94.82290649414062},{0},{1},{0}},{{2182.61816, 198.080093, 621.83374, 0.0204237364, 0.00833195914, 0.999756694, -0.00192515855, 0.99996376, -0.00829435606, -0.999789536, -0.00175528834, 0.0204390362},{-2.3236076831817627, 1.6045215129852295, 100.4122314453125},{-1.5107389688491821, -1.1065800189971924, 102.37730407714844},{-2.073087453842163, 3.4696879386901855, 95.47789001464844},{-1.7326140403747559, -3.177744150161743, 96.22613525390625},{0},{1},{0}},{{2173.58008, 198.074951, 621.658264, 0.0195292458, 0.00963768922, 0.999762833, -0.00168514717, 0.999952435, -0.00960659981, -0.999807894, -0.00149713783, 0.0195445567},{-2.0842881202697754, 1.6797816753387451, 101.72709655761719},{-3.3897006511688232, -1.0986164808273315, 107.91307067871094},{-1.9684998989105225, 3.608097553253174, 97.43634033203125},{-1.7631831169128418, -3.653249979019165, 96.62666320800781},{0},{1},{0}},{{2162.13013, 198.085114, 621.430542, 0.0202562027, 0.00909321848, 0.999753475, 0.000957020849, 0.999957979, -0.00911446847, -0.999794364, 0.00114140951, 0.020246651},{-2.16162109375, 1.484208583831787, 103.22444152832031},{-1.8982939720153809, -1.4387286901474, 103.81517028808594},{-2.0349926948547363, 3.4412009716033936, 98.73562622070312},{-1.9027879238128662, -3.6495893001556396, 98.12687683105469},{0},{1},{0}},{{2152.84204, 198.081253, 621.258667, 0.0187029522, 0.00770162884, 0.999795437, -0.00089812855, 0.999970078, -0.00768617308, -0.999824703, -0.000754190667, 0.0187093094},{-1.4111603498458862, 1.7484551668167114, 104.57926177978516},{-0.5798275470733643, -1.2207903861999512, 105.83358764648438},{-0.9124927520751953, 3.7085344791412354, 100.4383544921875},{-1.745825171470642, -3.2437686920166016, 100.2872085571289},{-1},{1},{0}},{{2143.43604, 198.06073, 621.160156, 0.0099939527, 0.00744507555, 0.999922335, -0.00845382456, 0.999937177, -0.00736069214, -0.999914348, -0.0083796056, 0.0100562647},{1.4846858978271484, 2.627248764038086, 113.43927764892578},{2.255941152572632, -1.4208792448043823, 105.81529998779297},{-1.2230925559997559, 4.16226053237915, 100.04679107666016},{-1.0785181522369385, -3.230999708175659, 100.74494171142578},{0},{1},{0}},{{2133.92993, 198.054367, 621.171875, -0.000975557894, 0.00729040848, 0.999972939, -0.0120756915, 0.999900401, -0.00730166072, -0.999926627, -0.0120824883, -0.000887423987},{1.5107085704803467, 2.226309299468994, 106.30548095703125},{2.2640066146850586, -1.525851845741272, 108.81352996826172},{-0.01168960239738226, 4.456662178039551, 101.06981658935547},{-0.04338232800364494, -3.0084609985351562, 102.64976501464844},{0},{1},{0}},{{2124.3208, 198.089264, 621.272888, -0.0101981228, 0.00855740719, 0.999911368, -0.00722312694, 0.99993664, -0.00863129273, -0.999921918, -0.00731051015, -0.0101356655},{1.0982365608215332, 1.4429528713226318, 109.039306640625},{1.8565229177474976, -0.9893627762794495, 108.07781982421875},{0.9464142918586731, 3.7421367168426514, 102.54090881347656},{0.015425199642777443, -3.116446018218994, 104.68206024169922},{0},{1},{0}},{{2114.00537, 198.086624, 621.417908, -0.0130372383, 0.00837556459, 0.999879956, -0.000521462935, 0.999964714, -0.00838307478, -0.999914885, -0.000630692462, -0.0130324103},{1.5507659912109375, 1.4444139003753662, 109.15413665771484},{2.139242649078369, -1.0409053564071655, 111.0531997680664},{1.2779266834259033, 3.516530990600586, 104.42826080322266},{1.5270746946334839, -3.6152267456054688, 103.69157409667969},{0},{1},{0}},{{2101.71313, 198.0728, 621.599792, -0.0148047991, 0.00777644385, 0.999860168, -0.000460861891, 0.999969602, -0.00778411888, -0.999890268, -0.000576039718, -0.0148007656},{3.110227346420288, 1.5868487358093262, 115.03936004638672},{1.845162272453308, -1.6553953886032104, 111.39117431640625},{1.3965845108032227, 3.863553047180176, 105.39327239990234},{1.627898931503296, -3.8435654640197754, 105.25635528564453},{0},{1},{0}},{{2089.88965, 198.073685, 621.789124, -0.0158245992, 0.00869659241, 0.999836981, -0.00279023917, 0.999957919, -0.00874180626, -0.999870896, -0.00292811985, -0.0157996677},{1.6285887956619263, 1.7636831998825073, 112.93358612060547},{1.837856411933899, -1.7298219203948975, 112.03395080566406},{1.6469653844833374, 3.974017381668091, 107.22554016113281},{1.772322177886963, -3.8680179119110107, 106.54521942138672},{0},{1},{0}},{{2077.28735, 198.086868, 621.98114, -0.0146543048, 0.00866480172, 0.999855101, -0.000337797566, 0.99996233, -0.00867068209, -0.999892592, -0.000464811455, -0.0146508263},{1.5445117950439453, 1.6715232133865356, 113.47650146484375},{1.9801371097564697, -1.2465078830718994, 114.27832794189453},{1.4944194555282593, 3.815377712249756, 107.99748992919922},{1.815007209777832, -3.6238086223602295, 108.81304931640625},{0},{1},{0}},{{2067.08984, 198.086182, 622.135071, -0.0150452293, 0.00817496516, 0.999853373, -0.000291748118, 0.999966502, -0.00818027928, -0.999886751, -0.000414779526, -0.0150423404},{1.5487027168273926, 1.7712345123291016, 114.46717834472656},{1.9104106426239014, -1.549990177154541, 114.78372192382812},{1.5127962827682495, 3.7675304412841797, 109.11515045166016},{1.7113322019577026, -3.734632730484009, 109.13388061523438},{0},{1},{0}},{{2056.16138, 198.081223, 622.312683, -0.0168714672, 0.00725409994, 0.999831378, -0.00178625912, 0.999971867, -0.00728526153, -0.999856055, -0.00190887088, -0.0168580338},{1.9116170406341553, 1.9880129098892212, 115.5029296875},{2.0330233573913574, -1.6330764293670654, 115.88959503173828},{1.6184793710708618, 3.7270073890686035, 110.61778259277344},{0.7965383529663086, -3.8139126300811768, 110.90815734863281},{0},{1},{0}},{{2043.83179, 198.081543, 622.537292, -0.0185609255, 0.00705058407, 0.999802887, -0.00214855676, 0.999972522, -0.0070916675, -0.999825418, -0.00227976101, -0.0185452662},{2.0770695209503174, 1.7248477935791016, 117.37701416015625},{1.1034977436065674, -1.550398826599121, 122.60407257080078},{1.9196715354919434, 3.87280535697937, 111.13957214355469},{2.1749706268310547, -3.543027400970459, 111.21265411376953},{0},{1},{0}},{{2033.35706, 198.08577, 622.717896, -0.0168696176, 0.0077733947, 0.999827504, 0.00147626013, 0.999968886, -0.0077495859, -0.999856591, 0.00134527287, -0.0168805681},{1.799759864807129, 1.71904718875885, 117.82024383544922},{2.4463586807250977, -1.7266182899475098, 119.44642639160156},{1.6861830949783325, 3.640002727508545, 112.83635711669922},{2.195481300354004, -3.8134942054748535, 112.69508361816406},{0},{1},{0}},{{2018.80359, 198.073654, 622.955872, -0.0166549888, 0.00775644649, 0.9998312, -0.0010966165, 0.999969184, -0.007775784, -0.999860704, -0.00122593693, -0.0166459698},{1.7704846858978271, 2.1847965717315674, 119.06622314453125},{1.8953547477722168, -1.7190642356872559, 120.08643341064453},{1.739411473274231, 4.2557053565979, 113.18277740478516},{1.925561785697937, -3.972241163253784, 113.95906829833984},{0},{1},{0}},{{2006.09851, 198.081848, 623.153198, -0.0154945701, 0.00801096763, 0.999847889, -0.00146304164, 0.999966681, -0.00803459249, -0.999878883, -0.00158731162, -0.0154823326},{1.6798651218414307, 1.8499226570129395, 120.56529235839844},{1.9093703031539917, -1.801830530166626, 120.18317413330078},{1.7116931676864624, 4.086714744567871, 114.45356750488281},{0.7692834734916687, -4.033987522125244, 115.23744201660156},{0},{1},{0}},{{1993.26746, 198.07843, 623.341736, -0.0144143663, 0.00805434119, 0.999863684, 0.000178543007, 0.999967575, -0.00805260427, -0.999896109, 6.24454915e-05, -0.0144153368},{1.5445066690444946, 1.9356967210769653, 121.67469787597656},{1.5669294595718384, -1.4927241802215576, 123.71846008300781},{2.768361806869507, 4.241379261016846, 116.6505126953125},{0.6273029446601868, -4.302475929260254, 116.50021362304688},{0},{1},{0}},{{1979.62158, 198.083801, 623.536743, -0.0144574605, 0.00775541551, 0.999865413, -0.00047434165, 0.99996978, -0.00776308356, -0.999895394, -0.000586512266, -0.014453345},{1.5664206743240356, 1.7749320268630981, 123.04755401611328},{1.8664684295654297, -1.9183611869812012, 122.64149475097656},{1.579633116722107, 4.038865566253662, 116.99911499023438},{1.7743324041366577, -4.040938854217529, 116.6615219116211},{0},{1},{0}},{{1968.60742, 198.076065, 623.690735, -0.0142030586, 0.00777897518, 0.99986887, -0.000815647421, 0.999969304, -0.00779134315, -0.999898791, -0.000926201406, -0.0141962776},{1.7057102918624878, 1.6399531364440918, 125.11783599853516},{1.8024661540985107, -2.0164966583251953, 123.64419555664062},{1.5701748132705688, 4.150051593780518, 117.97064208984375},{1.8075766563415527, -4.070120811462402, 117.8211441040039},{0},{1},{0}},{{1954.71655, 198.085266, 623.864197, -0.0118957832, 0.0079077445, 0.999897957, 0.000946386193, 0.99996835, -0.00789704267, -0.999928772, 0.000852348167, -0.0119028911},{2.731477737426758, 1.5090017318725586, 129.93603515625},{1.4929827451705933, -1.534476637840271, 126.40020751953125},{1.3144453763961792, 3.9761717319488525, 119.08795928955078},{1.5019071102142334, -4.182651042938232, 118.97386932373047},{0},{1},{0}},{{1940.69189, 198.080444, 624.029968, -0.0116379196, 0.0075208866, 0.999903977, -0.000674101582, 0.999971449, -0.00752923964, -0.999932051, -0.000761661562, -0.0116325179},{1.2767468690872192, 1.7919023036956787, 126.98865509033203},{2.180750608444214, -1.4669607877731323, 128.20985412597656},{1.2648078203201294, 4.2636871337890625, 119.8272705078125},{1.4779164791107178, -4.182251453399658, 119.85443115234375},{0},{1},{0}},{{1929.37976, 198.077759, 624.154907, -0.0110360123, 0.00754676247, 0.999910593, -0.000211447259, 0.999971509, -0.00754955551, -0.999939084, -0.000294745347, -0.0110341022},{1.1921254396438599, 2.135571241378784, 127.10006713867188},{2.0451133251190186, -1.5049535036087036, 128.9510955810547},{1.2603085041046143, 4.276689529418945, 120.90521240234375},{1.4635618925094604, -4.3054680824279785, 120.76748657226562},{0},{1},{0}},{{1917.98401, 198.081207, 624.263245, -0.00928332377, 0.00804875139, 0.999924541, 0.00109796354, 0.999967098, -0.00803890079, -0.99995631, 0.00102325284, -0.00929185469},{1.062557578086853, 1.956321358680725, 128.45440673828125},{0.048113517463207245, -1.814410924911499, 133.18939208984375},{1.1106531620025635, 4.316860198974609, 121.7865982055664},{1.2188098430633545, -4.506222724914551, 121.51400756835938},{0},{1},{0}},{{1903.62231, 198.086899, 624.373779, -0.00713878497, 0.00758317532, 0.99994576, 0.000573831028, 0.999971092, -0.00757927075, -0.99997437, 0.000519693131, -0.00714293029},{0.24424761533737183, 1.426326870918274, 131.1399688720703},{1.0415637493133545, -1.8967905044555664, 129.4037628173828},{1.9043843746185303, 4.3179707527160645, 123.851318359375},{0.9598414301872253, -4.143025875091553, 122.99398803710938},{0},{1},{0}},{{1892.03711, 198.08316, 624.444702, -0.00621283567, 0.00748514244, 0.999952674, -0.000285693037, 0.999971926, -0.00748706143, -0.999980688, -0.000332195399, -0.00621052273},{0.735456645488739, 1.555888295173645, 131.87229919433594},{0.8631043434143066, -1.9624382257461548, 130.41371154785156},{0.6405915021896362, 4.354278087615967, 123.6412582397461},{1.0006855726242065, -4.083507061004639, 124.66219329833984},{0},{1},{0}},{{1880.37024, 198.081894, 624.497559, -0.00440333877, 0.00785163231, 0.999959469, -0.000149007727, 0.999969184, -0.00785236433, -0.999990284, -0.000183578304, -0.00440203305},{1.8872326612472534, 1.8224475383758545, 135.52886962890625},{0.6591686010360718, -2.0008788108825684, 131.32334899902344},{0.3251000940799713, 4.221869945526123, 125.48786163330078},{0.6302106976509094, -4.389151096343994, 124.61587524414062},{0},{1},{0}},{{1868.62439, 198.08194, 624.544556, -0.0039145546, 0.00765237771, 0.999963045, -3.24188841e-05, 0.999970734, -0.00765256304, -0.999992311, -6.23740634e-05, -0.00391419185},{-0.13241927325725555, 1.533738136291504, 133.9741668701172},{0.5537028312683105, -1.9751918315887451, 132.16807556152344},{0.44714468717575073, 4.426014423370361, 125.37088012695312},{-0.5341203808784485, -4.526658058166504, 126.31739807128906},{0},{1},{0}},{{1856.79675, 198.078857, 624.580994, -0.00318296696, 0.00747350696, 0.999966979, -0.000223266397, 0.999972045, -0.00747425528, -0.999994934, -0.000247049349, -0.00318120932},{1.609360933303833, 1.9868063926696777, 137.19223022460938},{0.45465582609176636, -2.125988483428955, 133.1021270751953},{1.4887120723724365, 4.627140522003174, 127.50511169433594},{-0.6711710691452026, -4.657079219818115, 127.4035415649414},{0},{1},{0}},{{1844.89246, 198.08168, 624.60553, -0.00170070759, 0.00694648875, 0.99997443, 0.000468030019, 0.999975741, -0.00694570178, -0.99999845, 0.000456205453, -0.00170391751},{0.17509299516677856, 1.6941758394241333, 135.53414916992188},{0.27246028184890747, -2.161834478378296, 134.002197265625},{0.1645667552947998, 4.349817752838135, 127.1668701171875},{-0.7645342946052551, -4.543971538543701, 128.01426696777344},{0},{1},{0}},{{1832.15405, 198.082581, 624.605652, -2.06322911e-05, 0.00749454834, 0.999971926, 0.00131171406, 0.999971032, -0.00749451481, -0.999999166, 0.00131152256, -3.04623991e-05},{-0.6685180068016052, 1.6332224607467651, 136.72445678710938},{0.0018592487322166562, -2.2767386436462402, 134.734619140625},{-0.24409063160419464, 4.246294021606445, 128.9922332763672},{0.22270745038986206, -4.396857738494873, 128.9358673095703},{0},{1},{0}},{{1817.80957, 198.083649, 624.587708, 0.000835742743, 0.00761932088, 0.999970615, -0.000886136084, 0.999970615, -0.00761858001, -0.999999285, -0.000879742904, 0.000842469919},{-0.2940233647823334, 2.0680484771728516, 136.05271911621094},{-1.3192678689956665, -1.8396451473236084, 139.95303344726562},{-0.17953874170780182, 4.533992290496826, 128.9408416748047},{-0.08288325369358063, -4.429591178894043, 128.9547576904297},{0},{1},{0}},{{1802.6051, 198.087921, 624.569641, 0.00100456167, 0.00656049792, 0.999977946, -0.00170893467, 0.999977052, -0.00655877497, -0.999998033, -0.00170230831, 0.00101575011},{-0.830552875995636, 1.624096155166626, 138.61300659179688},{-0.05420864373445511, -1.857922911643982, 136.93179321289062},{-0.23835106194019318, 4.344654560089111, 129.77989196777344},{-0.03581126034259796, -4.079675674438477, 129.9532928466797},{0},{1},{0}},{{1790.35486, 198.083725, 624.55304, 0.0014505079, 0.00769110303, 0.999969363, 0.000240758367, 0.999970376, -0.0076914602, -0.999998927, 0.000251907506, 0.00144861324},{-0.15800634026527405, 1.6213266849517822, 139.4281005859375},{-0.15858019888401031, -2.134528636932373, 137.42538452148438},{-0.31999731063842773, 4.498517036437988, 130.87191772460938},{-0.06278518587350845, -4.498186111450195, 130.95974731445312},{0},{1},{0}},{{1778.03491, 198.084778, 624.533203, 0.00200972124, 0.00903004687, 0.999957204, 0.00137599511, 0.999958277, -0.00903282221, -0.99999702, 0.00139408978, 0.00199721218},{-0.6411459445953369, 1.7802928686141968, 139.73751831054688},{-0.08608036488294601, -1.9367884397506714, 138.57569885253906},{0.8252136707305908, 4.915901184082031, 133.3340606689453},{-1.3466898202896118, -5.017847537994385, 133.36624145507812},{1},{1},{0}},{{1765.64661, 198.077621, 624.482788, 0.00449822238, 0.00719189318, 0.999963999, 0.00167386455, 0.999972701, -0.00719948485, -0.999988496, 0.00170618913, 0.00448606117},{-1.5213513374328613, 1.5001522302627563, 141.5493621826172},{-1.3623950481414795, -2.6507961750030518, 138.9127960205078},{-0.5589688420295715, 4.603708744049072, 132.39999389648438},{-1.5353115797042847, -4.971636772155762, 132.8756561279297},{1},{1},{0}},{{1753.19678, 198.073563, 624.351929, 0.0120835397, 0.00596302422, 0.999909222, 0.00998219196, 0.999931693, -0.00608378928, -0.999877155, 0.0100547997, 0.01202319},{-4.943736553192139, 1.2808682918548584, 145.6305389404297},{-3.2779760360717773, -3.350989818572998, 141.14788818359375},{-1.4886289834976196, 4.417298793792725, 133.13275146484375},{-2.512481689453125, -5.729259490966797, 133.813720703125},{0},{1},{0}},{{1737.55457, 198.103348, 624.015991, 0.0236104969, 0.00836619548, 0.999686241, 0.011513087, 0.999896407, -0.00863987021, -0.999654949, 0.0117134657, 0.0235117301},{-4.323818683624268, 1.