return {{{2460.00342, 197.864975, 604.69458, -0.17555505, 0.00077422004, 0.984469295, -0.00110586022, 0.999998927, -0.00098363508, -0.984468997, -0.00126136758, -0.175553992},{0.0968732163310051, 0.012022324837744236, 0.8643981218338013},{0.10603268444538116, -0.01205198373645544, 0.8208489418029785},{0.10307829082012177, 0.017414920032024384, 0.8491453528404236},{0.10186672955751419, -0.014303024858236313, 0.8556979894638062},{0},{1},{0}},{{2459.89209, 197.862686, 604.713745, -0.175590947, 0.000540892477, 0.984463036, -0.00257791486, 0.999996185, -0.00100922934, -0.984459817, -0.00271507353, -0.175588876},{0.2859289050102234, 0.015280516818165779, 1.4829552173614502},{0.2793087661266327, -0.024238761514425278, 1.498093605041504},{0.28176701068878174, 0.030894041061401367, 1.496559739112854},{0.2843398451805115, -0.0265384279191494, 1.4979289770126343},{0},{1},{0}},{{2459.69165, 197.86676, 604.751831, -0.175605342, 0.00114281417, 0.984459996, 0.000519132474, 0.999999285, -0.00106825156, -0.984460533, 0.000323474465, -0.175605804},{0.41106733679771423, 0.026261061429977417, 2.267322301864624},{0.4189907908439636, -0.03408316522836685, 2.270777463912964},{0.41808852553367615, 0.04314861819148064, 2.280160665512085},{0.4150029122829437, -0.04390222579240799, 2.281174421310425},{0},{1},{0}},{{2459.42456, 197.865952, 604.799744, -0.175605476, 0.0009449012, 0.984460175, 0.000706444029, 0.999999404, -0.000833802333, -0.984460354, 0.000549045799, -0.175606042},{0.5415873527526855, 0.038313139230012894, 3.057211399078369},{0.5451890826225281, -0.044480498880147934, 3.048734664916992},{0.5448893904685974, 0.05751807242631912, 3.0652353763580322},{0.5448991656303406, -0.05945189669728279, 3.065416097640991},{0},{1},{0}},{{2459.07568, 197.865372, 604.861694, -0.17561394, 0.000838842243, 0.984458745, 0.00056551944, 0.999999583, -0.000751203392, -0.984458923, 0.000424808764, -0.175614327},{0.6898707151412964, 0.04896797612309456, 3.8641254901885986},{0.6883777379989624, -0.05563261732459068, 3.8567988872528076},{0.690697193145752, 0.07304676622152328, 3.8723297119140625},{0.6907066702842712, -0.07490479946136475, 3.8726916313171387},{0},{1},{0}},{{2458.6731, 197.865005, 604.933472, -0.175619021, 0.000796773995, 0.98445791, 0.000556831073, 0.999999583, -0.000710018736, -0.984458029, 0.000423483958, -0.175619394},{0.8260126113891602, 0.05898697301745415, 4.627608776092529},{0.824290931224823, -0.06633754074573517, 4.618739128112793},{0.826817512512207, 0.08758963644504547, 4.635265350341797},{0.8267238140106201, -0.08983342349529266, 4.635615348815918},{0},{1},{0}},{{2458.22974, 197.864639, 605.012634, -0.175621599, 0.000731100794, 0.984457493, 0.000509998004, 0.999999642, -0.000651662354, -0.984457612, 0.000387625361, -0.175621912},{0.9522210359573364, 0.06846612691879272, 5.338019847869873},{0.950581431388855, -0.0764031857252121, 5.327152252197266},{0.9534029960632324, 0.10116870701313019, 5.344616889953613},{0.9525848031044006, -0.10355918109416962, 5.345139980316162},{0},{1},{0}},{{2457.65625, 197.864212, 605.11499, -0.17562668, 0.00064284401, 0.984456658, 0.000431797322, 0.999999762, -0.000575961079, -0.984456718, 0.000323931599, -0.175626904},{1.0915725231170654, 0.07923008501529694, 6.119413375854492},{1.0894945859909058, -0.08747010678052902, 6.107183456420898},{1.092677354812622, 0.11609861999750137, 6.125169277191162},{1.0918633937835693, -0.11847053468227386, 6.125629425048828},{0},{1},{0}},{{2457.04321, 197.863953, 605.224243, -0.17562978, 0.000582274864, 0.984456122, 0.000385390042, 0.999999762, -0.000522713759, -0.984456241, 0.000287595496, -0.175629959},{1.2204701900482178, 0.08939830958843231, 6.839831352233887},{1.2178056240081787, -0.09762319922447205, 6.827353477478027},{1.221137523651123, 0.1298273652791977, 6.845376968383789},{1.2205770015716553, -0.13225428760051727, 6.845788478851318},{0},{1},{0}},{{2456.36328, 197.863693, 605.345581, -0.175634235, 0.000521432259, 0.984455347, 0.000335134246, 0.999999821, -0.000469875173, -0.984455407, 0.000247398537, -0.175634384},{1.346774935722351, 0.0996297299861908, 7.548027515411377},{1.344057559967041, -0.10767240077257156, 7.535292148590088},{1.3474557399749756, 0.1433842033147812, 7.553691387176514},{1.346855878829956, -0.1457189917564392, 7.554199695587158},{0},{1},{0}},{{2455.57129, 197.863388, 605.486938, -0.175637335, 0.000453173474, 0.984454811, 0.000285776041, 0.999999881, -0.000409343804, -0.98445487, 0.000209437552, -0.175637454},{1.479587435722351, 0.11052275449037552, 8.291510581970215},{1.4767500162124634, -0.11839642375707626, 8.27871036529541},{1.480161428451538, 0.15762074291706085, 8.297341346740723},{1.4797650575637817, -0.15989401936531067, 8.297550201416016},{0},{1},{0}},{{2454.70532, 197.863068, 605.641479, -0.175640181, 0.000393945316, 0.984454334, 0.000250580924, 0.999999881, -0.000355459022, -0.984454393, 0.000184252582, -0.17564027},{1.6118274927139282, 0.12152190506458282, 9.030413627624512},{1.6083910465240479, -0.12910759449005127, 9.018094062805176},{1.6119478940963745, 0.17186179757118225, 9.036191940307617},{1.6116509437561035, -0.1739984005689621, 9.036417007446289},{0},{1},{0}},{{2453.76538, 197.862778, 605.809204, -0.175643504, 0.000336444529, 0.984453797, 0.000217771332, 0.99999994, -0.000302903383, -0.984453797, 0.000161182805, -0.175643563},{1.7440638542175293, 0.132616326212883, 9.769460678100586},{1.7404218912124634, -0.13992103934288025, 9.757225036621094},{1.7437728643417358, 0.18613818287849426, 9.775171279907227},{1.7435764074325562, -0.18806041777133942, 9.775606155395508},{0},{1},{0}},{{2452.80981, 197.862503, 605.979675, -0.17564635, 0.000280643202, 0.984453261, 0.000187974176, 0.99999994, -0.000251536781, -0.984453321, 0.000140870281, -0.175646394},{1.8703912496566772, 0.1433476060628891, 10.475443840026855},{1.8662736415863037, -0.15035618841648102, 10.463584899902344},{1.8700153827667236, 0.19973953068256378, 10.481302261352539},{1.8696434497833252, -0.20152604579925537, 10.48169231414795},{0},{1},{0}},{{2451.7251, 197.862213, 606.173218, -0.175650179, 0.000226802222, 0.984452605, 0.00016390231, 0.99999994, -0.000201139934, -0.984452605, 0.000126023791, -0.175650209},{2.0063109397888184, 0.15502683818340302, 11.236387252807617},{2.0021297931671143, -0.16156066954135895, 11.224990844726562},{2.005582094192505, 0.2144581377506256, 11.242315292358398},{2.005531072616577, -0.2161441445350647, 11.242793083190918},{0},{1},{0}},{{2450.63818, 197.869644, 606.367371, -0.175614849, -0.0013351232, 0.984458029, 7.0031776e-05, 0.999999046, 0.00136869273, -0.984458923, 0.00030930611, -0.175614595},{2.087751626968384, 0.16611982882022858, 11.72473430633545},{2.0862765312194824, -0.16844633221626282, 11.672128677368164},{2.1494994163513184, 0.2886252999305725, 11.525837898254395},{1.9028254747390747, -0.31057479977607727, 11.520059585571289},{0},{1},{0}},{{2449.49902, 197.892639, 606.570068, -0.175723374, -0.00507061975, 0.984426498, 0.000140421267, 0.999986589, 0.00517583312, -0.984439552, 0.00104774931, -0.175720304},{2.217576026916504, 0.1815943866968155, 12.414115905761719},{2.2086379528045654, -0.18191169202327728, 12.415953636169434},{2.17509388923645, 0.2207523137331009, 12.217436790466309},{2.1803154945373535, -0.2224709689617157, 12.216329574584961},{0},{1},{0}},{{2448.29102, 197.887482, 606.786377, -0.175534531, -0.00362342014, 0.984466612, -0.000474211498, 0.999993443, 0.00359601411, -0.984473169, 0.000164379293, -0.175535098},{2.3477442264556885, 0.1961059868335724, 13.121940612792969},{2.339059591293335, -0.19202817976474762, 13.128729820251465},{2.290574312210083, 0.24985824525356293, 12.973649024963379},{2.334031105041504, -0.2422141581773758, 12.970784187316895},{0},{1},{0}},{{2447.09009, 197.891144, 607.000793, -0.175532609, -0.00362996245, 0.98446691, -0.00025853244, 0.999993324, 0.00364111504, -0.984473586, 0.000384617801, -0.175532386},{2.468949317932129, 0.2072112262248993, 13.80568790435791},{2.4613702297210693, -0.2046375721693039, 13.807960510253906},{2.447650909423828, 0.2561138868331909, 13.656759262084961},{2.4264039993286133, -0.2530171871185303, 13.661704063415527},{0},{1},{0}},{{2445.58252, 197.894394, 607.269897, -0.175544441, -0.00365140894, 0.984464765, -0.000175573252, 0.999993205, 0.00367769715, -0.9844715, 0.000472753629, -0.175543889},{2.6148228645324707, 0.22246992588043213, 14.63559627532959},{2.6078598499298096, -0.21995803713798523, 14.637338638305664},{2.5829691886901855, 0.2653488516807556, 14.493653297424316},{2.585844039916992, -0.262214720249176, 14.495776176452637},{0},{1},{0}},{{2444.15576, 197.897141, 607.518311, -0.174343988, -0.00328121125, 0.984679341, 0.000622922787, 0.999993861, 0.00344253588, -0.984684587, 0.00121356465, -0.174340874},{2.3771615028381348, -0.3906974494457245, 15.5615816116333},{2.376368284225464, -0.7738192081451416, 15.356569290161133},{2.7308473587036133, 0.22906102240085602, 15.362772941589355},{2.7025339603424072, -0.32732412219047546, 15.149115562438965},{1},{1},{0}},{{2442.56689, 197.90715, 607.757935, -0.166179463, -0.00148519513, 0.986094415, 0.00398732536, 0.999989688, 0.00217807875, -0.986087441, 0.00429383107, -0.166171834},{1.4431017637252808, -0.8137660026550293, 16.83736228942871},{1.4553406238555908, -1.1174198389053345, 16.07942008972168},{2.8115413188934326, 0.0987672209739685, 16.479494094848633},{2.6802477836608887, -0.48949486017227173, 15.697392463684082},{1},{1},{0}},{{2440.98999, 197.922913, 607.940491, -0.150730535, 0.0015427589, 0.98857367, 0.00499231601, 0.999987245, -0.000799378671, -0.988562286, 0.00481478171, -0.150736317},{0.6352510452270508, 0.0676298514008522, 17.867223739624023},{0.7742024064064026, -0.2047753781080246, 16.81431007385254},{2.6646108627319336, 0.0408821702003479, 17.44689178466797},{2.503702163696289, -0.5718352198600769, 16.389463424682617},{0},{1},{0}},{{2439.2312, 197.926834, 608.116821, -0.134694174, 0.00297969487, 0.990882754, 0.000726182945, 0.99999553, -0.00290838536, -0.990886927, 0.00032781958, -0.134695724},{0.9630734324455261, 0.6446869373321533, 18.603355407714844},{1.1714450120925903, 0.38543200492858887, 17.743144989013672},{2.471759080886841, 0.1352444887161255, 18.278600692749023},{2.362443447113037, -0.5173688530921936, 17.421890258789062},{0},{1},{0}},{{2437.37524, 197.92334, 608.30188, -0.122807853, 0.00255547464, 0.99242717, -0.00114204607, 0.999995649, -0.00271628564, -0.992429793, -0.00146697881, -0.122804403},{1.4230562448501587, 0.4409118592739105, 19.292951583862305},{1.6498005390167236, 0.17408587038516998, 18.752473831176758},{2.3658688068389893, 0.23856276273727417, 19.07421112060547},{2.299786329269409, -0.4541415274143219, 18.52947425842285},{0},{1},{0}},{{2435.41968, 197.920746, 608.504028, -0.115663648, 0.00192563608, 0.99328655, -0.000859156018, 0.999997556, -0.00203869096, -0.99328804, -0.0010891906, -0.115661711},{1.7707840204238892, 0.3347991704940796, 20.097570419311523},{1.9224368333816528, 0.018097402527928352, 19.774850845336914},{2.327687978744507, 0.3010086417198181, 19.928173065185547},{2.2911763191223145, -0.42830467224121094, 19.596601486206055},{0},{1},{0}},{{2433.36401, 197.921997, 608.720215, -0.111497559, 0.0022057665, 0.993762255, -0.000592739147, 0.999997199, -0.00228610937, -0.99376452, -0.000843937392, -0.111495942},{2.025935411453247, 0.2548368275165558, 20.97739601135254},{2.112070322036743, -0.05407840013504028, 20.78960418701172},{2.341520309448242, 0.3479308784008026, 20.832677841186523},{2.321141004562378, -0.421401709318161, 20.63700294494629},{0},{1},{0}},{{2431.20752, 197.924362, 608.948364, -0.109069727, 0.00271851593, 0.994030356, -0.000444419857, 0.999996006, -0.00278359489, -0.994033992, -0.000745372789, -0.109068081},{2.204848051071167, 0.1984960287809372, 21.9055118560791},{2.2784674167633057, -0.08439066261053085, 21.7940616607666},{2.39270281791687, 0.38256826996803284, 21.78025245666504},{2.3807899951934814, -0.4251813292503357, 21.661861419677734},{0},{1},{0}},{{2429.20435, 197.925461, 609.161011, -0.107773274, 0.00295453938, 0.994171083, -0.000326595269, 0.99999541, -0.00300725293, -0.994175434, -0.000648793066, -0.107771821},{2.335195779800415, 0.1727423071861267, 22.761796951293945},{2.408202648162842, -0.10450329631567001, 22.692352294921875},{2.4578638076782227, 0.4078882336616516, 22.650497436523438},{2.4487738609313965, -0.434210866689682, 22.575916290283203},{0},{1},{0}},{{2426.98706, 197.925858, 609.396973, -0.106993921, 0.00303252949, 0.994255066, -0.000259658467, 0.999995232, -0.00307797967, -0.994259655, -0.000587491842, -0.106992625},{2.463010311126709, 0.16386394202709198, 23.698257446289062},{2.526486873626709, -0.12258964031934738, 23.6613712310791},{2.540782928466797, 0.4326000213623047, 23.597517013549805},{2.535388708114624, -0.4462606906890869, 23.555307388305664},{0},{1},{0}},{{2424.53613, 197.924026, 609.664795, -0.107893623, 0.0028851158, 0.994158268, -0.00122872693, 0.999994636, -0.00303540425, -0.994161665, -0.00154904975, -0.107889496},{3.0785648822784424, 0.6972445249557495, 24.526948928833008},{3.2806403636932373, 0.46506181359291077, 24.76690673828125},{2.6267166137695312, 0.5267477631568909, 24.478818893432617},{2.663212537765503, -0.39566075801849365, 24.7337703704834},{-1},{1},{0}},{{2422.2666, 197.914902, 609.947998, -0.114994749, 0.00236170413, 0.993363321, -0.00500543229, 0.999983072, -0.00295688654, -0.993353486, -0.00531223882, -0.114980988},{3.738382339477539, 0.1517861783504486, 25.255939483642578},{4.028110504150391, -0.2575112581253052, 25.741544723510742},{2.9025161266326904, 0.6606733798980713, 25.257465362548828},{2.981127977371216, -0.2942919433116913, 25.8446102142334},{0},{1},{0}},{{2419.76416, 197.92038, 610.280762, -0.122052006, 0.00312019815, 0.992518783, -0.0027299549, 0.999990225, -0.00347939413, -0.992519975, -0.00313419872, -0.122042291},{3.725783109664917, 0.06633566319942474, 26.322832107543945},{3.9123048782348633, -0.31025296449661255, 26.718477249145508},{3.2506253719329834, 0.6316990256309509, 26.31304931640625},{3.3016200065612793, -0.3592274487018585, 26.78193473815918},{0},{1},{0}},{{2417.01123, 197.925369, 610.648071, -0.126457438, 0.00401284825, 0.991963923, -0.000249733479, 0.999991655, -0.0040771598, -0.991972029, -0.000763313728, -0.126455382},{3.731326103210449, 0.09028515964746475, 27.52504539489746},{3.883378267288208, -0.24124130606651306, 27.726856231689453},{3.499040365219116, 0.5890636444091797, 27.48239517211914},{3.5392518043518066, -0.4520096778869629, 27.776643753051758},{0},{1},{0}},{{2414.31079, 197.925156, 611.006531, -0.128816888, 0.00404695002, 0.991660118, -0.000436895818, 0.999991357, -0.00413770229, -0.991668284, -0.000966258056, -0.128813997},{3.8112471103668213, 0.13407111167907715, 28.62689208984375},{3.9375293254852295, -0.20425894856452942, 28.735605239868164},{3.7041382789611816, 0.5953932404518127, 28.568681716918945},{3.732548236846924, -0.49302467703819275, 28.772991180419922},{0},{1},{0}},{{2411.50903, 197.924484, 611.378296, -0.130164996, 0.00402345601, 0.991484165, -0.00067300041, 0.999991179, -0.00414633099, -0.991492093, -0.00120697648, -0.130161151},{3.9334335327148438, 0.16662739217281342, 29.72519302368164},{4.029890060424805, -0.18841047585010529, 29.78382110595703},{3.893101692199707, 0.6119320392608643, 29.658845901489258},{3.9096269607543945, -0.5262649655342102, 29.808692932128906},{0},{1},{0}},{{2408.42993, 197.924683, 611.787354, -0.13094306, 0.00406007376, 0.991381586, -0.00073206122, 0.99999094, -0.00419202354, -0.991389632, -0.00127466838, -0.130938902},{4.079153060913086, 0.18439818918704987, 30.89497947692871},{4.154813766479492, -0.18057586252689362, 30.923505783081055},{4.0714521408081055, 0.6296324729919434, 30.82497787475586},{4.083221435546875, -0.5557417869567871, 30.941844940185547},{0},{1},{0}},{{2405.23389, 197.92482, 612.212158, -0.131357208, 0.00413864199, 0.991326451, -0.000801054761, 0.999990523, -0.00428095786, -0.991334796, -0.00135644141, -0.131352648},{4.233032703399658, 0.19521568715572357, 32.07612991333008},{4.29776668548584, -0.17768743634223938, 32.08928680419922},{4.241522312164307, 0.6518080830574036, 32.005409240722656},{4.2516984939575195, -0.5836360454559326, 32.103668212890625},{0},{1},{0}},{{2402.10474, 197.924835, 612.628113, -0.131574824, 0.0042068311, 0.991297305, -0.000812590122, 0.999990225, -0.00435157679, -0.991305888, -0.00137807638, -0.131570116},{4.3837432861328125, 0.20412154495716095, 33.20589065551758},{4.440351486206055, -0.17993254959583282, 33.212249755859375},{4.400623798370361, 0.6751928925514221, 33.13615417480469},{4.4077911376953125, -0.6100918054580688, 33.224666595458984},{0},{1},{0}},{{2398.67261, 197.924896, 613.084534, -0.13169916, 0.00429489976, 0.991280437, -0.000801722461, 0.999989808, -0.00443914952, -0.991289377, -0.00137936405, -0.131694376},{4.5470075607299805, 0.21127578616142273, 34.419464111328125},{4.598926544189453, -0.1840803027153015, 34.4225959777832},{4.5665669441223145, 0.7004125714302063, 34.35429382324219},{4.57285213470459, -0.6386544108390808, 34.43394088745117},{0},{1},{0}},{{2395.31738, 197.925079, 613.530884, -0.131778166, 0.00439980254, 0.991269469, -0.000735615613, 0.99998945, -0.0045362981, -0.991278946, -0.00132697844, -0.131773546},{4.704672336578369, 0.21555837988853455, 35.58537292480469},{4.751212120056152, -0.18829256296157837, 35.5852165222168},{4.7219767570495605, 0.7248671650886536, 35.521263122558594},{4.730043411254883, -0.6666415333747864, 35.59589767456055},{0},{1},{0}},{{2391.84912, 197.925201, 613.99231, -0.131820932, 0.00449157692, 0.99126339, -0.00069821201, 0.999989092, -0.00462396489, -0.991273284, -0.0013016474, -0.131816357},{4.86196756362915, 0.22035546600818634, 36.766502380371094},{4.908758163452148, -0.19292332231998444, 36.766380310058594},{4.884121417999268, 0.7494297623634338, 36.70655822753906},{4.889559268951416, -0.6939699053764343, 36.77667236328125},{0},{1},{0}},{{2388.052, 197.925247, 614.497559, -0.131861299, 0.004589919, 0.991257548, -0.00066440634, 0.999988675, -0.00471872976, -0.991267979, -0.00128081557, -0.13185674},{5.032043933868408, 0.2263680100440979, 38.03550720214844},{5.077839374542236, -0.1987183541059494, 38.03571319580078},{5.0555830001831055, 0.776027500629425, 37.982627868652344},{5.058882713317871, -0.7243361473083496, 38.045352935791016},{0},{1},{0}},{{2384.12451, 197.925369, 615.020264, -0.131901786, 0.00467840349, 0.991251767, -0.000595359132, 0.999988317, -0.00479885936, -0.991262615, -0.00122312899, -0.131897464},{5.204787254333496, 0.2308889776468277, 39.323909759521484},{5.251217842102051, -0.2047184854745865, 39.322425842285156},{5.228262901306152, 0.803569495677948, 39.27255630493164},{5.231996059417725, -0.7546747326850891, 39.33414077758789},{0},{1},{0}},{{2380.06519, 197.9254, 615.560669, -0.131931439, 0.00474612834, 0.991247475, -0.000571435201, 0.999988019, -0.00486403424, -0.991258681, -0.00120815274, -0.131927148},{5.376431941986084, 0.2036680430173874, 40.63405227661133},{5.420073986053467, -0.2453957498073578, 40.625179290771484},{5.403462886810303, 0.8319275975227356, 40.57988739013672},{5.405310153961182, -0.7850061655044556, 40.63761901855469},{1},{1},{0}},{{2376.3457, 197.925751, 616.046021, -0.129987776, 0.00489351712, 0.991503537, 0.00113323785, 0.9999879, -0.00478682201, -0.991514921, 0.000501381001, -0.129991755},{4.649089813232422, -0.2812553346157074, 42.059059143066406},{4.8280558586120605, -0.708477258682251, 41.69733428955078},{5.545449733734131, 0.7562375068664551, 41.94750213623047},{5.504254341125488, -0.9286623597145081, 41.608001708984375},{1},{1},{0}},{{2372.28418, 197.92926, 616.501709, -0.11664141, 0.00462096557, 0.993163347, 0.00902184471, 0.999952853, -0.00359299127, -0.993133128, 0.00854107365, -0.116677597},{2.9388301372528076, 0.09392255544662476, 43.854881286621094},{3.311876058578491, -0.6267092823982239, 42.7032356262207},{5.210686206817627, 0.4735962748527527, 43.61130905151367},{5.073186874389648, -1.2677912712097168, 42.50540542602539},{0},{1},{0}},{{2368.09717, 197.927856, 616.884644, -0.100783467, 0.00461889245, 0.994897664, 0.00644098874, 0.999971271, -0.00398997264, -0.994887531, 0.00600600149, -0.100810327},{3.022711992263794, 0.5382213592529297, 45.02876663208008},{3.255523443222046, -0.22212234139442444, 44.14979934692383},{4.530994892120361, 0.5935623645782471, 44.82852554321289},{4.445794582366943, -1.1998364925384521, 44.02616882324219},{0},{1},{0}},{{2363.51782, 197.924789, 617.269958, -0.090582028, 0.00547039043, 0.995873988, -0.00103131332, 0.999983847, -0.00558677176, -0.995888472, -0.00153311924, -0.0905749202},{3.4892470836639404, 0.38958749175071716, 46.11323547363281},{3.7109756469726562, -0.11570575833320618, 45.70473098754883},{4.175269603729248, 0.8734387159347534, 46.01927185058594},{4.1382951736450195, -0.9959012866020203, 45.658416748046875},{0},{1},{0}},{{2358.79468, 197.924484, 617.665894, -0.0859330818, 0.00569684291, 0.996284604, -0.00150302355, 0.999981761, -0.0058476245, -0.996299803, -0.00199994375, -0.085922949},{3.757460117340088, 0.313839852809906, 47.32955551147461},{3.991614818572998, -0.15769468247890472, 47.153465270996094},{4.0996904373168945, 0.9649466276168823, 47.3053092956543},{4.078207015991211, -0.9729159474372864, 47.133872985839844},{0},{1},{0}},{{2354.20361, 197.923737, 618.048218, -0.083847627, 0.00557661615, 0.996463001, -0.00029921133, 0.999984145, -0.00562149938, -0.996478558, -0.000769502425, -0.0838446319},{3.9242727756500244, 0.29287436604499817, 48.56943893432617},{4.116721153259277, -0.24666103720664978, 48.48123550415039},{4.0973920822143555, 0.9936614632606506, 48.5654296875},{4.083022117614746, -1.0160043239593506, 48.48011016845703},{0},{1},{0}},{{2348.92407, 197.923416, 618.484924, -0.0828504786, 0.00558056962, 0.996546388, -0.000171246502, 0.999984205, -0.00561405811, -0.996562004, -0.00063578249, -0.0828482136},{4.071852684020996, 0.26031577587127686, 49.985260009765625},{4.2128682136535645, -0.30902349948883057, 49.939178466796875},{4.159682750701904, 1.035112977027893, 49.98386001586914},{4.147343635559082, -1.044328212738037, 49.94856643676758},{1},{1},{0}},{{2344.07104, 197.92485, 618.874634, -0.0801996514, 0.00555815408, 0.996763349, 0.00194696744, 0.99998343, -0.00541945687, -0.996776938, 0.00150602718, -0.0802091435},{2.972029447555542, -0.22979380190372467, 51.52573776245117},{3.295414924621582, -0.7725420594215393, 51.03936004638672},{4.218783855438232, 0.9225623607635498, 51.496253967285156},{4.16606330871582, -1.2156617641448975, 50.96815872192383},{1},{1},{0}},{{2338.85132, 197.931122, 619.185852, -0.0624245293, 0.00417065108, 0.998040974, 0.013094943, 0.999908626, -0.00335940556, -0.997963786, 0.0128595801, -0.0624734387},{0.4619516432285309, 0.08724676072597504, 52.3941650390625},{1.084449291229248, -0.8863447904586792, 50.95966339111328},{3.4103569984436035, 0.46138203144073486, 52.2828369140625},{3.2833144664764404, -1.643891453742981, 50.82502746582031},{0},{0},{0}},{{2333.64233, 197.928482, 619.359436, -0.0417541452, 0.00376174529, 0.999120831, 0.00911828689, 0.999952674, -0.00338381599, -0.99908632, 0.00896898191, -0.0417864732},{0.28488045930862427, 0.620299756526947, 52.06205749511719},{0.6826297640800476, -0.4070867896080017, 50.982547760009766},{2.147871494293213, 0.5959499478340149, 51.95549011230469},{2.107797622680664, -1.4687941074371338, 50.92940139770508},{0},{0},{0}},{{2328.43823, 197.922867, 619.479614, -0.0297856256, 0.00520680007, 0.999542773, -0.00156993174, 0.99998498, -0.00525588635, -0.999555051, -0.00172576378, -0.0297770035},{0.7518183588981628, 0.47311288118362427, 51.55613708496094},{1.0701895952224731, -0.18171493709087372, 51.08219528198242},{1.5170594453811646, 0.9755272269248962, 51.514862060546875},{1.4966435432434082, -1.11574387550354, 51.06298065185547},{0},{0},{0}},{{2322.9563, 197.923126, 619.604065, -0.0246482491, 0.00530478219, 0.999682128, -0.00179923675, 0.999984086, -0.00535074668, -0.999694586, -0.00193055125, -0.0246383119},{0.966748058795929, 0.4383029639720917, 51.1968994140625},{1.2644075155258179, -0.1583075076341629, 51.031463623046875},{1.2952914237976074, 1.0404088497161865, 51.203800201416016},{1.279291033744812, -1.0381773710250854, 51.00722122192383},{-1},{0},{0}},{{2318.06226, 197.919846, 619.728699, -0.0262746364, 0.0040610088, 0.999646485, -0.00251729786, 0.999988317, -0.00412856182, -0.999651611, -0.00262488448, -0.026264105},{2.0922465324401855, 0.8836716413497925, 50.654869079589844},{2.5778820514678955, 0.20362113416194916, 51.11952209472656},{1.2847869396209717, 1.1557745933532715, 50.68001937866211},{1.2453935146331787, -0.8698126077651978, 51.146541595458984},{-1},{0},{0}},{{2312.88647, 197.902542, 619.971313, -0.0438336097, 0.001230728, 0.9990381, -0.0134046311, 0.999908507, -0.00181993935, -0.998948932, -0.0134715112, -0.0438131019},{4.255799293518066, 0.9305799007415771, 49.83778762817383},{5.055918216705322, -0.14994235336780548, 51.25925064086914},{2.080240249633789, 1.5249172449111938, 49.95001983642578},{2.136300802230835, -0.3566165864467621, 51.36875534057617},{0},{0},{0}},{{2307.73462, 197.91095, 620.344543, -0.0638314262, 0.00267566042, 0.99795711, -0.00860869698, 0.99995774, -0.00323165464, -0.997923553, -0.00879739132, -0.0638056919},{4.5680670738220215, 0.38239970803260803, 49.82415771484375},{5.091127395629883, -0.5885191559791565, 50.88159942626953},{3.2156741619110107, 1.3799982070922852, 49.96000671386719},{3.286526679992676, -0.5612371563911438, 50.93088912963867},{0},{0},{0}},{{2302.89722, 197.929871, 620.742798, -0.0751422495, 0.00516276574, 0.997159481, 0.000946763146, 0.999986529, -0.00510605844, -0.997172356, 0.000560393149, -0.0751461238},{4.201648235321045, 0.1691773533821106, 49.93974304199219},{4.619769096374512, -0.42427945137023926, 50.442710876464844},{3.792588233947754, 1.065436840057373, 50.01945495605469},{3.8171980381011963, -0.8944160342216492, 50.482826232910156},{0},{0},{0}},{{2297.74829, 197.929535, 621.170227, -0.0804475099, 0.00558579899, 0.996743202, 0.00136298954, 0.999983966, -0.00549395289, -0.996757925, 0.000916575664, -0.0804538354},{4.111441135406494, 0.21166229248046875, 50.90193557739258},{4.46818733215332, -0.3394523859024048, 51.11302947998047},{4.08223295211792, 1.0322535037994385, 50.94278335571289},{4.105802536010742, -1.0050805807113647, 51.165748596191406},{0},{1},{0}},{{2292.22705, 197.923889, 621.632874, -0.0829798728, 0.00519606285, 0.996537685, -0.000851921737, 0.999985695, -0.00528497901, -0.996550858, -0.001287519, -0.0829742551},{4.387699604034424, 0.5534297823905945, 51.82258224487305},{4.668238639831543, -0.036416467279195786, 51.94342803955078},{4.314138889312744, 1.0963122844696045, 51.8630256652832},{4.30983304977417, -1.0146435499191284, 51.973148345947266},{-1},{1},{0}},{{2287.2085, 197.917953, 622.08606, -0.0892860368, 0.00342650269, 0.996000111, -0.00581036694, 0.999975264, -0.00396104623, -0.995989084, -0.00614079228, -0.0892639235},{6.480875015258789, 0.9472782015800476, 51.58981704711914},{6.675156593322754, 0.3057483434677124, 52.881202697753906},{4.5858540534973145, 1.333520770072937, 52.13575744628906},{4.6208672523498535, -0.7068924903869629, 53.057838439941406},{-1},{1},{0}},{{2282.11597, 197.900299, 622.675232, -0.109785825, -0.000648290501, 0.993955076, -0.0140550891, 0.999900818, -0.000900265353, -0.993855894, -0.014068963, -0.109784044},{8.536556243896484, 1.0903725624084473, 52.1070442199707},{9.424802780151367, -0.16291062533855438, 51.71383285522461},{5.690698146820068, 1.622423768043518, 52.4345817565918},{5.849952697753906, -0.3171418011188507, 53.99985122680664},{0},{1},{0}},{{2277.27222, 197.886108, 623.381531, -0.134368643, -0.00394729059, 0.990923524, -0.0136854453, 0.999904096, 0.00212732609, -0.990836918, -0.013275384, -0.13440977},{9.42761516571045, 0.8797308206558228, 52.691734313964844},{10.256662368774414, -1.1372469663619995, 53.1654052734375},{7.161890029907227, 1.6261632442474365, 53.044952392578125},{7.377483367919922, -0.3417874574661255, 54.48674392700195},{0},{1},{0}},{{2272.07227, 197.91449, 624.220581, -0.151153684, 0.000532094971, 0.988510132, -0.00247440045, 0.999996543, -0.000916639983, -0.988507152, -0.00258452352, -0.151151851},{9.25749683380127, 0.505927562713623, 53.949703216552734},{9.669039726257324, -0.8580184578895569, 54.66893768310547},{8.139572143554688, 1.1361268758773804, 54.358306884765625},{8.493851661682129, -0.8520640730857849, 59.1585578918457},{0},{1},{0}},{{2266.80786, 197.938095, 625.083618, -0.158279121, 0.00505296886, 0.987381458, 0.00322440243, 0.999984205, -0.00460058637, -0.987389147, 0.00245553837, -0.158292919},{9.048884391784668, 0.14067789912223816, 54.95784378051758},{8.874863624572754, -0.40599533915519714, 55.13447952270508},{10.038111686706543, 1.0849324464797974, 59.093605041503906},{8.895468711853027, -1.001028299331665, 55.35842514038086},{0},{1},{0}},{{2261.15674, 197.928284, 626.01001, -0.160925627, 0.00393656222, 0.986958683, 7.6489232e-07, 0.999992073, -0.00398842199, -0.98696655, -0.000641084393, -0.160924345},{9.080436706542969, 0.36406269669532776, 56.005767822265625},{9.540931701660156, -0.39639636874198914, 55.97714614868164},{9.081315040588379, 1.00820791721344, 56.187564849853516},{9.16805362701416, -1.0654733180999756, 56.01859664916992},{0},{1},{0}},{{2255.74146, 197.918793, 626.900085, -0.162158772, 0.00149732002, 0.986763537, -0.00113706058, 0.999997914, -0.00170425954, -0.986764014, -0.00139837048, -0.162156731},{9.233363151550293, 0.5900765657424927, 56.759193420410156},{8.884642601013184, -0.5155654549598694, 56.66525650024414},{9.155380249023438, 0.9848973155021667, 57.1171875},{9.394076347351074, -0.9809853434562683, 56.92198944091797},{0},{1},{0}},{{2249.92285, 197.914124, 627.860779, -0.16272445, 6.37476842e-06, 0.986671567, -0.000432610221, 0.999999881, -7.78080939e-05, -0.986671448, -0.0004395055, -0.162724435},{9.456214904785156, 0.7697082757949829, 57.61149215698242},{8.904885292053223, -0.6940744519233704, 57.51729202270508},{10.768712997436523, 1.189305067062378, 61.89818572998047},{9.562883377075195, -0.9872404336929321, 57.78440475463867},{0},{1},{0}},{{2244.01685, 197.914337, 628.836426, -0.162858829, 0.000280548644, 0.986649334, -0.000196652793, 0.99999994, -0.000316804828, -0.986649334, -0.000245621806, -0.162858754},{9.62177562713623, 0.7681156992912292, 58.60157775878906},{9.7753267288208, -0.7024198770523071, 58.64287185668945},{9.623324394226074, 1.0322829484939575, 58.737667083740234},{9.716170310974121, -1.0879322290420532, 58.553340911865234},{0},{1},{0}},{{2238.69287, 197.913742, 629.715942, -0.162968814, 0.000385468098, 0.986631155, -0.000200911207, 0.999999881, -0.000423877063, -0.986631215, -0.000267303985, -0.162968725},{9.75988483428955, 0.7796390056610107, 59.37261962890625},{9.901457786560059, -0.7081973552703857, 59.418846130371094},{9.757790565490723, 1.0605539083480835, 59.507606506347656},{9.839040756225586, -1.1164413690567017, 59.32533264160156},{0},{1},{0}},{{2232.62134, 197.91449, 630.71106, -0.161145002, 0.000553685124, 0.986930609, 0.00165279116, 0.999998569, -0.000291150471, -0.986929357, 0.00158427272, -0.161145702},{9.690470695495605, 0.311920166015625, 60.18609619140625},{9.182430267333984, -1.1785787343978882, 60.115840911865234},{9.893287658691406, 0.9741166234016418, 60.48558807373047},{10.068964004516602, -1.3700107336044312, 64.57914733886719},{1},{1},{0}},{{2226.12695, 197.928085, 631.666382, -0.145179018, 0.00222273311, 0.98940289, 0.0113858795, 0.999935031, -0.000575698621, -0.989339888, 0.0111816432, -0.145194903},{6.7895331382751465, 0.5167486071586609, 62.06473922729492},{7.0868659019470215, -1.0703696012496948, 60.81889343261719},{9.217044830322266, 0.5630360245704651, 61.82856750488281},{9.040438652038574, -1.6964884996414185, 60.5245475769043},{0},{1},{0}},{{2219.86646, 197.940582, 632.449524, -0.128613606, 0.00403509336, 0.991686583, 0.00817613956, 0.999962032, -0.00300838752, -0.991661072, 0.00772124808, -0.12864171},{6.757866382598877, 0.3975152373313904, 63.02690505981445},{7.082728862762451, -0.5541282296180725, 62.016700744628906},{8.073236465454102, 0.7327104806900024, 62.53203582763672},{7.997500896453857, -1.4789512157440186, 61.905120849609375},{0},{1},{0}},{{2213.49878, 197.929031, 633.213135, -0.122172505, 0.00406247843, 0.992500544, -0.00299228495, 0.999985576, -0.0044614533, -0.992504358, -0.00351491128, -0.122158587},{7.198863506317139, 0.4784420132637024, 63.3378791809082},{7.8148603439331055, -0.10249295830726624, 63.133785247802734},{7.743278503417969, 1.1644188165664673, 63.34389877319336},{7.795533180236816, -1.1498099565505981, 63.01410675048828},{0},{1},{0}},{{2206.67236, 197.918579, 634.032898, -0.119652338, 0.00198679511, 0.992813885, -0.00169679499, 0.999996126, -0.00220566313, -0.992814422, -0.00194851425, -0.119648501},{7.44599723815918, 0.6311028599739075, 64.29287719726562},{7.831358432769775, -0.5646142363548279, 64.14907836914062},{7.704455375671387, 1.2705892324447632, 64.17134094238281},{7.834567546844482, -1.1044882535934448, 64.30828857421875},{0},{1},{0}},{{2199.73975, 197.912354, 634.86438, -0.118739299, 0.000359944941, 0.992925406, 0.00112317514, 0.999999344, -0.000228194054, -0.992924809, 0.00108813355, -0.118739627},{8.30972957611084, 0.8069610595703125, 64.73587799072266},{7.855595111846924, -0.8954588174819946, 65.07552337646484},{7.762398719787598, 1.1605935096740723, 65.2029800415039},{7.809017658233643, -1.39637291431427, 69.86388397216797},{0},{1},{0}},{{2193.44702, 197.910034, 635.61438, -0.118560903, 1.30053686e-05, 0.992946804, 0.000197752845, 1, 1.05145482e-05, -0.992946744, 0.000197604662, -0.118560903},{7.621580123901367, 0.8055316209793091, 66.30116271972656},{7.896925449371338, -0.9254124760627747, 66.01911163330078},{7.839170455932617, 1.2448564767837524, 66.01313018798828},{7.96284818649292, -1.2048792839050293, 66.14331817626953},{0},{1},{0}},{{2187.07104, 197.912125, 636.373474, -0.118391588, 0.000155353409, 0.99296695, -0.000533682061, 0.999999821, -0.000220084708, -0.992966831, -0.000555984851, -0.118391484},{7.908147811889648, 0.8810581564903259, 66.89802551269531},{8.250727653503418, -0.7263380885124207, 67.08445739746094},{7.772933006286621, 1.0984082221984863, 67.29879760742188},{8.029054641723633, -1.217832088470459, 66.87788391113281},{0},{1},{0}},{{2180.61377, 197.915649, 637.140503, -0.117572419, -0.000124937986, 0.993064284, 0.000815887004, 0.999999642, 0.000222406277, -0.993063986, 0.00083637709, -0.11757227},{8.223305702209473, 0.5502857565879822, 67.38390350341797},{7.688936233520508, -1.1425081491470337, 67.53208923339844},{8.749783515930176, 1.4345282316207886, 72.58008575439453},{8.772159576416016, -2.0274577140808105, 81.4991455078125},{1},{1},{0}},{{2173.70361, 197.924835, 637.885864, -0.105861574, 0.00205127685, 0.994378746, 0.0104954652, 0.999944448, -0.000945410749, -0.994325459, 0.0103363851, -0.105877228},{5.597962856292725, -0.02810305543243885, 69.12391662597656},{5.27752161026001, -1.6492468118667603, 68.16581726074219},{7.473175048828125, 0.7292322516441345, 69.27886962890625},{7.467092990875244, -1.8558903932571411, 67.9782485961914},{1},{1},{0}},{{2167.08838, 197.926086, 638.43866, -0.0857243314, 0.00112245034, 0.996318281, 0.0150943659, 0.999886036, 0.000172266256, -0.996204555, 0.01505356, -0.0857315063},{3.0202949047088623, 0.7796157598495483, 71.22345733642578},{3.6698379516601562, -1.2502862215042114, 69.11656951904297},{6.112726211547852, 0.5919358730316162, 70.2402114868164},{6.044182300567627, -2.0437300205230713, 68.98614501953125},{0},{1},{0}},{{2160.38037, 197.927048, 638.866272, -0.0671629906, 0.000970396097, 0.99774152, 0.00995700806, 0.999950409, -0.000302288187, -0.997692347, 0.00991421752, -0.0671693236},{3.555748224258423, 0.7886948585510254, 71.0055160522461},{4.046444892883301, -1.0967135429382324, 70.37826538085938},{4.717841625213623, 0.7718356251716614, 70.9663314819336},{4.754099369049072, -1.7587754726409912, 70.15949249267578},{0},{1},{0}},{{2153.16797, 197.915878, 639.286987, -0.0609087013, 0.00217798469, 0.998140991, -0.00350040477, 0.999991, -0.0023956236, -0.998137176, -0.00363981188, -0.060900528},{4.515178680419922, 0.829650342464447, 71.40606689453125},{4.22669792175293, -0.5446153879165649, 71.4130630493164},{4.313207626342773, 1.3745310306549072, 71.67757415771484},{4.062381744384766, -1.4302558898925781, 76.3675765991211},{0},{1},{0}},{{2146.26245, 197.917419, 639.694641, -0.059258502, 0.00255302363, 0.998239398, -0.00289258081, 0.999992073, -0.00272921845, -0.998238504, -0.0030492174, -0.0592506453},{4.066556930541992, 0.7589552402496338, 72.43986511230469},{4.371511936187744, -0.5903475880622864, 72.370849609375},{5.17233943939209, 1.6150692701339722, 77.40480041503906},{4.358019828796387, -1.2511610984802246, 72.48516082763672},{0},{1},{0}},{{2139.68408, 197.917313, 640.08252, -0.0584644042, 0.00168578327, 0.998288095, 0.00118398585, 0.999997973, -0.00161933096, -0.99828881, 0.00108728581, -0.0584662817},{3.9491732120513916, 0.5875603556632996, 73.3223648071289},{4.450700759887695, -0.8832278847694397, 73.4615707397461},{4.258604526519775, 1.2907497882843018, 73.481689453125},{4.353419303894043, -1.4493619203567505, 73.2315673828125},{1},{1},{0}},{{2132.19678, 197.921127, 640.471191, -0.0506645292, 0.000984636019, 0.998715222, 0.00778425671, 0.999969542, -0.000590979645, -0.99868542, 0.00774431415, -0.0506706499},{1.5566484928131104, 0.13284754753112793, 73.43943786621094},{2.1470510959625244, -1.5971248149871826, 73.95030212402344},{3.862959861755371, 0.9947832226753235, 74.68975830078125},{3.9340734481811523, -1.7754454612731934, 73.9769515991211},{1},{1},{0}},{{2125.04443, 197.919815, 640.702637, -0.0331065319, -0.00138083356, 0.999450862, 0.0145065682, 0.999893069, 0.00186197052, -0.999346554, 0.0145602459, -0.0330829583},{-2.8763082027435303, 0.08933094143867493, 78.65005493164062},{-1.7070720195770264, -2.1440823078155518, 72.04720306396484},{2.631173849105835, 0.6745985746383667, 75.81765747070312},{2.543837070465088, -2.139751672744751, 74.57167053222656},{1},{1},{0}},{{2117.38623, 197.928665, 640.748901, -0.00681909407, -0.00160868466, 0.999975443, 0.0172033478, 0.999850512, 0.00172579777, -0.999828756, 0.017214695, -0.00679040002},{-6.771202564239502, 0.8866412043571472, 80.69805908203125},{-4.898105144500732, -1.3882544040679932, 72.66354370117188},{0.667424201965332, 0.3937237858772278, 77.03612518310547},{0.6595191955566406, -2.304164171218872, 75.16893768310547},{0},{1},{0}},{{2110.07617, 197.936127, 640.568726, 0.0217031334, -0.00075596245, 0.999764144, 0.0166766532, 0.999860883, 0.000394014554, -0.999625385, 0.0166641679, 0.0217127204},{-6.221023082733154, 1.0955872535705566, 76.19120788574219},{-5.1363115310668945, -0.8981020450592041, 76.83928680419922},{-1.5887651443481445, 0.41183847188949585, 77.82083129882812},{-1.5675023794174194, -2.2568929195404053, 76.14347839355469},{0},{1},{0}},{{2102.23804, 197.933197, 640.200134, 0.0443656631, 0.000915291777, 0.999014914, 0.00840094313, 0.99996388, -0.00128924206, -0.998980045, 0.00844986551, 0.0443563685},{-5.2572197914123535, 0.823265790939331, 78.3607177734375},{-5.012152671813965, -0.8762600421905518, 77.04837036132812},{-3.5476746559143066, 0.7970864772796631, 78.50349426269531},{-3.3416097164154053, -1.864927887916565, 77.41097259521484},{0},{1},{0}},{{2094.73389, 197.91803, 639.771118, 0.054701075, 0.00261616404, 0.998499334, 0.000938679616, 0.999996006, -0.00267150928, -0.998502314, 0.00108340534, 0.0546984002},{-4.284696102142334, 0.771026074886322, 78.54019165039062},{-4.23635721206665, -0.8286569714546204, 79.0194091796875},{-4.389994144439697, 1.4113975763320923, 78.99808502197266},{-4.262169361114502, -1.6633349657058716, 78.61841583251953},{0},{1},{0}},{{2087.13525, 197.911591, 639.331116, 0.0566959679, 0.00202585966, 0.998389423, -0.0023393603, 0.99999547, -0.00189627218, -0.998388767, -0.00222808169, 0.0567004494},{-4.801881313323975, 0.9864206910133362, 79.6683120727539},{-4.351212024688721, -