return {{{2459.98364, 197.861938, 604.688599, -0.175656915, 0.00048807243, 0.984451354, -0.00310149346, 0.999994636, -0.00104918191, -0.984446585, -0.00323756551, -0.175654456},{0.11201704293489456, 0.011586867272853851, 0.9736570119857788},{0.12107732892036438, -0.015856511890888214, 0.9231959581375122},{0.11524946987628937, 0.020597131922841072, 0.955873966217041},{0.11905597150325775, -0.015544467605650425, 0.9617712497711182},{0},{1},{0}},{{2459.86279, 197.862106, 604.710693, -0.175681829, 0.000746204983, 0.984446704, -0.00270354399, 0.999995589, -0.00124045846, -0.984443307, -0.00287942099, -0.175679028},{0.3231681287288666, 0.012112190946936607, 1.5735843181610107},{0.31101691722869873, -0.029129330068826675, 1.5987275838851929},{0.316072016954422, 0.033292505890131, 1.592197299003601},{0.31807538866996765, -0.02891618013381958, 1.5921766757965088},{0},{1},{0}},{{2459.66626, 197.868683, 604.749756, -0.175696313, 0.00162157579, 0.984443069, 0.00189647858, 0.999997318, -0.00130872696, -0.984442592, 0.0016370368, -0.175698921},{0.42250505089759827, 0.02308681420981884, 2.323786497116089},{0.4302968680858612, -0.03833126649260521, 2.3188886642456055},{0.43062764406204224, 0.04251832515001297, 2.335057497024536},{0.4252208471298218, -0.047328703105449677, 2.3333699703216553},{0},{1},{0}},{{2459.3916, 197.867249, 604.79834, -0.175697759, 0.00129617215, 0.984443307, 0.00161355059, 0.999998152, -0.00102867535, -0.98444283, 0.00140771305, -0.175699517},{0.5461330413818359, 0.035759955644607544, 3.114532947540283},{0.5509243011474609, -0.04875504970550537, 3.0937905311584473},{0.5502068400382996, 0.05768858268857002, 3.1185336112976074},{0.5503196120262146, -0.06204625964164734, 3.119108200073242},{0},{1},{0}},{{2459.03784, 197.866196, 604.860779, -0.175705925, 0.00109695562, 0.984442115, 0.000930082519, 0.999999106, -0.000948287023, -0.984442234, 0.000748992723, -0.175706789},{0.7004906535148621, 0.046143848448991776, 3.9189627170562744},{0.6946721076965332, -0.059820592403411865, 3.901876926422119},{0.6998575329780579, 0.07381178438663483, 3.924229860305786},{0.6984106302261353, -0.07690154016017914, 3.9250619411468506},{0},{1},{0}},{{2458.60498, 197.866119, 604.938171, -0.175711617, 0.00107473938, 0.984441102, 0.00091373187, 0.999999166, -0.00092863373, -0.98444128, 0.0007363435, -0.175712451},{0.8458626866340637, 0.05658560246229172, 4.733460903167725},{0.8419091701507568, -0.07158764451742172, 4.7139692306518555},{0.8461176753044128, 0.08912433683872223, 4.739566326141357},{0.8459669351577759, -0.092855304479599, 4.739945888519287},{0},{1},{0}},{{2458.11963, 197.865982, 605.024658, -0.175715789, 0.00104637013, 0.984440386, 0.000922624837, 0.999999166, -0.000898225582, -0.984440506, 0.000750436739, -0.175716609},{0.982826292514801, 0.06652779877185822, 5.501463413238525},{0.9783394932746887, -0.08273737132549286, 5.479435443878174},{0.9832409024238586, 0.10353764146566391, 5.5075507164001465},{0.9830279350280762, -0.10799512267112732, 5.507941722869873},{0},{1},{0}},{{2457.52856, 197.865799, 605.130188, -0.175718814, 0.00100100308, 0.984439909, 0.000907976995, 0.999999225, -0.000854753773, -0.984439969, 0.000743652461, -0.175719589},{1.125807523727417, 0.07704160362482071, 6.30444860458374},{1.120807409286499, -0.09447406232357025, 6.280117034912109},{1.1265909671783447, 0.11859509348869324, 6.3103928565979},{1.1258032321929932, -0.12370558828115463, 6.310736656188965},{0},{1},{0}},{{2456.81885, 197.86554, 605.256897, -0.175722256, 0.000921159983, 0.984439373, 0.000853919017, 0.999999344, -0.000783295371, -0.984439433, 0.000702989055, -0.175722927},{1.2747769355773926, 0.08838783204555511, 7.1409525871276855},{1.2696483135223389, -0.10679975152015686, 7.114238739013672},{1.2759451866149902, 0.13431651890277863, 7.146702766418457},{1.274768352508545, -0.13975512981414795, 7.147122859954834},{0},{1},{0}},{{2456.06519, 197.865265, 605.391357, -0.17572628, 0.000840557565, 0.984438717, 0.00080719823, 0.999999404, -0.00070975587, -0.984438717, 0.000669914414, -0.175726861},{1.4144805669784546, 0.09923914074897766, 7.922280788421631},{1.409231424331665, -0.11860903352499008, 7.89376163482666},{1.415426254272461, 0.14896808564662933, 7.9281392097473145},{1.4146758317947388, -0.15473683178424835, 7.928372383117676},{0},{1},{0}},{{2455.13672, 197.86496, 605.557007, -0.175727889, 0.000763287011, 0.984438479, 0.00077799079, 0.999999523, -0.000636476441, -0.984438479, 0.000654037402, -0.175728396},{1.5676853656768799, 0.1113354042172432, 8.779095649719238},{1.5612461566925049, -0.13159053027629852, 8.749342918395996},{1.5683833360671997, 0.16504442691802979, 8.784987449645996},{1.5675923824310303, -0.1712561547756195, 8.785224914550781},{0},{1},{0}},{{2454.27344, 197.864731, 605.711121, -0.175727054, 0.000698981225, 0.984438658, 0.000749345985, 0.999999583, -0.000576268008, -0.984438658, 0.000636419281, -0.175727502},{1.6973204612731934, 0.1216365322470665, 9.504366874694824},{1.6903486251831055, -0.14252683520317078, 9.47355842590332},{1.6978623867034912, 0.17867141962051392, 9.510259628295898},{1.6970469951629639, -0.18514566123485565, 9.51052188873291},{0},{1},{0}},{{2453.2854, 197.864456, 605.887512, -0.175730199, 0.000626632303, 0.984438181, 0.000720355951, 0.999999583, -0.000507948396, -0.984438121, 0.000619884057, -0.175730586},{1.8339452743530273, 0.13277392089366913, 10.26889419555664},{1.826632022857666, -0.15426039695739746, 10.237283706665039},{1.8343209028244019, 0.19304068386554718, 10.274776458740234},{1.8336502313613892, -0.19975000619888306, 10.274965286254883},{0},{1},{0}},{{2452.28125, 197.864197, 606.066589, -0.175730407, 0.00056418858, 0.984438181, 0.000698497461, 0.999999642, -0.000448419363, -0.984438062, 0.000608826638, -0.175730735},{1.9630093574523926, 0.14334186911582947, 10.9901762008667},{1.955143928527832, -0.1653284877538681, 10.95800495147705},{1.9631547927856445, 0.20660462975502014, 10.996108055114746},{1.962457299232483, -0.21358565986156464, 10.996306419372559},{0},{1},{0}},{{2451.21045, 197.864059, 606.257935, -0.175733283, 0.000500347291, 0.984437704, 0.000681389763, 0.999999702, -0.000386621017, -0.984437585, 0.000602843589, -0.175733566},{2.0932109355926514, 0.1542714238166809, 11.71802043914795},{2.0847649574279785, -0.1765448898077011, 11.685661315917969},{2.093125581741333, 0.22037315368652344, 11.72433090209961},{2.092540740966797, -0.22763055562973022, 11.724513053894043},{0},{1},{0}},{{2450.02075, 197.89003, 606.470642, -0.175638393, -0.00420033466, 0.98444581, 0.000490429054, 0.999990404, 0.00435415795, -0.984454632, 0.00124755816, -0.175634637},{2.1833598613739014, 0.1701134890317917, 12.234993934631348},{2.1766717433929443, -0.18512795865535736, 12.21201229095459},{2.2459025382995605, 0.2350141853094101, 12.021796226501465},{2.0440773963928223, -0.23946580290794373, 12.056251525878906},{0},{1},{0}},{{2448.82935, 197.891876, 606.681763, -0.175925985, -0.00406362675, 0.984395027, 0.000620265608, 0.999990821, 0.00423885789, -0.984403193, 0.00135631161, -0.175921842},{2.3156888484954834, 0.1875559538602829, 12.950177192687988},{2.304659605026245, -0.19127637147903442, 12.939062118530273},{2.24651837348938, 0.22048643231391907, 12.80593204498291},{2.308443784713745, -0.2493574172258377, 12.745147705078125},{0},{1},{0}},{{2447.49121, 197.89006, 606.9198, -0.175880119, -0.00343043567, 0.984405637, -0.000251866702, 0.99999404, 0.00343975774, -0.984411538, 0.000357046025, -0.17587994},{2.449502468109131, 0.20603646337985992, 13.710599899291992},{2.440324068069458, -0.20030032098293304, 13.707268714904785},{2.427570343017578, 0.2570136785507202, 13.561161041259766},{2.411565065383911, -0.2534647583961487, 13.567276000976562},{0},{1},{0}},{{2446.07397, 197.893646, 607.172791, -0.175865144, -0.00360248028, 0.984407663, -0.000417015632, 0.999993503, 0.00358501705, -0.98441416, 0.000219966154, -0.175865501},{2.5926411151885986, 0.22060728073120117, 14.492209434509277},{2.5861284732818604, -0.21373113989830017, 14.493512153625488},{2.56380558013916, 0.2643204927444458, 14.35254955291748},{2.5669658184051514, -0.25682002305984497, 14.357032775878906},{0},{1},{0}},{{2444.49023, 197.895599, 607.455688, -0.17586118, -0.00351519161, 0.984408677, -0.000394902367, 0.999993801, 0.0035002958, -0.984414876, 0.000226820863, -0.175861478},{2.7432780265808105, 0.23643125593662262, 15.334060668945312},{2.7357232570648193, -0.22949469089508057, 15.335344314575195},{2.714203119277954, 0.2786247432231903, 15.199773788452148},{2.717602014541626, -0.2707795202732086, 15.204864501953125},{0},{1},{0}},{{2442.99512, 197.897232, 607.722839, -0.175864324, -0.00341856922, 0.984408498, -0.000364751613, 0.999994099, 0.00340753095, -0.984414339, 0.00024019854, -0.175864533},{2.8815152645111084, 0.24987336993217468, 16.100799560546875},{2.872328758239746, -0.24312642216682434, 16.1029109954834},{2.8518543243408203, 0.29173630475997925, 15.970527648925781},{2.8562169075012207, -0.2836935222148895, 15.976597785949707},{0},{1},{0}},{{2441.42505, 197.898636, 608.003479, -0.175863132, -0.00331376703, 0.984409034, -0.000313398254, 0.999994457, 0.00331024337, -0.984414577, 0.000273637706, -0.175863191},{3.0209827423095703, 0.2632240951061249, 16.881227493286133},{3.0118863582611084, -0.25708532333374023, 16.883346557617188},{2.9917519092559814, 0.30528703331947327, 16.7547607421875},{2.9964475631713867, -0.29728949069976807, 16.76188850402832},{0},{1},{0}},{{2439.67944, 197.899841, 608.31543, -0.175863102, -0.00322711561, 0.984409332, -0.000272204576, 0.999994755, 0.00322957919, -0.984414577, 0.000300003099, -0.175863057},{3.1711513996124268, 0.2782233953475952, 17.72341537475586},{3.162165880203247, -0.27236056327819824, 17.725475311279297},{3.1428184509277344, 0.32002687454223633, 17.601055145263672},{3.1474907398223877, -0.31215792894363403, 17.60855484008789},{0},{1},{0}},{{2437.84644, 197.900711, 608.642822, -0.175864145, -0.0031576606, 0.984409392, -0.000276736537, 0.999994993, 0.0031582152, -0.984414399, 0.000282994763, -0.17586413},{3.3247718811035156, 0.29410436749458313, 18.581195831298828},{3.315122604370117, -0.287992388010025, 18.58361053466797},{3.2963314056396484, 0.3355826437473297, 18.462745666503906},{3.3017354011535645, -0.3271011710166931, 18.47089385986328},{0},{1},{0}},{{2435.92456, 197.901474, 608.986145, -0.175864905, -0.00309441471, 0.984409451, -0.000287873409, 0.999995172, 0.00309197861, -0.984414279, 0.000260385248, -0.17586495},{3.481630563735962, 0.31024429202079773, 19.45695686340332},{3.4712796211242676, -0.30366185307502747, 19.45919418334961},{3.4536094665527344, 0.35161125659942627, 19.341724395751953},{3.459160566329956, -0.34251219034194946, 19.350486755371094},{0},{1},{0}},{{2434.02661, 197.902084, 609.325256, -0.175870761, -0.00304127322, 0.984408557, -0.000292903627, 0.999995351, 0.00303709856, -0.984413207, 0.000245800009, -0.175870836},{3.6323091983795166, 0.32595759630203247, 20.299617767333984},{3.6216959953308105, -0.3189537823200226, 20.302091598510742},{3.6049482822418213, 0.36702072620391846, 20.187885284423828},{3.610323190689087, -0.35719382762908936, 20.197507858276367},{0},{1},{0}},{{2431.80786, 197.902573, 609.721497, -0.175871357, -0.00299417484, 0.984408617, -0.000319834391, 0.99999547, 0.00298444321, -0.984413087, 0.000210030368, -0.175871521},{3.8037991523742676, 0.3440473675727844, 21.258268356323242},{3.7933273315429688, -0.33622121810913086, 21.260337829589844},{3.776554822921753, 0.3849810063838959, 21.149608612060547},{3.7820451259613037, -0.374007910490036, 21.16012954711914},{0},{1},{0}},{{2429.60986, 197.903, 610.114319, -0.175873771, -0.00296133221, 0.984408259, -0.000336891942, 0.999995589, 0.00294803362, -0.98441267, 0.000186842575, -0.175873995},{3.9696898460388184, 0.3617193102836609, 22.183073043823242},{3.957606077194214, -0.3533523678779602, 22.185869216918945},{3.9423282146453857, 0.40198805928230286, 22.077617645263672},{3.9482038021087646, -0.3900567293167114, 22.089324951171875},{0},{1},{0}},{{2427.44604, 197.902542, 610.50116, -0.175846532, -0.00262623606, 0.984414101, 5.08634657e-05, 0.999996424, 0.00267689256, -0.984417617, 0.000520792964, -0.175845772},{4.135250091552734, 0.37438735365867615, 23.06791114807129},{4.124399662017822, -0.37370765209198, 23.0864200592041},{4.107839584350586, 0.3894934058189392, 23.045207977294922},{4.131927967071533, -0.41552412509918213, 22.98715591430664},{0},{1},{0}},{{2425.19482, 197.902374, 610.903687, -0.175862446, -0.00225585676, 0.984412193, 0.000634664961, 0.999996901, 0.00240495149, -0.984414518, 0.00104771252, -0.175860479},{4.292116165161133, 0.3848985731601715, 23.986196517944336},{4.2788214683532715, -0.39598366618156433, 23.989835739135742},{4.279746055603027, 0.4081874191761017, 23.962696075439453},{4.270832538604736, -0.45302698016166687, 23.899900436401367},{0},{1},{0}},{{2422.71484, 197.902634, 611.346619, -0.175865337, -0.0022441959, 0.984411657, 0.000622186286, 0.99999696, 0.0023908799, -0.984414041, 0.00103296037, -0.1758634},{4.468190670013428, 0.4032750725746155, 24.968135833740234},{4.453862190246582, -0.41471725702285767, 24.970918655395508},{4.456074237823486, 0.42436298727989197, 24.951705932617188},{4.4469146728515625, -0.4707690179347992, 24.886003494262695},{0},{1},{0}},{{2420.13403, 197.902802, 611.807861, -0.175874561, -0.00224013464, 0.984410048, 0.000600994041, 0.99999696, 0.0023829781, -0.984412432, 0.00101072981, -0.175872684},{4.647797584533691, 0.4223799705505371, 25.966697692871094},{4.6330742835998535, -0.43389639258384705, 25.969690322875977},{4.635814666748047, 0.44146546721458435, 25.956613540649414},{4.626663684844971, -0.48842909932136536, 25.889692306518555},{0},{1},{0}},{{2417.2981, 197.902786, 612.314575, -0.175885856, -0.00227665203, 0.984407961, 0.000574881386, 0.999996901, 0.00241541979, -0.984410405, 0.000990755972, -0.175884008},{4.840320587158203, 0.4449736773967743, 27.041654586791992},{4.8246917724609375, -0.45631271600723267, 27.044330596923828},{4.828378200531006, 0.45987045764923096, 27.037702560424805},{4.8198442459106445, -0.5076130032539368, 26.9686222076416},{0},{1},{0}},{{2414.34473, 197.902573, 612.842285, -0.1758928, -0.00231029349, 0.98440659, 0.000501031813, 0.999996901, 0.00243640598, -0.984409213, 0.000921765284, -0.175891086},{5.036800384521484, 0.46881696581840515, 28.135316848754883},{5.020216464996338, -0.47912514209747314, 28.138591766357422},{5.024995803833008, 0.4805005192756653, 28.13727378845215},{5.016561031341553, -0.5275089144706726, 28.06777572631836},{0},{1},{0}},{{2411.60205, 197.902283, 613.332153, -0.175907284, -0.00233930326, 0.984403968, 0.000474938948, 0.999996841, 0.00246122666, -0.98440665, 0.000900479499, -0.175905615},{5.215989589691162, 0.49120092391967773, 29.132829666137695},{5.198428630828857, -0.5011584758758545, 29.135957717895508},{5.205765724182129, 0.4983533024787903, 29.14142417907715},{5.196825981140137, -0.5465168356895447, 29.069360733032227},{0},{1},{0}},{{2408.59253, 197.902023, 613.869873, -0.175913453, -0.00238275505, 0.984402776, 0.00048043378, 0.999996722, 0.00250635436, -0.984405518, 0.000913841766, -0.175911739},{5.407957553863525, 0.5154351592063904, 30.205015182495117},{5.389963150024414, -0.5258045792579651, 30.208953857421875},{5.397736549377441, 0.5194296836853027, 30.216630935668945},{5.389228343963623, -0.5671810507774353, 30.145912170410156},{0},{1},{0}},{{2405.29614, 197.901611, 614.459045, -0.175918892, -0.00244926219, 0.984401643, 0.00047953875, 0.999996603, 0.00257376023, -0.984404564, 0.000924831722, -0.175917119},{5.614981174468994, 0.5428732633590698, 31.35698890686035},{5.595519542694092, -0.5536662936210632, 31.361492156982422},{5.6039323806762695, 0.543160617351532, 31.368925094604492},{5.596088409423828, -0.5894574522972107, 31.30325698852539},{0},{1},{0}},{{2402.24072, 197.901199, 615.004883, -0.175929293, -0.0025144536, 0.984399617, 0.00048243624, 0.999996424, 0.00264051231, -0.984402716, 0.000939453486, -0.175927445},{5.8048272132873535, 0.5683290362358093, 32.40623092651367},{5.782582759857178, -0.5797398090362549, 32.41022872924805},{5.791790008544922, 0.5647652745246887, 32.41815185546875},{5.784615516662598, -0.6098211407661438, 32.35506057739258},{0},{1},{0}},{{2398.89453, 197.900681, 615.603149, -0.175941274, -0.00261613121, 0.984397173, 0.000485157012, 0.999996126, 0.00274429889, -0.98440057, 0.00096042268, -0.175939322},{6.006326675415039, 0.5974191427230835, 33.53409194946289},{5.984175205230713, -0.6094329953193665, 33.537498474121094},{5.992668151855469, 0.5874302983283997, 33.54567337036133},{5.9862871170043945, -0.6308591961860657, 33.48735809326172},{0},{1},{0}},{{2395.62793, 197.90004, 616.187073, -0.17595391, -0.00273255561, 0.98439461, 0.00047576832, 0.999995768, 0.00286090304, -0.984398305, 0.000971730857, -0.175951868},{6.201236724853516, 0.6279241442680359, 34.615257263183594},{6.1769633293151855, -0.6398743987083435, 34.61916732788086},{6.186418056488037, 0.6098799109458923, 34.6280632019043},{6.181818962097168, -0.6507732272148132, 34.57481384277344},{0},{1},{0}},{{2392.05518, 197.899292, 616.825684, -0.175969288, -0.0028527996, 0.98439151, 0.000454337453, 0.99999547, 0.00297923735, -0.984395564, 0.000971500238, -0.175967187},{6.410486221313477, 0.6610597372055054, 35.7772102355957},{6.38263463973999, -0.6723341345787048, 35.78315353393555},{6.395262718200684, 0.634253978729248, 35.79035568237305},{6.391418933868408, -0.6718170046806335, 35.743621826171875},{0},{1},{0}},{{2388.77954, 197.89856, 617.411499, -0.175978214, -0.00299462141, 0.984389484, 0.000425037171, 0.999995053, 0.00311807869, -0.984393954, 0.000967116037, -0.175976068},{6.599011421203613, 0.6927701234817505, 36.82318878173828},{6.570156574249268, -0.7035521864891052, 36.829551696777344},{6.582589626312256, 0.6555502414703369, 36.837425231933594},{6.579602241516113, -0.690493643283844, 36.79533386230469},{0},{1},{0}},{{2385.19385, 197.897583, 618.052429, -0.175986707, -0.00318753091, 0.984387398, 0.000386989879, 0.999994457, 0.00330725336, -0.984392464, 0.000962980557, -0.175984502},{6.800375938415527, 0.7311637997627258, 37.94862747192383},{6.770936012268066, -0.740874171257019, 37.95591354370117},{6.784144401550293, 0.6791408658027649, 37.96383285522461},{6.782641410827637, -0.7098709940910339, 37.9279899597168},{0},{1},{0}},{{2381.49951, 197.896744, 618.712891, -0.175996229, -0.00339134643, 0.984385014, 0.000385351566, 0.999993742, 0.00351401698, -0.984390795, 0.00099778804, -0.175993815},{7.007224082946777, 0.7693255543708801, 39.08810806274414},{6.974013805389404, -0.7797891497612, 39.09444808959961},{6.988526821136475, 0.7009106874465942, 39.10264587402344},{6.988440990447998, -0.7317802309989929, 39.06694412231445},{0},{1},{0}},{{2377.46826, 197.895721, 619.433899, -0.176006883, -0.00363875623, 0.984382212, 0.000431244262, 0.999992788, 0.0037735668, -0.984388828, 0.00108868291, -0.176004037},{7.226879596710205, 0.813407838344574, 40.30537796020508},{7.191378116607666, -0.825698733329773, 40.3126220703125},{7.206986427307129, 0.7230126261711121, 40.32075881958008},{7.207310676574707, -0.7561015486717224, 40.28519058227539},{0},{1},{0}},{{2373.31152, 197.894943, 620.177551, -0.176079124, -0.00384026114, 0.984368503, 0.000451956585, 0.999991953, 0.00398205593, -0.984375894, 0.00114604866, -0.176075965},{7.4542083740234375, 0.8564178347587585, 41.53693771362305},{7.405063629150391, -0.8686977028846741, 41.54642105102539},{7.428791522979736, 0.7464900016784668, 41.55182647705078},{7.430210113525391, -0.7777429223060608, 41.523319244384766},{0},{1},{0}},{{2368.54565, 197.895004, 621.030701, -0.17619355, -0.00382266706, 0.984348118, 0.000365171552, 0.999992132, 0.0039487835, -0.98435545, 0.00105520617, -0.176190764},{7.708648681640625, 0.886691153049469, 42.92037582397461},{7.648547649383545, -0.8950417041778564, 42.93313980102539},{7.682308673858643, 0.7750608921051025, 42.935829162597656},{7.684412956237793, -0.8000859618186951, 42.91447067260742},{0},{1},{0}},{{2364.12183, 197.895416, 621.823303, -0.176293001, -0.00377649721, 0.984330475, 0.000326376758, 0.999992371, 0.00389503967, -0.984337687, 0.00100793084, -0.176290423},{7.937567234039307, 0.9084575176239014, 44.1794548034668},{7.875744819641113, -0.915480375289917, 44.190120697021484},{7.9099602699279785, 0.7984360456466675, 44.19353103637695},{7.913823127746582, -0.8202582001686096, 44.17701721191406},{0},{1},{0}},{{2359.56934, 197.895416, 622.639282, -0.176380858, -0.00374257658, 0.984314859, 0.00027584628, 0.999992549, 0.00385161582, -0.984321952, 0.000950870861, -0.176378503},{8.16746711730957, 0.9349590539932251, 45.445289611816406},{8.10655403137207, -0.9396848082542419, 45.456295013427734},{8.142810821533203, 0.8252426385879517, 45.46075439453125},{8.147374153137207, -0.8420146107673645, 45.450523376464844},{0},{1},{0}},{{2354.8877, 197.895538, 623.47876, -0.176463261, -0.00373652228, 0.984300137, 0.000249624631, 0.999992609, 0.00384084485, -0.98430717, 0.000923473621, -0.176461026},{8.400861740112305, 0.9612677693367004, 46.718589782714844},{8.33568000793457, -0.9647622108459473, 46.72931671142578},{8.372896194458008, 0.8495122194290161, 46.731529235839844},{8.379059791564941, -0.8632927536964417, 46.726871490478516},{0},{1},{0}},{{2350.07642, 197.895615, 624.34198, -0.176549226, -0.0037187885, 0.984284759, 0.00019462491, 0.999992728, 0.0038130451, -0.984291792, 0.000864756526, -0.176547214},{8.633177757263184, 0.9875761866569519, 47.992835998535156},{8.568524360656738, -0.9890021085739136, 48.002498626708984},{8.607427597045898, 0.8749821186065674, 48.007041931152344},{8.61404800415039, -0.8839596509933472, 48.0078010559082},{0},{1},{0}},{{2345.41382, 197.895721, 625.178894, -0.176637188, -0.00370357698, 0.984269083, 0.000185515557, 0.999992788, 0.00379603426, -0.984275997, 0.000853118021, -0.176635221},{8.85174560546875, 1.0121159553527832, 49.19059753417969},{8.786916732788086, -1.012992262840271, 49.202369689941406},{8.82484245300293, 0.8979020118713379, 49.20442581176758},{8.832496643066406, -0.9052311778068542, 49.209739685058594},{0},{1},{0}},{{2339.78101, 197.895935, 626.190552, -0.176736444, -0.00368415471, 0.98425132, 0.000109331988, 0.999992907, 0.00376270921, -0.984258235, 0.00077261799, -0.17673479},{9.110505104064941, 1.0396733283996582, 50.59484100341797},{9.043192863464355, -1.0365697145462036, 50.6041259765625},{9.085033416748047, 0.9252554774284363, 50.60926818847656},{9.092864990234375, -0.9299887418746948, 50.611183166503906},{0},{1},{0}},{{2334.89429, 197.896423, 627.06842, -0.176821694, -0.00402801856, 0.984234631, -2.39788533e-05, 0.999991655, 0.00408819644, -0.984242916, 0.000699281052, -0.176820323},{9.170014381408691, 1.0597665309906006, 50.95087432861328},{9.113686561584473, -1.0514931678771973, 50.95524215698242},{9.16285228729248, 0.916756272315979, 50.95259475708008},{9.142114639282227, -0.9163987636566162, 50.96003723144531},{0},{0},{0}},{{2329.73364, 197.8965, 627.994019, -0.176546991, -0.00460850727, 0.984281421, 4.30958426e-05, 0.999988973, 0.00468978193, -0.984292209, 0.000870385324, -0.17654486},{8.814777374267578, 0.7912302017211914, 50.820796966552734},{8.755943298339844, -1.3374043703079224, 50.69850540161133},{9.11924934387207, 0.8582073450088501, 50.77716827392578},{9.108696937561035, -0.9074710011482239, 50.655914306640625},{1},{0},{0}},{{2324.59888, 197.913116, 628.852661, -0.165790632, -0.00170540554, 0.986159503, 0.0088188285, 0.999955952, 0.00321186334, -0.986121535, 0.00922926888, -0.165768296},{6.697168350219727, 0.1657586693763733, 51.47657775878906},{6.671103000640869, -1.6727288961410522, 50.33755874633789},{8.73232364654541, 0.4495086371898651, 51.15208053588867},{8.533116340637207, -1.3181841373443604, 49.97633743286133},{1},{0},{0}},{{2320.04858, 197.942902, 629.464417, -0.141466737, 0.00294854911, 0.989938617, 0.017678611, 0.999843597, -0.000451697386, -0.989785135, 0.0174368396, -0.141496733},{3.0440495014190674, -0.579055666923523, 50.51727294921875},{3.5698800086975098, -1.6918178796768188, 50.02583312988281},{7.452620029449463, 0.021788693964481354, 51.631282806396484},{7.203394889831543, -1.6673624515533447, 49.560997009277344},{1},{0},{0}},{{2314.65503, 197.938782, 629.990356, -0.108233079, 0.00324455532, 0.99412024, 0.0141290948, 0.999898672, -0.00172513456, -0.994025111, 0.0138593027, -0.108267955},{-2.296363115310669, -0.15308548510074615, 55.37566375732422},{-0.6779494285583496, -0.9368993639945984, 51.68951416015625},{5.678829669952393, 0.14943043887615204, 51.45795822143555},{5.452154636383057, -1.6630170345306396, 49.39803695678711},{0},{0},{0}},{{2309.2915, 197.931702, 630.281799, -0.0668123886, -2.14584124e-05, 0.997765541, 0.015162305, 0.999884486, 0.00103680242, -0.997650325, 0.0151976971, -0.0668043494},{-3.718442440032959, 0.9119911789894104, 48.520023345947266},{-2.266122341156006, -0.6058101654052734, 47.422611236572266},{3.595215082168579, -0.010914263315498829, 51.543243408203125},{3.404813289642334, -1.720159888267517, 49.0285758972168},{0},{0},{0}},{{2304.229, 197.925812, 630.346558, -0.0281498134, -0.0014388694, 0.999602675, 0.0133507811, 0.999909222, 0.00181528204, -0.99951458, 0.013396577, -0.0281280484},{-2.834744691848755, 1.301880955696106, 50.530818939208984},{-1.8002673387527466, -0.44399744272232056, 49.2353515625},{1.4970057010650635, 0.09939133375883102, 51.2509880065918},{1.4478590488433838, -1.6163240671157837, 49.0911865234375},{0},{0},{0}},{{2299.4458, 197.919617, 630.3125, -0.00567358593, 7.15002989e-06, 0.999983907, 0.00129112951, 0.999999166, 1.75314042e-07, -0.999983072, 0.00129110971, -0.00567359058},{-1.7335511445999146, 0.991890549659729, 50.70095443725586},{-1.1261459589004517, -0.39214685559272766, 49.540740966796875},{0.2646006941795349, 0.592694878578186, 50.611446380615234},{0.2841728627681732, -1.1334187984466553, 49.52687072753906},{0},{0},{0}},{{2294.07007, 197.930389, 630.238464, 0.00789147243, 0.00398471951, 0.999960899, -0.00189622038, 0.999990344, -0.0039698719, -0.999967039, -0.00186481816, 0.00789895281},{-1.1695693731307983, 0.4916386902332306, 50.932342529296875},{-0.7569408416748047, -0.17443227767944336, 50.496517181396484},{-0.3775162398815155, 0.8505408763885498, 50.916873931884766},{-0.37236204743385315, -0.9517574310302734, 50.48033905029297},{0},{1},{0}},{{2289.17578, 197.936844, 630.16394, 0.0131624732, 0.00528903678, 0.999899387, 6.31695802e-05, 0.999985993, -0.0052903262, -0.999913394, 0.000132796995, 0.0131619545},{-1.0697872638702393, 0.24512673914432526, 51.57767868041992},{-0.6290797591209412, -0.16323401033878326, 51.36318588256836},{-0.6578887104988098, 0.8843197226524353, 51.58427810668945},{-0.6546692252159119, -0.9783625602722168, 51.36139678955078},{0},{1},{0}},{{2283.61401, 197.932587, 630.067566, 0.0163724348, 0.00449336274, 0.999855876, 0.00074682245, 0.999989569, -0.00450619264, -0.999865711, 0.000820492161, 0.0163689088},{-1.9013913869857788, -0.15597757697105408, 52.45219421386719},{-1.3971850872039795, -0.6655018925666809, 52.221920013427734},{-0.8369247913360596, 0.8959499001502991, 52.47739791870117},{-0.8343356847763062, -1.0249454975128174, 52.24776840209961},{1},{1},{0}},{{2278.26904, 197.931717, 629.909546, 0.0275470298, 0.0028451439, 0.999616444, 0.00727694435, 0.999968886, -0.0030466821, -0.999594033, 0.00735808024, 0.0275254678},{-2.8838133811950684, 0.5508230924606323, 53.46006774902344},{-2.3862013816833496, -0.4009469747543335, 52.79420471191406},{-1.4340816736221313, 0.6909136772155762, 53.49431610107422},{-1.4108991622924805, -1.3051000833511353, 52.83554458618164},{0},{1},{0}},{{2272.53271, 197.930527, 629.679688, 0.0365235955, 0.00380092859, 0.999325573, 0.00206247019, 0.999990344, -0.00387883675, -0.99933064, 0.00220274832, 0.0365154035},{-2.5523900985717773, 0.41134196519851685, 54.24238586425781},{-2.2714266777038574, -0.3555484712123871, 53.84601974487305},{-1.9928776025772095, 0.8800255060195923, 54.225440979003906},{-1.9983361959457397, -1.1361057758331299, 53.88906478881836},{0},{1},{0}},{{2267.31274, 197.929581, 629.461121, 0.039866522, 0.00493047526, 0.999192834, -0.00151234714, 0.999987006, -0.00487405295, -0.999203861, -0.00131681492, 0.0398734622},{-2.438473701477051, 0.34816253185272217, 54.94341278076172},{-2.1904184818267822, -0.22282803058624268, 54.77998733520508},{-2.188528299331665, 1.0317246913909912, 54.95323181152344},{-2.1794257164001465, -1.026883602142334, 54.79635238647461},{0},{1},{0}},{{2261.38281, 197.929092, 629.212524, 0.0415007696, 0.00509691145, 0.999125481, -0.000473342428, 0.999986947, -0.00508164475, -0.999138355, -0.000262036308, 0.0415026397},{-2.434936285018921, 0.3060920238494873, 55.80025863647461},{-2.209040880203247, -0.269339382648468, 55.74711227416992},{-2.3098504543304443, 1.074386477470398, 55.816707611083984},{-2.306788921356201, -1.0759199857711792, 55.75404739379883},{0},{1},{0}},{{2255.99268, 197.927704, 628.984375, 0.0421196483, 0.0049849092, 0.999100149, -5.34830178e-06, 0.999987543, -0.0049891118, -0.999112546, 0.000204796132, 0.0421191491},{-2.4517056941986084, 0.31507351994514465, 56.61581039428711},{-2.2801289558410645, -0.31640511751174927, 56.59023666381836},{-2.382026433944702, 1.103007435798645, 56.627140045166016},{-2.389366388320923, -1.1142578125, 56.60152053833008},{0},{1},{0}},{{2250.198, 197.927216, 628.737671, 0.0424162932, 0.0050141965, 0.999087453, -4.21027471e-05, 0.999987423, -0.00501692574, -0.999100029, 0.00017073506, 0.0424159691},{-2.4785890579223633, 0.3203210234642029, 57.495574951171875},{-2.3448641300201416, -0.32249242067337036, 57.4835205078125},{-2.4390311241149902, 1.1294716596603394, 57.50502395629883},{-2.442702293395996, -1.135225534439087, 57.487178802490234},{0},{1},{0}},{{2244.31543, 197.929947, 628.486633, 0.0424172059, 0.00491648586, 0.99908787, 0.00022029721, 0.999987841, -0.00493026711, -0.99909997, 0.000429224427, 0.042415604},{-2.508950710296631, 0.31457722187042236, 58.30768966674805},{-2.397876024246216, -0.32112303376197815, 58.319705963134766},{-2.468071699142456, 1.1135475635528564, 58.350868225097656},{-2.484042167663574, -1.1455801725387573, 58.307579040527344},{0},{1},{0}},{{2238.34253, 197.92955, 628.231873, 0.042564176, 0.00499770464, 0.999081254, 0.000134887683, 0.999987423, -0.00500798458, -0.999093711, 0.000347924477, 0.0425629653},{-2.5491437911987305, 0.31757572293281555, 59.21596908569336},{-2.4484763145446777, -0.3147161304950714, 59.23613739013672},{-2.519866704940796, 1.1389057636260986, 59.25642776489258},{-2.526420831680298, -1.1614733934402466, 59.224124908447266},{0},{1},{0}},{{2232.27808, 197.928391, 627.972595, 0.0426401012, 0.00514125451, 0.99907726, -0.000112560345, 0.999986768, -0.00514113111, -0.999090493, 0.000106761872, 0.0426401161},{-2.5921976566314697, 0.3283940851688385, 60.12590408325195},{-2.2238636016845703, -0.3468312919139862, 60.07925033569336},{-2.567943572998047, 1.1812628507614136, 60.15980529785156},{-2.5725085735321045, -1.182595133781433, 60.14889144897461},{0},{1},{0}},{{2225.77808, 197.924973, 627.691528, 0.0431011431, 0.00350515288, 0.999064565, -0.000665480038, 0.999993742, -0.0034797031, -0.999070466, -0.000514878309, 0.0431032069},{-2.7195041179656982, 0.4742494821548462, 61.02086639404297},{-2.486743927001953, -0.4154323935508728, 61.10360336303711},{-2.6417148113250732, 1.1521166563034058, 61.1116828918457},{-2.6104812622070312, -1.150748372077942, 61.03978729248047},{0},{1},{0}},{{2219.53345, 197.918732, 627.424805, 0.0427624434, -0.000527952507, 0.999085128, 0.000998354866, 0.999999404, 0.000485704426, -0.999084771, 0.000976671581, 0.0427629463},{-2.9431371688842773, 0.6539013981819153, 61.97300338745117},{-2.513901948928833, -0.7915854454040527, 61.88382339477539},{-2.6720492839813232, 1.0307886600494385, 61.810302734375},{-2.5394253730773926, -1.044173240661621, 61.97541809082031},{0},{1},{0}},{{2213.55737, 197.909027, 627.168457, 0.0424848124, -0.000945752079, 0.999096692, -0.000124504455, 0.999999523, 0.000951901078, -0.999097109, -0.000164833327, 0.0424846746},{-2.7342116832733154, 0.8696047067642212, 62.81583786010742},{-2.6403329372406006, -0.9468103647232056, 62.72906494140625},{-2.7351901531219482, 1.1490402221679688, 62.696746826171875},{-2.5888431072235107, -1.0753909349441528, 62.88090133666992},{0},{1},{0}},{{2207.13989, 197.908127, 626.894165, 0.0425620191, -0.000287268369, 0.999093771, -0.00048773759, 0.999999821, 0.0003083068, -0.999093711, -0.00050041778, 0.0425618738},{-2.719309091567993, 0.9156324863433838, 63.619876861572266},{-3.3778669834136963, -0.840794563293457, 63.1431999206543},{-2.96307635307312, 1.062300205230713, 63.97384262084961},{-2.6505825519561768, -1.1635382175445557, 63.61713790893555},{0},{1},{0}},{{2200.26782, 197.911423, 626.601318, 0.0426371023, 6.20174251e-05, 0.999090612, -0.000987517415, 0.999999523, -1.99306378e-05, -0.999090135, -0.000985769671, 0.0426371433},{-2.758268356323242, 0.9056982398033142, 64.47285461425781},{-2.7409327030181885, -0.8273524641990662, 64.58172607421875},{-2.391777753829956, 1.3258088827133179, 69.2531509399414},{-2.726252555847168, -1.1603032350540161, 64.51622772216797},{0},{1},{0}},{{2193.29419, 197.912247, 626.304626, 0.0427845046, 8.96086058e-05, 0.999084294, 0.000132516681, 1, -9.53655908e-05, -0.999084294, 0.000136475501, 0.0427844934},{-3.036564350128174, 0.7430464625358582, 65.75117492675781},{-2.746706247329712, -0.8449607491493225, 65.4951400756836},{-2.8532862663269043, 1.1945247650146484, 65.51522827148438},{-2.5701968669891357, -1.0647639036178589, 65.8833236694336},{0},{1},{0}},{{2186.59204, 197.908188, 626.01886, 0.0426955372, -0.000194699664, 0.999088109, 0.000502018316, 0.999999881, 0.000173423832, -0.999087989, 0.000494156149, 0.0426956266},{-2.82867431640625, 0.9553661942481995, 66.3802719116211},{-2.831120252609253, -0.9703218936920166, 66.42554473876953},{-2.8569183349609375, 1.2517633438110352, 66.42438507080078},{-2.8228306770324707, -1.294136643409729, 66.40452575683594},{0},{1},{0}},{{2179.79639, 197.913147, 625.729126, 0.0427000858, -0.000362767285, 0.99908787, -0.000276909355, 0.999999881, 0.000374933297, -0.99908787, -0.00029266646, 0.0426999815},{-2.8730032444000244, 0.9426652193069458, 67.38140106201172},{-2.850045680999756, -0.859175980091095, 67.47863006591797},{-2.9442999362945557, 1.1647348403930664, 67.48939514160156},{-2.8550667762756348, -1.2295732498168945, 67.3103256225586},{0},{1},{0}},{{2171.36475, 197.908585, 625.368591, 0.0427154824, -0.000237556378, 0.999087274, -0.000646576227, 0.999999762, 0.000265417388, -0.999087095, -0.000657323515, 0.0427153185},{-2.905773401260376, 0.9947978258132935, 68.4651870727539},{-2.930652618408203, -0.9635842442512512, 68.43474578857422},{-2.924826145172119, 1.3114181756973267, 68.44990539550781},{-2.926896810531616, -1.2619887590408325, 68.47301483154297},{0},{1},{0}},{{2163.96851, 197.908356, 625.053101, 0.042661678, -0.0011841401, 0.999088883, -0.000227776414, 0.999999285, 0.0011949453, -0.999089539, -0.000278547261, 0.0426613763},{-2.9444823265075684, 1.076133370399475, 69.44580078125},{-2.9782867431640625, -1.0610463619232178, 69.4385757446289},{-2.9619741439819336, 1.274843454360962, 69.43086242675781},{-2.9685165882110596, -1.2474361658096313, 69.46395111083984},{0},{1},{0}},{{2156.86475, 197.905273, 624.750122, 0.0426421016, -0.00193781359, 0.999088526, -0.000184051314, 0.999998093, 0.00194743322, -0.999090374, -0.000266926188, 0.0426416658},{-2.990895986557007, 1.1847152709960938, 70.36497497558594},{-3.0132696628570557, -1.1674730777740479, 70.36673736572266},{-3.0055739879608154, 1.285935640335083, 70.35250091552734},{-3.0012636184692383, -1.264670968055725, 70.37670135498047},{0},{1},{0}},{{2149.66797, 197.901733, 624.442932, 0.0426105298, -0.00263215764, 0.999088287, -0.000204413576, 0.999996483, 0.00264326856, -0.999091744, -0.000316858292, 0.0426098444},{-3.022613525390625, 1.3005115985870361, 71.2877426147461},{-3.056094169616699, -1.2817353010177612, 71.28179168701172},{-3.0506224632263184, 1.3036870956420898, 71.27705383300781},{-3.0300235748291016, -1.2905075550079346, 71.28175354003906},{0},{1},{0}},{{2142.37793, 197.899109, 624.132019, 0.0425886586, -0.00317407306, 0.999087632, -0.000284509413, 0.999994874, 0.00318908319, -0.999092638, -0.000420068623, 0.0425875373},{-3.054250478744507, 1.3947596549987793, 72.20137023925781},{-3.0995171070098877, -1.3715007305145264, 72.19845581054688},{-3.0827715396881104, 1.331342101097107, 72.17666625976562},{-3.076335906982422, -1.3041727542877197, 72.20255279541016},{0},{1},{0}},{{2134.58301, 197.903275, 623.797607, 0.0430518053, -0.00336565077, 0.999067187, 0.000988849672, 0.99999398, 0.00332616153, -0.999072373, 0.000844729948, 0.0430548713},{-3.1124536991119385, 1.3366658687591553, 73.2191162109375},{-2.962782859802246, -1.3088899850845337, 73.4239501953125},{-2.810009479522705, 1.3692878484725952, 78.21241760253906},{-3.1277387142181396, -1.2933918237686157, 73.21441650390625},{0},{1},{0}},{{2127.1001, 197.910583, 623.475586, 0.0428327657, -0.000386391941, 0.999082208, 3.17204067e-05, 0.99999994, 0.000385386957, -0.999082267, 1.5184105e-05, 0.0428327732},{-3.3833861351013184, 0.91408371925354, 74.42543029785156},{-3.196683645248413, -1.0415383577346802, 74.1548843383789},{-3.264341354370117, 1.3425296545028687, 74.10945129394531},{-2.931386947631836, -1.182358741760254, 74.56649780273438},{0},{1},{0}},{{2119.94434, 197.912766, 623.168396, 0.0426297076, 0.00110569876, 0.999090314, -0.000569606083, 0.999999225, -0.00108240033, -0.999090791, -0.000522945484, 0.0426303074},{-3.2116730213165283, 0.9148983955383301, 75.0171127319336},{-3.8385472297668457, -0.8305619359016418, 74.54474639892578},{-3.4660401344299316, 1.2852073907852173, 75.41809844970703},{-3.1390106678009033, -1.3929979801177979, 75.0357894897461},{0},{1},{0}},{{2112.70264, 197.912018, 622.85968, 0.0426194556, 0.000439136609, 0.999091268, -0.000396909512, 0.999999821, -0.000422604498, -0.999091327, -0.000378537661, 0.0426196232},{-2.5576133728027344, 0.9419651627540588, 75.5253677368164},{-3.19779634475708, -0.9408282041549683, 75.93207550048828},{-3.267827272415161, 1.4089504480361938, 75.92451477050781},{-4.0061750411987305, -1.537001132965088, 80.94998931884766},{0},{1},{0}},{{2104.50879, 197.909561, 622.510437, 0.0425143801, -0.000313234719, 0.999095798, 0.000108013679, 0.99999994, 0.00030892191, -0.999095857, 9.47823937e-05, 0.0425144099},{-3.306786298751831, 1.0895411968231201, 76.90798950195312},{-3.068070650100708, -0.9609683752059937, 77.20037078857422},{-3.363088846206665, 1.3712420463562012, 77.05326080322266},{-3.230386257171631, -1.4432637691497803, 76.90057373046875},{0},{1},{0}},{{2096.20703, 197.90918, 622.155884, 0.0424656756, -0.000359851256, 0.999097884, -0.000233523882, 0.999999881, 0.000370101858, -0.999097884, -0.000249029836, 0.0424655899},{-3.311985731124878, 1.1023491621017456, 77.96395874023438},{-4.006978988647461, -1.0507264137268066, 77.44606018066406},{-2.9857683181762695, 1.585062026977539, 83.09601593017578},{-3.26762056350708, -1.416813611984253, 77.93146514892578},{0},{1},{0}},{{2088.68799, 197.908752, 621.836182, 0.0424553156, -0.000158902665, 0.999098361, -0.000402197562, 0.999999881, 0.000176136877, -0.999098301, -0.000409312866, 0.0424552448},{-2.6241295337677, 1.0706230401992798, 78.34496307373047},{-3.3507611751556396, -1.0688660144805908, 78.81549072265625},{-3.423227310180664, 1.4745147228240967, 78.80314636230469},{-3.1139237880706787, -1.2904367446899414, 79.2483901977539},{0},{1},{0}},{{2080.63281, 197.909607, 621.494873, 0.0424098708, -7.72576022e-05, 0.999100268, -0.000138384567, 1, 8.32013247e-05, -0.999100268, -0.000141788609, 0.0424098596},{-3.3832054138183594, 1.1408686637878418, 79.740234375},{-3.358196973800659, -1.045681357383728, 79.93878936767578},{-3.450138568878174, 1.4771161079406738, 79.8390121459961},{-3.3358640670776367, -1.5088169574737549, 79.75387573242188},{0},{1},{0}},{{2072.48047, 197.90921, 621.14917, 0.0421807654, -6.78461729e-05, 0.999109983, -0.000271120982, 0.99999994, 7.93528889e-05, -0.999